1       15        5      515
2        6        7      367
3       15        5      470
4        5        3      462
5       15        6      448
6        9        4      296
7       14        1      458
8        5        3      100
9       12        6      165
10       12        3      513
11        3        9       34
12        9        2      208
13        9        2      502
14        3        4      432
15        7        7      495
16        4        6      206
17       11        4      383
18       14        6      464
19       11        7      365
20       12        2      506
21        7        6      248
22        3        5       25
23       14        5      357
24        6        3      408
25       11        1      186
26       13        1      465
27        5        7      436
28       15        7       19
29        7        3      209
30        8        1      307
31        9        7      140
32        6        4      213
33        6        9       82
34        5        2       80
35       10        9      441
36        4        8       55
37        6        5      334
38       10        3      547
39       11        8      534
40        5        2      393
41        6        4      248
42       10        1       72
43        8        2      401
44        8        8      100
45       15        8      179
46        9        4      240
47        7        1      509
48        7        3      334
49       13        2      543
50        4        4      366
51       15        2       55
52        7        1       94
53       14        1      150
54        6        8      422
55       10        9      491
56       13        5      224
57       12        4      418
58        4        5      343
59       11        1       23
60       12        1      315
61        3        7       82
62       14        2      102
63       13        9      432
64       13        3      177
65        3        5      397
66        3        9      205
67       14        3      388
68       13        9        7
69       13        6      262
70        9        9      148
71        6        5      272
72       10        1      535
73       13        2      416
74       10        9      511
75       13        6      259
76       12        1      162
77        7        7      115
78       12        6       23
79        8        9       34
80        3        1      201
81       15        3      479
82        4        7      270
83        4        5      301
84        8        9      285
85       15        3      129
86        9        6      397
87        6        7      306
88       12        2      389
89       15        1      228
90       14        2      432
91        3        8      177
92        4        3      337
93       14        1       10
94       12        2      501
95       15        5      224
96        7        5      221
97       11        4      491
98        8        3      400
99        4        8        0
100        4        9      456
101       15        7      429
102        5        5      227
103        4        6      527
104       11        3      533
105        4        7      117
106        6        6      204
107       11        2      367
108        7        9      385
109        3        9      413
110       11        6      367
111        4        5      198
112        7        7      406
113       12        4      438
114       12        2      102
115       13        9      232
116       13        4      400
117        6        2      256
118        4        2       38
119       14        5      451
120       13        7      191
121       14        6      136
122        9        9       68
123       12        2      409
124       11        4      268
125        3        1      128
126       13        7      328
127        6        6      291
128       10        7       79
129       14        6      117
130        5        8      337
131       10        4       83
132       11        8      224
133        6        8      526
134        6        4      392
135       11        1      315
136        8        5       76
137       10        7      112
138        4        5       41
139       12        4       76
140       10        9      282
141       13        6      106
142        3        8      320
143       14        3       18
144       13        6       95
145        8        7      541
146       14        7      384
147       12        7      350
148        3        5      159
149       13        2      107
150       13        5      154
151        8        7      548
152       15        1      549
153        5        6        5
154       15        7       28
155       14        5      471
156       15        3      357
157       15        6       61
158        6        5      264
159        3        6      385
160        8        9      528
161       13        4      339
162        8        9      246
163       10        1      263
164       13        9      456
165       11        6       14
166       15        8      396
167        8        5      139
168        7        1      180
169       14        8      489
170        5        5      365
171       15        8      116
172       11        9      261
173       10        7      513
174       11        7      208
175       15        8      556
176        9        6       10
177       15        7      268
178       12        9      516
179        8        3      553
180       11        9      162
181        8        3      412
182        4        6       16
183       14        3       46
184        6        6       65
185       15        5      451
186       14        5      511
187        8        3       82
188       14        4       68
189        7        4        9
190        8        1      539
191        6        6      385
192        9        1       72
193        4        5      444
194        8        4       89
195       10        7      450
196       11        2      119
197       12        5      344
198       15        2      151
199        5        2      105
200        4        5      117
