1     12     18     256
2     36     47     23
3     30     44     0
4     24     38     295
5     28     5     1
6     36     5     9
7     49     37     265
8     34     48     64
9     20     44     209
10     4     49     48
11     14     12     151
12     38     33     230
13     33     48     46
14     8     7     198
15     36     18     39
16     44     41     242
17     15     16     69
18     7     35     194
19     15     45     60
20     24     32     2
21     38     1     110
22     43     5     38
23     18     33     3
24     24     31     132
25     47     28     25
26     29     37     34
27     4     43     66
28     40     43     295
29     49     43     21
30     26     15     269
31     44     11     24
32     45     24     84
33     43     13     229
34     36     6     2
35     25     22     49
36     17     48     66
37     11     30     126
38     1     48     70
39     8     3     314
40     7     8     68
41     22     31     25
42     25     6     280
43     44     46     46
44     12     48     214
45     10     17     79
46     31     42     99
47     44     18     222
48     9     35     22
49     28     20     250
50     45     27     51
51     6     28     290
52     15     40     50
53     48     25     125
54     34     46     14
55     14     42     111
56     43     30     208
57     16     38     37
58     11     46     40
59     22     45     269
60     35     4     40
61     1     43     173
62     9     38     38
63     8     17     97
64     28     19     293
65     21     45     44
66     26     15     22
67     12     41     272
68     11     1     73
69     25     7     82
70     32     27     90
71     32     16     304
72     34     36     33
73     37     28     236
74     13     2     50
75     16     20     192
76     8     38     2
77     32     42     70
78     42     13     254
79     8     10     20
80     26     30     282
81     44     10     71
82     39     9     316
83     49     10     44
84     2     47     226
85     25     40     7
86     13     47     200
87     16     10     51
88     4     6     123
89     44     22     141
90     21     5     267
91     49     19     31
92     18     9     223
93     31     33     49
94     27     38     303
95     14     22     0
96     24     5     248
97     36     33     57
98     27     9     59
99     26     40     237
100     24     36     30
