1     38     12     193
2     42     36     66
3     12     31     268
4     49     30     52
5     30     9     237
6     23     7     13
7     45     12     88
8     36     47     85
9     33     46     101
10     17     4     180
11     9     29     55
12     44     38     270
13     37     32     54
14     31     43     276
15     47     42     54
16     3     39     104
17     35     8     234
18     17     48     26
19     43     41     19
20     38     35     193
21     49     30     69
22     34     3     61
23     28     49     18
24     32     21     61
25     39     5     107
26     30     34     224
27     49     11     35
28     32     7     175
29     31     44     7
30     15     6     110
31     18     19     265
32     3     9     7
33     38     16     9
34     9     5     280
35     39     27     20
36     29     34     137
37     33     11     57
38     30     3     154
39     9     49     44
40     2     1     232
41     20     40     67
42     31     1     247
43     25     40     65
44     9     49     53
45     44     3     226
46     36     2     19
47     27     32     213
48     12     11     24
49     12     31     287
50     9     42     39
51     36     31     3
52     5     49     286
53     15     19     56
54     33     27     216
55     20     42     47
56     6     30     57
57     6     14     0
58     39     9     159
59     37     43     41
60     36     22     173
61     19     18     53
62     11     22     38
63     4     45     211
64     6     32     5
65     9     2     208
66     10     49     37
67     25     43     239
68     49     35     17
69     10     15     260
70     29     32     73
71     4     11     130
72     13     45     268
73     1     29     25
74     8     26     238
75     1     17     53
76     31     22     54
77     12     42     247
78     18     6     59
79     19     18     96
80     7     17     47
81     18     16     242
82     27     9     22
83     13     19     82
84     16     26     73
85     13     33     152
86     12     33     62
87     33     8     7
88     39     39     80
89     46     13     117
90     20     48     60
91     48     15     205
92     43     17     39
93     6     34     149
94     18     22     150
95     6     2     43
96     16     26     195
97     14     48     75
98     12     41     298
99     43     20     48
100     18     12     119
