10.008     632     594.875
10.007     634     594.875
10.007     634     594.875
10.008     632     594.875
10.008     634     594.875
10.008     634     594.875
10.008     632     594.875
10.007     634     594.875
10.007     634     594.875
10.008     634     594.875
             
10.006     607     552.125
10.007     593     552.125
10.007     593     552.125
10.006     607     552.125
10.007     607     552.125
10.007     607     552.125
10.006     607     552.125
10.007     593     552.125
10.007     593     552.125
10.007     607     552.125
             
10.005     635     604.125
10.001     644     604.125
10.001     644     604.125
10.005     635     604.125
10.005     644     604.125
10.005     644     604.125
10.005     635     604.125
10.001     644     604.125
10.001     644     604.125
10.005     644     604.125
             
10.005     612     567.375
10.001     610     567.375
10.001     610     567.375
10.005     612     567.375
10.005     612     567.375
10.005     612     567.375
10.005     612     567.375
10.001     610     567.375
10.001     610     567.375
10.005     612     567.375
             
10.003     624     584
10.001     619     584
10.001     619     584
10.003     624     584
10.003     624     584
10.003     624     584
10.003     624     584
10.001     619     584
10.001     619     584
10.003     624     584
             
10.001     660     615.875
10.004     661     615.875
10.004     661     615.875
10.001     660     615.875
10.004     661     615.875
10.004     661     615.875
10.001     660     615.875
10.004     661     615.875
10.004     661     615.875
10.004     661     615.875
             
10.006     619     588
10.005     626     588
10.005     626     588
10.006     619     588
10.006     626     588
10.006     626     588
10.006     619     588
10.005     626     588
10.005     626     588
10.006     626     588
             
10.010     646     605.75
10.005     653     605.75
10.005     653     605.75
10.010     646     605.75
10.010     653     605.75
10.010     653     605.75
10.010     646     605.75
10.005     653     605.75
10.005     653     605.75
10.010     653     605.75
             
10.005     672     636
10.007     663     636
10.007     663     636
10.005     672     636
10.007     672     636
10.007     672     636
10.005     672     636
10.007     663     636
10.007     663     636
10.007     672     636
             
10.002     643     589
10.006     640     589
10.006     640     589
10.002     643     589
10.006     643     589
10.006     643     589
10.002     643     589
10.006     640     589
10.006     640     589
10.006     643     589
             
