10.001     1195     1140.75
10.001     1209     1140.75
10.001     1209     1140.75
10.001     1195     1140.75
10.001     1209     1140.75
10.001     1209     1140.75
10.001     1195     1140.75
10.001     1209     1140.75
10.001     1209     1140.75
10.001     1209     1140.75
             
10.001     1189     1138.13
10.001     1196     1138.13
10.001     1196     1138.13
10.001     1189     1138.13
10.001     1196     1138.13
10.001     1196     1138.13
10.001     1189     1138.13
10.001     1196     1138.13
10.001     1196     1138.13
10.001     1196     1138.13
             
10.001     1218     1151.5
10.002     1214     1151.5
10.002     1214     1151.5
10.001     1218     1151.5
10.002     1218     1151.5
10.002     1218     1151.5
10.001     1218     1151.5
10.002     1214     1151.5
10.002     1214     1151.5
10.002     1218     1151.5
             
10.001     1153     1091.25
10.001     1164     1091.25
10.001     1164     1091.25
10.001     1153     1091.25
10.001     1164     1091.25
10.001     1164     1091.25
10.001     1153     1091.25
10.001     1164     1091.25
10.001     1164     1091.25
10.001     1164     1091.25
             
10.001     1255     1184.63
10.001     1261     1184.63
10.001     1261     1184.63
10.001     1255     1184.63
10.001     1261     1184.63
10.001     1261     1184.63
10.001     1255     1184.63
10.001     1261     1184.63
10.001     1261     1184.63
10.001     1261     1184.63
             
10.001     1196     1131.38
10.001     1223     1131.38
10.001     1223     1131.38
10.001     1196     1131.38
10.001     1223     1131.38
10.001     1223     1131.38
10.001     1196     1131.38
10.001     1223     1131.38
10.001     1223     1131.38
10.001     1223     1131.38
             
10.001     1204     1131.88
10.001     1216     1131.88
10.001     1216     1131.88
10.001     1204     1131.88
10.001     1216     1131.88
10.001     1216     1131.88
10.001     1204     1131.88
10.001     1216     1131.88
10.001     1216     1131.88
10.001     1216     1131.88
             
10.001     1161     1097
10.001     1174     1097
10.001     1174     1097
10.001     1161     1097
10.001     1174     1097
10.001     1174     1097
10.001     1161     1097
10.001     1174     1097
10.001     1174     1097
10.001     1174     1097
             
10.001     1257     1153.5
10.001     1240     1153.5
10.001     1240     1153.5
10.001     1257     1153.5
10.001     1257     1153.5
10.001     1257     1153.5
10.001     1257     1153.5
10.001     1240     1153.5
10.001     1240     1153.5
10.001     1257     1153.5
             
10.001     1174     1148.25
10.001     1201     1148.25
10.001     1201     1148.25
10.001     1174     1148.25
10.001     1201     1148.25
10.001     1201     1148.25
10.001     1174     1148.25
10.001     1201     1148.25
10.001     1201     1148.25
10.001     1201     1148.25
             
