1        9        5      105
2        8        9      269
3       14        9      216
4       10        8       42
5        9        5       20
6        9        7      188
7        4        3       45
8        7        2      224
9       12        9      121
10       10        3      231
11       12        7      139
12       10        3      261
13        4        2      178
14       13        1       41
15        7        6       41
16        7        3      126
17        5        2      148
18       15        9      103
19       10        9      259
20       10        2      150
21       11        1      128
22        8        5       99
23        5        3      276
24       14        4      136
25       14        7       41
26       12        7       67
27       13        2       18
28        5        3      105
29       10        3       78
30       12        9       22
31       12        8      218
32        6        1      262
33       14        6       39
34       11        5       59
35        3        8      217
36        9        2       85
37       15        6      145
38        4        2      230
39       13        8      152
40       14        3      123
41        8        8       51
42       15        4      270
43       14        4      198
44        9        6      145
45        7        4       29
46        4        9      133
47        8        8      199
48       10        2      245
49        6        9      139
50       15        9      262
51        4        6       86
52        3        2      152
53        6        7       32
54        3        4       66
55       12        8       22
56       11        2      109
57        7        4      272
58        7        9      265
59        6        2      234
60        7        2      255
61       10        5      124
62       15        3      265
63        4        9      274
64       11        1      230
65       15        9      178
66        3        2      168
67       10        6      197
68       15        9      191
69        8        4       27
70        6        1      207
71        8        3        8
72       12        8      136
73        8        4      169
74       13        7      251
75        6        8      154
76        5        3       34
77        8        5      179
78        6        1       61
79        8        7       40
80        5        4       96
81        9        8       70
82       15        9       61
83        4        4       70
84        7        8      238
85        6        8       63
86        3        9      222
87        9        8      264
88       11        1      184
89       14        3      252
90       12        8      205
91        6        8      161
92        8        1       45
93       14        1      242
94        6        3      158
95       12        2      106
96       15        3      171
97       15        2      195
98       14        5       48
99        5        5       53
100        5        7       51
