1        4        7        5
2       10        6      162
3        3        3       60
4       14        7      199
5       12        5       76
6        6        9       30
7        6        4       55
8        3        1      142
9        5        9      114
10        8        7      189
11       15        7      132
12        9        7      136
13        3        5        4
14       10        7       10
15        9        6       55
16       13        9      138
17       12        3       82
18        3        4      166
19        3        9       54
20       13        7      110
21       12        1      127
22        4        1      146
23       14        9       51
24        7        9       83
25        9        4      220
26       13        4      176
27        7        1      121
28       13        2       38
29        6        8      216
30        7        9      165
31        8        5      164
32        7        9       96
33       11        5       49
34        8        5      130
35       15        5      150
36        7        9       16
37        6        4       78
38        4        8      195
39        7        4       72
40        5        5      123
41       15        2      144
42        6        3      151
43       14        2       94
44       10        5       97
45       14        8      101
46       15        4      194
47        5        5      158
48        7        6       65
49       10        7      191
50        8        2       31
51        6        6      162
52        9        2       32
53       12        1       37
54       11        3      202
55       10        6      140
56        9        6       70
57        8        1       73
58        7        2      221
59        7        5      154
60        7        7       41
61       12        2      186
62       11        6       89
63        3        1       90
64       10        5       46
65        7        1      122
66        5        3       39
67        6        8      191
68        4        2       45
69        8        1       51
70       12        6       31
71        5        4      116
72        7        9      149
73       10        5        5
74       13        4      105
75       10        2       48
76        4        8      208
77       15        7       99
78       15        3      131
79       14        9       11
80        4        3       72
81        5        4      127
82       12        5      195
83        6        8      177
84        7        4      202
85       10        4       99
86        6        1      125
87       12        5      181
88        5        8      170
89       10        9       65
90       10        5      102
91       15        7      103
92       15        6       39
93       15        6      173
94        3        2      121
95        5        2      169
96       12        2      208
97       11        6      170
98       12        2       26
99        8        8      190
100       13        4      103
