1        6        1      185
2       13        7      171
3       12        6       82
4        4        2      155
5        7        6      214
6       11        1       82
7       11        4      134
8        3        4      193
9       10        5      187
10       15        1       34
11        7        3      157
12       11        2        8
13        5        1      127
14       14        7      195
15        3        1      205
16        5        7       94
17       13        4      174
18       15        6      135
19        6        1      176
20        3        2      194
21        4        3      118
22        6        6      142
23        7        4      186
24       11        6      108
25        5        9       36
26       12        8        7
27        9        6      138
28        7        8      173
29        8        9      207
30        8        5       88
31       15        8      191
32       13        2      184
33        5        9       83
34        7        2       31
35       14        4       45
36        6        3      128
37       13        9       34
38       14        6      122
39        3        8       15
40       12        6      196
41       11        7       21
42        8        6      132
43       12        3       95
44        7        1        9
45        4        4      201
46        9        4       97
47        8        4      164
48        6        1      167
49        5        8       72
50        3        3      220
51       10        5       44
52        5        9       39
53       12        2      164
54       15        3      142
55       10        9       58
56        5        5      139
57       12        5      204
58       13        5      162
59       14        5        1
60        4        7      142
61       11        8       24
62       13        5      215
63       12        3       82
64        5        5      173
65        6        9       71
66        7        3        6
67       13        5       18
68       15        3      166
69       10        6       44
70        9        8       36
71       10        9      208
72       15        8       64
73        8        9      196
74        9        5      202
75        8        8      181
76        3        5      140
77       10        9      107
78       14        5       83
79        8        5      157
80        3        8      171
81        6        4      144
82        7        3      134
83       13        8      101
84        5        4      176
85        9        1      198
86        4        3      149
87        4        7      198
88        5        5      199
89       15        3       60
90        9        1       69
91       12        8      129
92       12        5       53
93       10        4       47
94       10        1       79
95        3        5       91
96       13        5      194
97        4        1      126
98       12        5      134
99        4        4      202
100        6        7      213
