1     70     129     298
2     85     141     601
3     61     19     39
4     15     111     328
5     55     106     97
6     28     14     583
7     76     85     14
8     51     16     198
9     6     50     613
10     58     133     130
11     52     103     344
12     85     91     114
13     80     94     243
14     64     50     420
15     16     60     108
16     67     193     449
17     97     82     95
18     76     42     407
19     87     24     89
20     9     178     90
21     23     26     603
22     24     50     45
23     77     2     324
24     83     125     70
25     91     115     45
26     90     184     321
27     83     37     110
28     4     113     100
29     68     57     176
30     23     39     394
31     76     199     96
32     99     127     595
33     6     141     63
34     29     8     271
35     64     30     147
36     13     188     248
37     9     64     79
38     94     26     285
39     21     121     18
40     15     135     33
41     9     175     300
42     34     199     593
43     39     76     37
44     9     194     20
45     82     86     143
46     84     114     392
47     42     174     54
48     16     36     153
49     69     125     336
50     46     17     95
51     32     96     181
52     35     168     494
53     41     103     131
54     76     63     80
55     75     73     470
56     75     154     81
57     8     144     179
58     30     72     474
59     39     102     153
60     11     150     335
61     91     92     117
62     76     77     158
63     14     199     604
64     9     184     88
65     88     164     555
66     13     106     134
67     9     109     384
68     44     92     120
69     19     173     285
70     57     124     30
71     73     54     328
72     29     105     13
73     90     175     190
74     80     42     209
75     11     189     486
76     95     66     128
77     56     17     57
78     25     104     129
79     5     96     137
80     54     49     5
81     95     98     305
82     2     144     181
83     54     106     164
84     49     98     517
85     31     164     29
86     69     115     613
87     82     109     49
88     69     163     346
89     53     199     138
90     71     83     210
91     43     84     292
92     42     84     440
93     35     48     144
94     30     48     180
95     43     2     537
96     53     27     37
97     50     187     310
98     59     130     107
99     9     70     540
100     59     175     123
