1     65     128     268
2     65     48     569
3     37     151     18
4     41     50     595
5     2     189     46
6     65     96     441
7     33     123     24
8     69     160     528
9     30     181     47
10     29     156     300
11     73     170     435
12     75     173     6
13     79     193     456
14     11     199     123
15     30     27     384
16     75     78     157
17     80     39     94
18     83     174     19
19     50     158     27
20     75     135     304
21     42     70     168
22     72     57     608
23     40     166     94
24     15     6     181
25     64     179     148
26     2     58     277
27     54     149     141
28     97     53     214
29     58     59     350
30     59     52     97
31     70     145     503
32     48     155     158
33     60     56     457
34     65     110     33
35     27     169     114
36     37     115     94
37     7     178     335
38     49     9     40
39     85     105     210
40     24     6     617
41     21     85     151
42     10     45     467
43     65     71     148
44     62     73     346
45     71     36     76
46     75     151     107
47     73     8     413
48     41     187     47
49     52     13     353
50     56     152     21
51     66     30     79
52     7     195     45
53     95     114     125
54     85     134     26
55     1     174     504
56     74     192     7
57     27     160     224
58     83     128     446
59     58     129     157
60     3     9     348
61     9     3     54
62     37     175     603
63     58     163     110
64     83     97     468
65     35     82     22
66     95     189     515
67     45     137     94
68     62     116     495
69     59     18     28
70     75     69     185
71     87     130     342
72     76     40     145
73     80     90     504
74     57     146     153
75     26     51     330
76     64     86     159
77     14     168     631
78     61     31     73
79     59     50     380
80     61     99     134
81     77     37     468
82     37     24     37
83     43     143     631
84     14     6     72
85     4     100     383
86     56     104     106
87     94     143     171
88     80     29     430
89     75     23     118
90     14     124     448
91     37     119     89
92     93     101     364
93     22     161     11
94     42     181     522
95     29     128     44
96     1     65     3
97     89     146     49
98     43     166     249
99     44     147     493
100     4     160     113
