1     18     150     292
2     22     66     72
3     89     31     287
4     90     143     326
5     80     26     21
6     57     68     338
7     31     188     27
8     33     32     298
9     75     146     244
10     14     140     501
11     82     110     23
12     54     156     240
13     50     4     35
14     95     15     591
15     71     39     129
16     24     185     480
17     23     79     12
18     94     105     330
19     67     9     81
20     92     100     432
21     4     195     129
22     30     184     564
23     2     4     138
24     28     23     310
25     14     151     145
26     99     121     2
27     39     29     451
28     8     175     109
29     54     152     346
30     52     102     81
31     4     8     312
32     76     25     96
33     78     189     327
34     9     61     137
35     56     133     56
36     13     59     154
37     17     101     210
38     67     88     559
39     48     55     81
40     30     36     99
41     28     97     438
42     54     62     139
43     21     18     482
44     55     153     53
45     40     194     217
46     38     95     73
47     73     91     218
48     27     9     378
49     28     61     127
50     39     34     456
51     98     29     87
52     53     113     503
53     97     152     100
54     65     31     424
55     53     174     27
56     42     160     597
57     68     149     134
58     1     18     350
59     55     121     30
60     16     50     310
61     15     40     132
62     23     22     582
63     15     86     113
64     45     88     497
65     68     134     19
66     45     95     245
67     78     128     247
68     28     136     419
69     42     132     121
70     89     140     2
71     94     85     486
72     45     122     5
73     72     11     280
74     20     123     197
75     77     24     297
76     18     108     572
77     52     86     26
78     26     143     229
79     63     119     1
80     78     71     387
81     62     79     102
82     92     161     272
83     98     175     603
84     85     163     71
85     92     112     595
86     78     83     24
87     65     22     433
88     18     126     111
89     21     76     238
90     58     9     17
91     22     115     530
92     16     143     138
93     80     27     411
94     6     47     103
95     41     96     298
96     96     8     478
97     8     16     0
98     9     76     367
99     40     62     136
100     41     174     514
