10.001     2137     2104
10.007     2137     2104
10.007     2137     2104
10.001     2146     2104
10.007     2137     2104
10.007     2137     2104
10.001     2146     2104
10.007     2137     2104
10.007     2137     2104
10.001     2137     2104
             
10.002     2221     2105
10.015     2221     2105
10.015     2226     2105
10.002     2221     2105
10.015     2206     2105
10.015     2206     2105
10.002     2221     2105
10.015     2226     2105
10.015     2221     2105
10.002     2221     2105
             
0.328     2065     2065
1.807     2065     2065
1.807     2065     2065
0.328     2065     2065
1.807     2065     2065
1.807     2065     2065
0.328     2065     2065
1.807     2065     2065
1.807     2065     2065
0.328     2065     2065
             
10.003     1842     1772.8
10.019     1831     1772.8
10.019     1831     1772.8
10.003     1842     1772.8
10.019     1842     1772.8
10.019     1842     1772.8
10.003     1842     1772.8
10.019     1831     1772.8
10.019     1831     1772.8
10.003     1831     1772.8
             
0.109     2149     2149
0.126     2149     2149
0.126     2149     2149
0.109     2149     2149
0.126     2149     2149
0.126     2149     2149
0.109     2149     2149
0.126     2149     2149
0.126     2149     2149
0.109     2149     2149
             
10.015     2227     2212
10.013     2236     2212
10.013     2227     2212
10.015     2227     2212
10.015     2236     2212
10.015     2236     2212
10.015     2227     2212
10.013     2227     2212
10.013     2236     2212
10.013     2227     2212
             
5.678     2027     2027
0.406     2027     2027
0.406     2027     2027
5.678     2027     2027
5.678     2027     2027
5.678     2027     2027
5.678     2027     2027
0.406     2027     2027
0.406     2027     2027
0.406     2027     2027
             
0.459     1922     1922
2.457     1922     1922
2.457     1922     1922
0.459     1922     1922
2.457     1922     1922
2.457     1922     1922
0.459     1922     1922
2.457     1922     1922
2.457     1922     1922
0.459     1922     1922
             
0.012     2014     2014
0.01     2014     2014
0.01     2014     2014
0.012     2014     2014
0.012     2014     2014
0.012     2014     2014
0.012     2014     2014
0.01     2014     2014
0.01     2014     2014
0.01     2014     2014
             
0.009     2265     2265
0.009     2265     2265
0.009     2265     2265
0.009     2265     2265
0.009     2265     2265
0.009     2265     2265
0.009     2265     2265
0.009     2265     2265
0.009     2265     2265
0.009     2265     2265
             
