1     6     89     203
2     65     64     39
3     48     143     98
4     58     67     221
5     44     194     61
6     10     188     221
7     69     87     50
8     46     47     310
9     55     23     66
10     73     10     240
11     86     37     56
12     8     150     312
13     11     165     12
14     69     110     96
15     89     192     115
16     44     98     197
17     24     67     7
18     77     6     134
19     48     2     49
20     33     104     76
21     37     120     48
22     4     174     89
23     2     122     264
24     64     135     68
25     74     102     153
26     71     85     197
27     33     52     57
28     62     135     118
29     25     117     143
30     55     87     225
31     42     82     68
32     26     96     71
33     9     48     1
34     92     46     223
35     92     5     45
36     79     115     212
37     38     90     11
38     76     187     242
39     22     56     51
40     59     73     139
41     80     95     19
42     64     149     158
43     49     45     27
44     54     71     277
45     42     181     60
46     79     53     113
47     89     107     158
48     54     16     55
49     12     30     192
50     3     116     18
51     23     75     308
52     45     37     64
53     84     94     25
54     93     58     208
55     86     150     45
56     14     114     21
57     48     129     110
58     22     87     98
59     35     11     181
60     40     35     57
61     23     63     303
62     74     98     74
63     33     53     211
64     12     41     78
65     14     76     285
66     19     138     49
67     5     54     215
68     90     156     41
69     34     110     256
70     68     99     18
71     58     187     115
72     12     84     218
73     91     44     27
74     46     55     158
75     82     21     54
76     28     63     179
77     35     130     28
78     95     186     166
79     77     124     11
80     47     144     203
81     20     10     77
82     59     117     66
83     15     196     162
84     62     2     75
85     84     8     201
86     95     91     21
87     74     115     300
88     31     58     34
89     82     82     248
90     45     104     58
91     67     114     246
92     87     134     21
93     74     22     145
94     52     132     258
95     84     199     4
96     22     166     69
97     73     156     185
98     66     47     62
99     21     37     80
100     48     43     6
