1     91     7     1069
2     25     20     266
3     24     16     862
4     94     45     180
5     1     48     583
6     5     42     19
7     57     48     964
8     92     30     169
9     98     47     83
10     33     42     975
11     82     44     277
12     52     47     479
13     34     25     1062
14     95     31     67
15     20     39     1266
16     63     43     307
17     28     8     1176
18     76     42     334
19     45     34     222
20     13     3     307
21     45     1     741
22     4     6     167
23     39     5     467
24     6     14     526
25     93     25     115
26     85     4     824
27     29     17     42
28     69     19     1156
29     74     1     11
30     47     11     839
31     48     32     107
32     99     10     922
33     8     49     174
34     61     13     821
35     38     22     137
36     61     18     244
37     64     45     986
38     15     33     267
39     79     24     1113
40     76     25     49
41     27     10     582
42     51     36     1372
43     96     24     23
44     54     34     787
45     73     35     144
46     12     46     1007
47     94     36     146
48     96     42     146
49     87     10     1078
50     62     2     224
51     85     43     1029
52     98     40     92
53     50     1     1304
54     27     2     122
55     78     12     906
56     54     1     153
57     47     13     1292
58     89     35     10
59     69     20     168
60     72     26     525
61     40     45     306
62     93     20     549
63     55     34     706
64     77     28     70
65     44     8     995
66     55     7     97
67     18     36     1143
68     96     5     206
69     74     48     904
70     51     10     314
71     93     21     355
72     37     25     572
73     37     40     1162
74     52     38     223
75     10     23     154
76     49     29     725
77     32     12     179
78     46     15     201
79     8     44     516
80     42     44     254
81     36     15     991
82     5     25     100
83     20     19     1352
84     60     14     70
85     30     27     996
86     57     40     308
87     35     21     441
88     6     33     220
89     2     16     670
90     52     12     129
91     69     36     389
92     48     10     881
93     50     25     93
94     18     42     610
95     41     22     51
96     29     9     1188
97     34     26     112
98     20     44     112
99     70     2     416
100     56     13     1350
101     4     22     219
102     20     44     537
103     85     43     892
104     1     40     264
105     82     21     1106
106     67     40     298
107     96     38     743
108     59     41     210
109     39     10     4
110     30     31     500
111     32     27     147
112     88     37     1125
113     64     4     60
114     56     14     802
115     22     17     299
116     27     9     1005
117     77     9     324
118     3     7     46
119     61     48     830
120     50     49     274
121     70     48     1081
122     58     46     208
123     30     13     398
124     34     32     617
125     98     6     1322
126     17     4     161
127     27     12     577
128     88     23     829
129     74     11     126
130     40     4     1028
131     65     16     204
132     30     37     604
133     50     9     217
134     13     29     933
135     5     13     25
136     36     41     436
137     64     48     1013
138     38     28     264
139     5     25     1034
140     12     22     216
141     39     39     462
142     10     17     108
143     57     39     1320
144     31     5     30
145     91     43     695
146     9     32     1105
147     56     35     70
148     2     27     422
149     16     42     668
150     24     2     512
151     60     15     748
152     16     44     197
153     15     49     937
154     36     17     228
155     51     11     747
156     10     5     198
157     77     35     895
158     82     42     352
159     27     15     600
160     72     21     624
161     48     9     1080
162     44     44     54
163     38     4     501
164     4     4     19
165     74     25     1112
166     66     38     204
167     57     16     187
168     45     26     391
169     60     44     753
170     68     22     322
171     9     42     1023
172     5     28     347
173     30     13     1397
174     43     40     331
175     16     43     216
176     4     20     791
177     58     26     32
178     11     10     981
179     90     27     108
180     14     37     822
181     79     3     98
182     61     9     202
183     25     16     348
184     90     17     1148
185     52     2     107
186     57     2     212
187     4     36     1114
188     83     49     257
189     45     7     245
190     78     13     1298
191     82     25     246
192     31     22     1035
193     78     47     291
194     3     10     889
195     7     28     63
196     81     47     457
197     65     5     336
198     42     47     1271
199     36     8     72
200     13     41     582
201     51     20     8
202     59     10     154
203     15     13     1061
204     58     10     125
205     90     38     1277
206     35     16     129
207     16     44     493
208     64     45     81
209     44     13     296
210     40     32     81
211     28     42     358
212     6     42     394
213     44     47     583
214     65     43     288
215     39     37     208
216     2     24     589
217     15     21     611
218     71     38     503
219     78     15     260
220     10     32     1268
221     48     11     202
222     11     44     1222
223     65     4     119
224     28     38     955
225     70     48     44
226     34     48     1123
227     46     12     349
228     90     35     501
229     74     21     665
230     64     49     728
231     54     40     120
232     10     41     411
233     15     42     905
234     69     39     29
235     82     35     408
236     99     15     621
237     66     9     1026
238     49     21     304
239     23     35     364
240     45     12     106
241     77     3     249
242     90     7     215
243     28     42     149
244     14     8     292
245     76     2     1314
246     11     1     251
247     43     24     626
248     93     6     598
249     19     35     755
250     19     5     310
251     78     43     380
252     55     16     475
253     44     38     1315
254     98     33     82
255     7     36     1319
256     24     11     123
257     64     22     142
258     67     25     177
259     65     36     78
260     74     13     290
261     79     7     1137
262     29     23     299
263     89     35     1368
264     22     14     152
265     60     14     673
266     6     6     759
267     34     47     120
268     28     46     399
269     7     15     1172
270     21     8     221
271     50     17     1260
272     5     49     20
273     93     31     1184
274     97     40     352
275     50     9     833
276     20     20     87
277     64     47     323
278     80     49     904
279     24     34     240
280     87     27     1207
281     80     46     81
282     9     43     1087
283     47     9     194
284     43     9     850
285     29     37     60
286     4     26     296
287     25     16     397
288     63     15     508
289     30     45     655
290     59     40     1159
291     96     34     291
292     55     28     144
293     48     41     541
294     64     16     571
295     18     10     554
296     10     25     1203
297     12     32     227
298     10     3     1060
299     18     43     16
300     46     47     421
