1     86     149     1804
2     13     38     3398
3     29     170     969
4     4     47     1194
5     21     166     145
6     77     77     1449
7     93     129     126
8     78     168     2378
9     40     69     597
10     66     8     1250
11     84     72     2642
12     7     170     3108
13     17     53     1360
14     26     105     1606
15     80     151     2156
16     36     16     917
17     96     144     2977
18     88     91     1446
19     76     43     3585
20     57     109     362
21     62     199     3856
22     74     154     925
23     38     189     1851
24     33     120     1271
25     42     140     3531
26     85     128     1289
27     8     74     1701
28     87     117     5762
29     28     191     1369
30     29     79     5488
31     53     123     648
32     90     147     2097
33     78     62     2149
34     58     22     1151
35     89     91     1086
36     41     147     5028
37     59     42     597
38     62     180     1124
39     47     28     5470
40     2     164     179
41     99     180     2031
42     89     81     5165
43     75     24     34
44     5     29     401
45     37     103     5362
46     9     152     1178
47     83     45     3258
48     84     28     261
49     85     137     299
50     36     173     1248
51     64     108     4482
52     13     71     456
53     64     175     3804
54     16     37     90
55     22     30     3060
56     66     124     798
57     37     105     43
58     49     161     4941
59     68     120     255
60     18     194     3688
61     40     64     1096
62     73     18     4322
63     27     187     1246
64     14     13     4630
65     23     97     755
66     60     122     3724
67     58     147     159
68     85     121     5460
69     6     59     53
70     44     23     4910
71     2     53     533
72     56     81     129
73     53     7     5126
74     81     162     28
75     19     165     4738
76     74     49     1139
77     6     55     214
78     23     5     2979
79     40     51     715
80     79     13     5755
81     91     194     176
82     29     131     4088
83     22     47     1196
84     69     4     607
85     9     55     3643
86     44     86     216
87     12     100     3199
88     4     26     615
89     37     11     4931
90     31     182     1134
91     56     18     5091
92     58     14     1111
93     17     107     5683
94     56     79     1004
95     50     197     467
96     11     91     2023
97     37     140     4691
98     42     176     538
99     53     195     4070
100     72     170     1144
101     69     139     3955
102     74     5     383
103     19     74     960
104     94     163     3703
105     49     143     1457
106     87     86     4261
107     32     184     936
108     75     178     5734
109     15     172     1444
110     33     62     5736
111     31     167     620
112     19     23     5221
113     13     190     51
114     44     169     4283
115     99     47     1107
116     97     89     5383
117     89     150     418
118     21     167     3335
119     80     149     622
120     46     23     4621
121     69     162     1048
122     42     96     4584
123     34     46     205
124     55     11     3892
125     82     190     402
126     20     150     5119
127     18     154     427
128     19     81     5127
129     75     154     798
130     8     135     2172
131     7     61     4272
132     34     188     651
133     16     199     4164
134     37     116     311
135     8     148     5099
136     24     23     1413
137     53     33     1327
138     82     99     5732
139     50     14     1268
140     26     8     2145
141     83     56     2572
142     91     167     2123
143     56     82     4371
144     15     152     485
145     40     175     1201
146     38     166     3729
147     89     174     233
148     31     96     5206
149     1     7     1101
150     60     50     4152
151     67     143     472
152     40     90     2882
153     19     8     355
154     77     180     4534
155     27     49     628
156     17     114     4330
157     35     146     862
158     80     99     4409
159     13     119     511
160     67     46     3269
161     11     65     154
162     68     155     5362
163     56     23     503
164     72     91     4828
165     76     176     1079
166     9     180     2942
167     25     32     1358
168     36     87     1824
169     9     102     4531
170     37     104     1098
171     18     60     3814
172     56     8     23
173     78     189     4169
174     62     39     1282
175     32     82     3613
176     79     119     889
177     3     77     2153
178     43     1     252
179     2     99     5484
180     41     177     826
181     82     151     4496
182     64     12     971
183     2     47     456
184     43     153     1561
185     68     148     2984
186     87     161     838
187     24     177     138
188     56     68     2555
189     69     129     4423
190     21     189     1290
191     80     97     5231
192     67     99     319
193     36     21     718
194     55     41     444
195     25     110     4070
196     91     175     981
197     12     160     2599
198     80     44     4190
199     59     18     1161
200     95     79     5318
201     3     152     1341
202     62     168     5797
203     1     9     130
204     85     56     4419
205     5     181     892
206     59     119     180
207     46     13     4961
208     48     68     1004
209     42     64     3798
210     45     127     917
211     1     71     4749
212     23     120     1349
213     41     87     2312
214     21     150     1798
215     9     188     2672
216     89     168     4739
217     2     84     364
218     25     65     687
219     35     30     1014
220     95     163     1148
221     79     107     2477
222     37     145     2782
223     34     52     4105
224     19     14     852
225     53     54     625
226     36     140     2020
227     65     50     4973
228     38     15     411
229     58     179     2266
230     10     16     3796
231     73     58     222
232     75     52     1377
233     85     5     364
234     40     35     2601
235     71     191     5602
236     47     157     1163
237     67     178     3253
238     62     124     685
239     38     175     2864
240     42     65     2308
241     9     67     2126
242     67     26     3996
243     89     183     1273
244     34     129     1983
245     64     188     5309
246     30     63     1365
247     41     5     2514
248     6     163     5432
249     41     111     396
250     78     175     1463
251     36     145     3538
252     45     192     102
253     37     139     4780
254     25     192     759
255     35     182     428
256     97     47     1723
257     90     89     4751
258     4     157     408
259     83     135     3990
260     57     33     620
261     46     68     1319
262     24     185     2942
263     14     175     772
264     10     137     1400
265     58     14     1361
266     58     14     1068
267     63     67     5763
268     81     103     135
269     11     38     4029
270     6     39     629
271     47     94     1661
272     17     27     4897
273     15     70     27
274     73     189     4457
275     60     136     392
276     92     90     2074
277     37     17     4079
278     35     34     1400
279     60     98     4909
280     90     15     1211
281     8     176     261
282     24     140     3723
283     42     96     840
284     76     127     2642
285     14     106     4054
286     37     178     363
287     56     59     5173
288     91     51     826
289     57     190     3333
290     6     117     832
291     10     148     4369
292     84     25     88
293     26     194     2975
294     27     120     259
295     45     14     5705
296     91     130     526
297     59     125     1883
298     12     51     3455
299     62     130     187
300     28     80     1358
301     60     174     2606
302     48     60     473
303     86     115     1089
304     98     190     3644
305     84     129     5
306     63     181     3399
307     1     129     636
308     13     139     4283
309     82     111     904
310     79     94     402
311     42     165     5374
312     40     100     1362
313     79     105     2653
314     48     8     653
315     1     76     4346
316     63     171     1200
317     28     12     968
318     2     17     218
319     87     150     3724
320     54     102     53
321     2     55     2463
322     80     111     5214
323     77     15     1030
324     54     36     3200
325     19     132     201
326     38     93     4881
327     86     197     517
328     31     127     2086
329     43     152     4682
330     81     147     1042
331     7     113     3713
332     90     55     1423
333     28     52     778
334     95     43     1805
335     84     190     4618
336     90     76     670
337     74     176     4970
338     72     159     1184
339     88     130     5464
340     5     134     735
341     29     159     1806
342     89     9     2543
343     44     156     4979
344     59     64     1156
345     95     71     4805
346     23     90     367
347     47     83     1409
348     15     171     1496
349     24     168     622
350     40     183     1343
351     73     96     419
352     86     106     1419
353     28     71     3191
354     54     88     953
355     49     80     900
356     4     189     527
357     87     193     254
358     93     137     5801
359     28     149     26
360     23     50     2224
361     88     107     218
362     75     165     4347
363     40     123     0
364     12     165     2320
365     31     127     3376
366     53     69     608
367     87     147     3945
368     60     123     1382
369     23     25     973
370     50     109     1979
371     70     6     1238
372     20     168     1889
373     40     179     2729
374     17     131     2623
375     45     194     5401
376     51     158     689
377     93     156     841
378     40     93     2121
379     24     194     2597
380     86     197     4753
381     67     73     170
382     99     188     159
383     24     96     2140
384     78     174     5617
385     3     121     114
386     42     66     1711
387     80     7     2732
388     27     111     4495
389     28     170     171
390     49     97     5239
391     5     30     393
392     62     117     2962
393     64     94     420
394     1     10     5113
395     2     87     849
396     90     77     4285
397     68     179     1405
398     93     30     589
399     72     184     793
400     68     163     5630
401     91     66     1161
402     59     37     3536
403     3     166     1149
404     49     185     4788
405     81     188     459
406     1     61     1993
407     56     128     950
408     40     54     362
409     13     77     4221
410     74     45     1070
411     64     112     4103
412     45     121     129
413     67     112     270
414     76     159     5370
415     59     109     1437
416     74     192     2033
417     67     98     373
418     34     142     892
419     50     128     2444
420     6     134     4344
421     15     161     262
422     6     148     44
423     3     42     241
424     31     131     2707
425     9     61     3302
426     14     34     544
427     45     190     865
428     44     137     2173
429     60     156     2421
430     12     23     3669
431     46     128     1104
432     90     175     4457
433     8     33     1192
434     2     85     3838
435     92     148     239
436     32     5     1600
437     90     189     3839
438     68     74     564
439     17     57     4338
440     32     160     210
441     88     190     5659
442     21     156     838
443     12     145     2106
444     75     26     1903
445     46     165     2198
446     20     154     560
447     35     94     1529
448     30     103     502
449     9     71     3592
450     22     83     1324
451     32     50     4825
452     22     38     614
453     44     9     4340
454     13     122     835
455     13     104     1947
456     8     123     2115
457     8     174     717
458     75     21     4523
459     13     195     1172
460     42     178     3296
461     26     4     169
462     5     133     1161
463     32     108     4939
464     47     58     644
465     98     33     4798
466     15     13     1083
467     6     83     3731
468     40     163     1140
469     97     47     4260
470     35     92     364
471     23     148     2560
472     23     40     3306
473     67     126     814
474     4     126     3613
475     41     29     978
476     45     71     4400
477     40     171     200
478     17     162     758
479     36     156     3239
480     50     83     936
481     17     112     2241
482     17     131     5789
483     70     155     125
484     8     70     2340
485     38     68     871
486     62     13     3096
487     88     168     1387
488     78     157     3484
489     90     189     205
490     48     140     1019
491     53     109     4490
492     75     35     695
493     16     50     5103
494     18     3     277
495     37     38     5128
496     77     20     569
497     78     181     4780
498     24     119     1216
499     39     35     2256
500     55     131     1861
