50.000     25680     24770.5
50.000     25694     24770.5
50.000     25694     24770.5
50.000     25680     24770.5
50.000     25694     24770.5
50.000     25694     24770.5
50.000     25680     24770.5
50.000     25694     24770.5
50.000     25694     24770.5
50.000     25694     24770.5
             
50.000     25578     24713
50.000     25697     24713
50.000     25697     24713
50.000     25578     24713
50.000     25697     24713
50.000     25697     24713
50.000     25578     24713
50.000     25697     24713
50.000     25697     24713
50.000     25697     24713
             
50.000     26376     25387.5
50.002     26362     25387.5
50.002     26362     25387.5
50.000     26376     25387.5
50.002     26376     25387.5
50.002     26376     25387.5
50.000     26376     25387.5
50.002     26362     25387.5
50.002     26362     25387.5
50.002     26376     25387.5
             
50.001     25327     24506.5
50.000     25323     24506.5
50.000     25323     24506.5
50.001     25327     24506.5
50.001     25327     24506.5
50.001     25327     24506.5
50.001     25327     24506.5
50.000     25323     24506.5
50.000     25323     24506.5
50.001     25327     24506.5
             
50.000     25501     24690
50.000     25476     24690
50.000     25476     24690
50.000     25501     24690
50.000     25501     24690
50.000     25501     24690
50.000     25501     24690
50.000     25476     24690
50.000     25476     24690
50.000     25501     24690
             
50.001     25564     24636
50.000     25563     24636
50.000     25563     24636
50.001     25564     24636
50.001     25564     24636
50.001     25564     24636
50.001     25564     24636
50.000     25563     24636
50.000     25563     24636
50.001     25564     24636
             
50.001     25922     24924.5
50.000     25922     24924.5
50.000     25922     24924.5
50.001     25922     24924.5
50.001     25922     24924.5
50.001     25922     24924.5
50.001     25922     24924.5
50.000     25922     24924.5
50.000     25922     24924.5
50.001     25922     24924.5
             
50.000     27107     25861
50.000     27024     25861
50.000     27024     25861
50.000     27107     25861
50.000     27107     25861
50.000     27107     25861
50.000     27107     25861
50.000     27024     25861
50.000     27024     25861
50.000     27107     25861
             
50.001     24728     23702.5
50.000     24713     23702.5
50.000     24713     23702.5
50.001     24728     23702.5
50.001     24728     23702.5
50.001     24728     23702.5
50.001     24728     23702.5
50.000     24713     23702.5
50.000     24713     23702.5
50.001     24728     23702.5
             
50.000     25654     24901.5
50.000     25705     24901.5
50.000     25705     24901.5
50.000     25654     24901.5
50.000     25705     24901.5
50.000     25705     24901.5
50.000     25654     24901.5
50.000     25705     24901.5
50.000     25705     24901.5
50.000     25705     24901.5
             
