50.071     25465     24770.5
50.031     25465     24770.5
50.031     25465     24770.5
50.071     25465     24770.5
50.071     25465     24770.5
50.071     25465     24770.5
50.071     25465     24770.5
50.031     25465     24770.5
50.031     25465     24770.5
50.071     25465     24770.5
             
50.059     25411     24713
50.136     25361     24713
50.136     25361     24713
50.059     25411     24713
50.136     25411     24713
50.136     25411     24713
50.059     25411     24713
50.136     25361     24713
50.136     25361     24713
50.136     25411     24713
             
50.003     25983     25387.5
50.027     25983     25387.5
50.027     25983     25387.5
50.003     25983     25387.5
50.027     26033     25387.5
50.027     26033     25387.5
50.003     25983     25387.5
50.027     25983     25387.5
50.027     25983     25387.5
50.027     25983     25387.5
             
50.013     25153     24506.5
50.011     25203     24506.5
50.011     25203     24506.5
50.013     25153     24506.5
50.013     25203     24506.5
50.013     25203     24506.5
50.013     25153     24506.5
50.011     25203     24506.5
50.011     25203     24506.5
50.013     25203     24506.5
             
50.001     25293     24690
50.027     25287     24690
50.027     25287     24690
50.001     25293     24690
50.027     25293     24690
50.027     25293     24690
50.001     25293     24690
50.027     25287     24690
50.027     25287     24690
50.027     25293     24690
             
50.000     25381     24636
50.044     25381     24636
50.044     25381     24636
50.000     25381     24636
50.044     25381     24636
50.044     25381     24636
50.000     25381     24636
50.044     25381     24636
50.044     25381     24636
50.044     25381     24636
             
50.010     25622     24924.5
50.010     25721     24924.5
50.010     25721     24924.5
50.010     25622     24924.5
50.010     25721     24924.5
50.010     25721     24924.5
50.010     25622     24924.5
50.010     25721     24924.5
50.010     25721     24924.5
50.010     25721     24924.5
             
50.035     26809     25861
50.007     26859     25861
50.007     26859     25861
50.035     26809     25861
50.035     26859     25861
50.035     26859     25861
50.035     26809     25861
50.007     26859     25861
50.007     26859     25861
50.035     26859     25861
             
50.013     24400     23702.5
50.201     24446     23702.5
50.201     24446     23702.5
50.013     24545     23702.5
50.201     24446     23702.5
50.201     24446     23702.5
50.013     24545     23702.5
50.201     24446     23702.5
50.201     24446     23702.5
50.201     24446     23702.5
             
50.032     25348     24901.5
50.019     25348     24901.5
50.019     25348     24901.5
50.032     25348     24901.5
50.032     25348     24901.5
50.032     25348     24901.5
50.032     25348     24901.5
50.019     25348     24901.5
50.019     25348     24901.5
50.032     25348     24901.5
             
