1       181       169
1       181       169
1       181       169
1       181       169
1       181       169
1       181       169
1       181       169
1       181       169
1       181       169
1       181       169

1       227       170
1       227       170
1       227       170
1       227       170
1       227       170
1       227       170
1       227       170
1       227       170
1       227       170
1       227       170

1       158       154
1       158       154
1       158       154
1       158       154
1       158       154
1       158       154
1       158       154
1       158       154
1       158       154
1       158       154

1       235     154.2
1       235     154.2
1       235     154.2
1       235     154.2
1       235     154.2
1       235     154.2
1       235     154.2
1       235     154.2
1       235     154.2
1       235     154.2

0       159       159
0       159       159
0       159       159
0       159       159
0       159       159
0       159       159
0       159       159
0       159       159
0       159       159
0.001       159       159

1       193       158
1       193       158
1       193       158
1       193       158
1       193       158
1       193       158
1       193       158
1       193       158
1       193       158
1       193       158

0.001       136       136
0       136       136
0.001       136       136
0.001       136       136
0.001       136       136
0       136       136
0.001       136       136
0.001       136       136
0       136       136
0       136       136

1       221       160
1       221       160
1       221       160
1       221       160
1       221       160
1       221       160
1       221       160
1       221       160
1       221       160
1       221       160

1       195     129.8
1       195     129.8
1       195     129.8
1       195     129.8
1       195     129.8
1       195     129.8
1       195     129.8
1       195     129.8
1       195     129.8
1       195     129.8

1       196       152
1       196       152
1       196       152
1       196       152
1       196       152
1       196       152
1       196       152
1       196       152
1       196       152
1       196       152

