1     61     37     498
2     83     67     409
3     29     144     1038
4     99     157     74
5     20     175     925
6     16     170     144
7     68     153     326
8     84     111     657
9     67     168     158
10     4     128     751
11     52     50     169
12     98     76     37
13     91     68     880
14     21     93     250
15     50     39     715
16     88     98     122
17     65     193     494
18     79     106     395
19     63     188     881
20     18     9     220
21     20     43     838
22     85     166     253
23     57     149     493
24     78     192     949
25     18     188     100
26     54     100     939
27     51     21     84
28     24     130     542
29     45     40     114
30     9     83     39
31     53     9     260
32     51     84     569
33     99     128     221
34     33     70     625
35     28     180     231
36     97     69     811
37     55     86     4
38     12     163     721
39     56     161     97
40     61     199     200
41     32     95     573
42     81     173     192
43     81     187     259
44     99     10     230
45     4     187     771
46     63     146     225
47     14     157     687
48     24     36     40
49     71     142     863
50     99     145     202
51     94     145     19
52     98     127     803
53     61     116     42
54     92     7     732
55     12     96     47
56     51     141     78
57     57     173     25
58     11     188     170
59     72     72     716
60     50     138     212
61     14     143     980
62     83     173     231
63     42     3     204
64     70     8     686
65     80     51     60
66     42     135     707
67     82     195     176
68     67     95     838
69     91     120     186
70     2     125     564
71     26     37     233
72     41     55     925
73     62     17     127
74     30     123     25
75     76     8     667
76     28     178     26
77     51     109     285
78     86     61     75
79     99     177     544
80     43     139     118
81     45     92     453
82     68     76     682
83     54     157     59
84     47     27     714
85     21     31     22
86     51     127     189
87     71     121     552
88     23     42     191
89     79     154     788
90     80     18     44
91     1     142     218
92     74     176     899
93     29     78     55
94     59     45     265
95     87     175     696
96     50     145     85
97     3     2     820
98     94     118     184
99     58     13     364
100     17     62     289
101     62     115     172
102     79     27     149
103     20     81     379
104     36     127     345
105     2     127     645
106     27     12     29
107     99     39     116
108     63     177     734
109     67     133     242
110     40     93     327
111     14     29     834
112     88     133     95
113     6     92     827
114     73     49     240
115     16     131     852
116     76     133     77
117     55     184     921
118     32     4     51
119     43     190     703
120     31     189     200
121     63     190     291
122     70     161     858
123     93     77     235
124     32     6     764
125     55     150     15
126     59     165     347
127     48     183     408
128     48     154     456
129     36     156     635
130     84     170     196
131     79     102     849
132     71     164     71
133     76     128     891
134     9     132     197
135     27     7     1007
136     68     33     3
137     34     127     421
138     80     1     540
139     53     96     211
140     18     119     695
141     64     16     165
142     19     124     949
143     84     142     179
144     4     192     669
145     18     109     230
146     79     133     955
147     24     162     67
148     39     90     618
149     11     95     163
150     46     150     406
151     31     38     675
152     34     84     74
153     88     136     789
154     69     83     60
155     4     74     440
156     82     22     314
157     92     129     790
158     31     174     131
159     11     149     342
160     57     169     353
161     57     5     13
162     52     106     72
163     52     71     984
164     29     24     24
165     77     130     775
166     89     47     153
167     94     113     959
168     25     86     120
169     87     65     1009
170     5     40     174
171     16     146     40
172     88     134     977
173     87     160     117
174     19     164     402
175     96     43     727
176     40     58     124
177     57     113     802
178     66     156     4
179     53     138     446
180     24     69     460
181     66     122     419
182     56     142     751
183     7     91     27
184     99     113     86
185     24     120     102
186     43     163     910
187     37     26     172
188     10     184     619
189     93     122     8
190     64     141     468
191     77     59     213
192     13     145     598
193     50     79     206
194     97     87     459
195     19     133     1045
196     70     77     205
197     66     21     384
198     5     193     489
199     53     27     477
200     26     41     155
