1     84     81     982
2     2     79     536
3     13     191     2387
4     32     49     4678
5     44     104     551
6     5     153     4152
7     55     118     58
8     84     168     3135
9     28     86     235
10     60     123     1767
11     99     17     4065
12     18     22     1264
13     72     63     925
14     85     129     2472
15     90     174     2884
16     24     186     346
17     57     159     2878
18     62     199     422
19     9     6     113
20     94     129     1980
21     3     45     2076
22     74     30     3842
23     89     10     761
24     48     99     352
25     7     87     768
26     92     178     3799
27     82     183     906
28     58     115     1601
29     19     145     3598
30     76     190     429
31     29     183     5086
32     19     152     1188
33     87     94     2754
34     98     11     1277
35     82     102     4608
36     11     46     1137
37     9     176     4912
38     51     40     456
39     96     147     3521
40     5     95     892
41     20     136     2367
42     36     26     3123
43     19     93     521
44     75     11     228
45     99     17     411
46     94     73     3826
47     71     13     987
48     45     124     5116
49     79     37     1274
50     57     69     2472
51     50     132     27
52     78     147     4561
53     1     21     10
54     90     92     4095
55     51     16     148
56     89     162     2073
57     9     153     1206
58     88     90     2496
59     10     17     3497
60     98     66     1056
61     84     21     3124
62     27     134     274
63     75     71     3937
64     16     52     44
65     84     43     539
66     2     39     3545
67     99     136     1172
68     86     55     2007
69     48     26     2927
70     40     31     49
71     82     25     1153
72     14     196     1382
73     33     92     2772
74     6     116     413
75     69     39     2355
76     42     180     70
77     9     158     4284
78     19     62     921
79     96     183     4244
80     62     135     105
81     77     147     1685
82     44     54     4603
83     59     31     363
84     81     41     3093
85     26     12     719
86     8     44     2759
87     78     192     68
88     61     3     2747
89     49     167     1232
90     80     42     1593
91     29     116     496
92     19     133     3753
93     36     164     804
94     77     70     3926
95     34     110     1255
96     42     57     3355
97     32     135     502
98     48     3     2377
99     23     68     3886
100     57     36     686
101     64     195     1694
102     5     34     3643
103     33     35     941
104     53     124     1673
105     63     52     251
106     57     39     4308
107     23     107     695
108     69     46     3052
109     15     49     474
110     65     91     1547
111     20     2     4733
112     13     46     330
113     43     29     4204
114     41     129     231
115     88     16     2630
116     93     71     709
117     9     96     924
118     46     137     559
119     1     26     215
120     83     86     4946
121     3     21     1256
122     6     33     1199
123     36     196     2694
124     10     109     1250
125     98     44     836
126     13     76     1353
127     8     34     2946
128     80     117     1000
129     30     62     936
130     38     134     4545
131     18     163     1100
132     46     63     1797
133     57     156     216
134     76     14     3537
135     20     170     833
136     36     40     2891
137     81     32     1183
138     69     133     1367
139     3     165     455
140     72     157     2272
141     79     194     2217
142     16     38     1402
143     60     76     4390
144     96     66     724
145     71     145     797
146     65     154     4332
147     3     163     1124
148     51     136     3367
149     57     76     8
150     35     137     3376
151     18     174     188
152     95     126     2829
153     96     14     638
154     83     113     4351
155     1     103     375
156     4     80     1188
157     22     18     5084
158     83     147     197
159     68     31     149
160     7     56     949
161     14     18     553
162     29     28     4154
163     78     34     120
164     56     168     316
165     68     37     2451
166     83     87     2406
167     84     163     4981
168     80     73     1191
169     68     199     3453
170     87     96     152
171     15     154     8
172     23     154     3781
173     28     101     497
174     47     132     2172
175     68     71     3237
176     81     35     1032
177     1     14     1644
178     48     85     993
179     99     10     1284
180     25     119     4970
181     1     123     440
182     30     1     1715
183     43     164     4774
184     47     47     1285
185     74     194     620
186     32     141     1914
187     86     152     2105
188     3     3     1361
189     89     104     3593
190     75     163     816
191     7     49     3409
192     66     173     470
193     2     109     4613
194     53     11     1285
195     42     1     2102
196     90     168     2707
197     58     89     827
198     74     56     5128
199     43     55     962
200     82     8     4179
201     77     70     605
202     53     73     2658
203     54     80     1257
204     47     18     1365
205     16     12     4231
206     94     8     997
207     21     95     4689
208     44     174     610
209     87     120     2007
210     69     164     4123
211     20     19     84
212     42     35     4533
213     25     184     847
214     99     50     2781
215     57     30     878
216     19     95     2591
217     99     76     315
218     23     10     2160
219     62     51     4364
220     96     174     36
221     34     93     4198
222     34     170     971
223     48     95     2050
224     81     143     3238
225     89     83     1219
226     85     199     3292
227     28     35     302
228     30     182     1242
229     77     55     3379
230     76     19     925
231     23     73     1229
232     37     59     4884
233     30     172     460
234     43     127     1088
235     55     163     1500
236     64     7     525
237     77     6     1244
238     43     149     3519
239     13     144     1069
240     83     23     1090
241     95     2     3768
242     65     79     1194
243     73     6     4766
244     36     23     501
245     97     160     2288
246     43     184     4863
247     2     68     635
248     74     70     3087
249     96     165     920
250     10     153     3068
251     53     173     1059
252     71     127     4640
253     20     151     937
254     1     189     372
255     16     103     4773
256     12     85     845
257     32     126     1555
258     79     164     1744
259     69     10     5033
260     66     109     164
261     2     130     5027
262     28     173     36
263     35     2     3111
264     30     45     1234
265     34     9     3794
266     17     160     85
267     64     55     4158
268     66     91     527
269     85     159     2363
270     67     59     87
271     8     177     2015
272     82     62     4715
273     42     193     1182
274     75     112     1444
275     81     164     584
276     32     82     2550
277     91     169     4823
278     72     180     690
279     11     51     3019
280     64     89     483
281     97     130     2342
282     64     96     4815
283     7     57     626
284     88     43     140
285     93     5     3542
286     75     59     494
287     49     19     4768
288     39     41     1162
289     32     31     1271
290     39     199     4081
291     63     97     665
292     82     23     2178
293     41     126     1025
294     41     112     3970
295     16     196     594
296     79     85     248
297     17     17     4721
298     79     144     383
299     55     57     617
300     90     111     634
301     61     22     531
302     1     85     2656
303     23     127     1101
304     11     44     4131
305     50     89     932
306     95     32     2317
307     81     79     630
308     38     194     417
309     90     24     522
310     69     182     4386
311     8     2     640
312     95     21     374
313     8     40     2653
314     27     148     886
315     46     129     5117
316     62     189     937
317     97     109     686
318     31     109     1228
319     95     141     5047
320     38     66     810
321     59     120     1420
322     39     94     516
323     70     81     3132
324     93     93     810
325     76     26     3883
326     15     108     586
327     33     82     4039
328     55     74     139
329     2     29     3206
330     80     126     460
331     8     97     4517
332     93     179     280
333     44     18     834
334     47     21     637
335     66     180     3196
336     94     192     621
337     47     100     2638
338     98     97     469
339     67     105     1440
340     40     119     1720
341     34     65     2087
342     42     59     1306
343     28     194     4182
344     29     114     622
345     88     68     509
346     34     88     4045
347     69     94     844
348     12     24     1687
349     10     70     1124
350     37     135     876
351     80     188     2001
352     29     91     4457
353     49     71     159
354     54     148     4469
355     35     29     541
356     95     116     3126
357     70     148     579
358     46     172     2422
359     13     194     2525
360     80     10     1338
361     92     62     1562
362     83     160     146
363     33     74     2446
364     64     66     2182
365     26     111     3856
366     64     27     850
367     40     27     1946
368     50     157     269
369     27     162     4675
370     10     128     79
371     18     13     319
372     7     123     559
373     82     63     391
374     41     23     54
375     50     196     1544
376     46     187     3236
377     89     66     381
378     74     180     2473
379     27     30     884
380     26     181     962
381     79     126     1681
382     44     11     1475
383     3     143     768
384     39     198     140
385     48     63     1786
386     52     98     2901
387     84     16     851
388     92     139     770
389     80     115     4970
390     3     63     439
391     40     138     3565
392     21     192     311
393     29     2     1287
394     46     75     194
395     55     124     1669
396     81     121     1999
397     42     42     4529
398     33     143     1213
399     24     71     3089
400     17     100     643
401     15     104     3740
402     74     168     556
403     61     45     4618
404     83     100     881
405     23     110     4272
406     70     129     448
407     72     144     3804
408     75     99     875
409     15     7     4571
410     48     183     1263
411     76     58     1498
412     99     112     4684
413     46     62     1207
414     14     74     3268
415     83     84     229
416     87     198     1837
417     17     131     2762
418     76     50     88
419     66     36     2644
420     91     38     189
421     50     122     4401
422     58     85     107
423     33     178     3028
424     7     57     1030
425     71     97     1880
426     11     143     2974
427     6     80     954
428     56     143     1641
429     39     27     1229
430     37     83     607
431     30     186     3474
432     85     127     560
433     92     103     4725
434     59     198     133
435     71     109     2749
436     92     144     63
437     57     55     116
438     38     90     2684
439     80     38     777
440     96     36     3380
441     64     134     1171
442     57     183     1847
443     83     102     2344
444     33     176     2549
445     41     177     2927
446     19     40     493
447     84     72     5049
448     14     23     1127
449     91     48     3926
450     37     21     917
451     95     66     2076
452     2     146     2987
453     62     29     279
454     49     140     2490
455     51     170     4176
456     27     75     1076
457     45     166     2977
458     87     88     832
459     42     49     4507
460     62     4     473
461     73     22     3185
462     42     99     38
463     65     141     2569
464     82     199     1847
465     28     68     4895
466     8     171     591
467     60     54     4634
468     38     132     103
469     35     112     2447
470     10     75     308
471     5     168     1927
472     98     128     524
473     33     172     4756
474     56     182     266
475     58     105     845
476     44     163     226
477     87     112     681
478     95     17     2208
479     80     93     4103
480     81     89     675
481     10     16     4451
482     49     33     0
483     67     57     3574
484     10     55     76
485     91     152     2727
486     86     28     1198
487     69     56     3096
488     32     198     608
489     88     17     3969
490     75     8     806
491     61     51     2718
492     43     154     400
493     95     9     3275
494     65     141     1106
495     25     199     1809
496     51     31     1870
497     95     53     651
498     32     36     1207
499     47     184     2806
500     56     18     936
