10.004     5062     4931
10.001     5061     4931
10.001     5061     4931
10.004     5062     4931
10.004     5062     4931
10.004     5062     4931
10.004     5062     4931
10.001     5061     4931
10.001     5061     4931
10.004     5062     4931
             
0.006     5453     5453
0.006     5453     5453
0.006     5453     5453
0.006     5453     5453
0.006     5453     5453
0.006     5453     5453
0.006     5453     5453
0.006     5453     5453
0.006     5453     5453
0.006     5453     5453
             
10.002     5492     5159.5
10.001     5492     5159.5
10.001     5492     5159.5
10.002     5492     5159.5
10.002     5492     5159.5
10.002     5492     5159.5
10.002     5492     5159.5
10.001     5492     5159.5
10.001     5492     5159.5
10.002     5492     5159.5
             
10.003     5549     5433
10.002     5549     5433
10.002     5549     5433
10.003     5549     5433
10.003     5549     5433
10.003     5549     5433
10.003     5549     5433
10.002     5549     5433
10.002     5549     5433
10.003     5549     5433
             
10.003     4940     4716
10.001     4966     4716
10.001     4966     4716
10.003     4940     4716
10.003     4966     4716
10.003     4966     4716
10.003     4940     4716
10.001     4966     4716
10.001     4966     4716
10.003     4966     4716
             
10.002     5392     5180
10.005     5431     5180
10.005     5431     5180
10.002     5392     5180
10.005     5431     5180
10.005     5431     5180
10.002     5392     5180
10.005     5431     5180
10.005     5431     5180
10.005     5431     5180
             
10.004     5553     5394
10.003     5537     5394
10.003     5537     5394
10.004     5553     5394
10.004     5553     5394
10.004     5553     5394
10.004     5553     5394
10.003     5537     5394
10.003     5537     5394
10.004     5553     5394
             
10.001     4955     4944
10.004     4950     4944
10.004     4950     4944
10.001     4955     4944
10.004     4955     4944
10.004     4955     4944
10.001     4955     4944
10.004     4950     4944
10.004     4950     4944
10.004     4955     4944
             
10.002     5366     5099
10.002     5357     5099
10.002     5357     5099
10.002     5366     5099
10.002     5366     5099
10.002     5366     5099
10.002     5366     5099
10.002     5357     5099
10.002     5357     5099
10.002     5366     5099
             
1.408     5190     5190
10.001     5217     5190
10.001     5217     5190
1.408     5190     5190
10.001     5217     5190
10.001     5217     5190
1.408     5190     5190
10.001     5217     5190
10.001     5217     5190
10.001     5217     5190
             
