10.133     4962     4931
10.211     5005     4931
10.211     4962     4931
10.133     4972     4931
10.211     4962     4931
10.211     4962     4931
10.133     4972     4931
10.211     4962     4931
10.211     5005     4931
10.211     5005     4931
             
2.353     5453     5453
1.502     5453     5453
1.502     5453     5453
2.353     5453     5453
2.353     5453     5453
2.353     5453     5453
2.353     5453     5453
1.502     5453     5453
1.502     5453     5453
2.353     5453     5453
             
10.254     5433     5159.5
10.008     5433     5159.5
10.008     5365     5159.5
10.254     5433     5159.5
10.254     5433     5159.5
10.254     5433     5159.5
10.254     5433     5159.5
10.008     5365     5159.5
10.008     5433     5159.5
10.254     5433     5159.5
             
10.253     5459     5433
10.923     5459     5433
10.923     5459     5433
10.253     5459     5433
10.923     5459     5433
10.923     5459     5433
10.253     5459     5433
10.923     5459     5433
10.923     5459     5433
10.923     5459     5433
             
10.933     4941     4716
10.230     4941     4716
10.230     4941     4716
10.933     4941     4716
10.933     4941     4716
10.933     4941     4716
10.933     4941     4716
10.230     4941     4716
10.230     4941     4716
10.933     4941     4716
             
10.478     5278     5180
10.802     5261     5180
10.802     5278     5180
10.478     5278     5180
10.802     5278     5180
10.802     5278     5180
10.478     5278     5180
10.802     5278     5180
10.802     5261     5180
10.802     5278     5180
             
2.796     5394     5394
4.683     5394     5394
4.683     5394     5394
2.796     5394     5394
4.683     5394     5394
4.683     5394     5394
2.796     5394     5394
4.683     5394     5394
4.683     5394     5394
4.683     5394     5394
             
1.228     4944     4944
2.545     4944     4944
2.545     4944     4944
1.228     4944     4944
2.545     4944     4944
2.545     4944     4944
1.228     4944     4944
2.545     4944     4944
2.545     4944     4944
2.545     4944     4944
             
10.141     5241     5099
10.337     5272     5099
10.337     5272     5099
10.141     5280     5099
10.337     5272     5099
10.337     5272     5099
10.141     5280     5099
10.337     5272     5099
10.337     5272     5099
10.337     5272     5099
             
0.353     5190     5190
1.406     5190     5190
1.406     5190     5190
0.353     5190     5190
1.406     5190     5190
1.406     5190     5190
0.353     5190     5190
1.406     5190     5190
1.406     5190     5190
1.406     5190     5190
             
