1       10        3       12
2       13        9       17
3        9        7       23
4        5        2       67
5       14        6       74
6        3        8       32
7       11        3       60
8       15        7       67
9        6        8       29
10        4        1      111
11        4        8       22
12        8        2      104
13       13        3       34
14        5        9       68
15        8        6       91
16        6        6       67
17        9        4       70
18       11        5       89
19       10        1       38
20        5        6      111
21        6        4       54
22       14        9       88
23        9        1       95
24       10        5      103
25       12        2       37
26       15        4        8
27       11        2       60
28        3        2       39
29        4        3       14
30       11        1       86
31        5        5       72
32       10        6       81
33        6        8       74
34       12        1       71
35        5        7       20
36        5        2       81
37       11        9       19
38        9        2       93
39        7        9       91
40       14        5       34
41       12        3       42
42        5        1       24
43        8        1       26
44       10        2       98
45       12        2        7
46       12        7       32
47        8        8      111
48       15        7       83
49       14        1       31
50       10        2        0
51       10        4       64
52        6        7       36
53        5        6       90
54        9        8        4
55       10        3       48
56        8        2       16
57       12        9      101
58        8        3      103
59        5        8       47
60       12        4       37
61       12        6       86
62       13        3       70
63        4        6       31
64        8        6       56
65        8        1       95
66        3        8       73
67        3        9       78
68        5        1       86
69       11        6        4
70        3        1       67
71       12        7        0
72       11        7       30
73       11        7       80
74        3        1        7
75       12        3       44
76        3        9       46
77        3        4       69
78       13        1      110
79        3        9      107
80        7        4       59
81       12        8       18
82       10        5       54
83       10        9       28
84        3        2        5
85        5        8       74
86        6        5       13
87        3        5      108
88        3        2       26
89       10        8       35
90        9        9       63
91       15        3       52
92       10        9      105
93       12        5       44
94       14        6       12
95        3        9       99
96        9        7       74
97        6        2       51
98        7        1       14
99       14        7       61
100        4        8       12
101       13        2       21
102       11        4       73
103        8        6       84
104        4        6       31
105       13        5       55
106       11        1       19
107        6        9       22
108        7        8       20
109        7        6      101
110       14        3      102
111        5        2       72
112        9        9       18
113       12        3       41
114       11        5       36
115       10        2       66
116        6        3       10
117       11        2       94
118        6        3       43
119       15        8      106
120       12        7      108
121        6        4       37
122        4        1       89
123       13        9       53
124        3        4      107
125       12        3        8
126        8        4       65
127       13        9       75
128        5        6       15
129       12        7       77
130       13        3       62
131        4        5       26
132        3        2       42
133        9        1       78
134        3        6       88
135       13        7       30
136        3        3       14
137        9        5       54
138        8        8       37
139       10        9       96
140        5        4       44
141       10        5       78
142        4        7        1
143       10        6       60
144        3        3       96
145        9        3       90
146        3        7       97
147       15        2       72
148       12        9       91
149       14        1       77
150       15        9       21
151       11        7       82
152        5        8       64
153       13        8        4
154        4        2      108
155       15        1      105
156        3        8       84
157        7        4       66
158        3        6       76
159       13        2       79
160        5        6       48
161        9        1       87
162        4        4        2
163        3        7      108
164        8        4        8
165       15        1      102
166       12        7       71
167        3        1        6
168       15        5       65
169       10        9       55
170        6        3       68
171       14        6        1
172        5        3       15
173        3        7      106
174        9        7       87
175        3        4       18
176       13        9       92
177        3        4       30
178        3        5       70
179       11        4       88
180        9        7       80
181       14        6        1
182       11        6       83
183        9        4       92
184       13        9       45
185        6        7       88
186        9        7       81
187       10        2       72
188       10        8       58
189       10        1        1
190       10        5        7
191        5        8       87
192        7        1        3
193        6        8       71
194        4        8       34
195       12        2       76
196        5        1       95
197       11        4       86
198       13        3      111
199       12        8       85
200        7        4        2
