1     148     16     445
2     26     21     117
3     30     31     81
4     146     21     578
5     144     1     31
6     97     39     41
7     151     8     358
8     118     9     114
9     43     32     336
10     47     16     92
11     176     20     355
12     8     47     60
13     196     45     12
14     64     49     314
15     187     39     24
16     147     29     505
17     111     41     81
18     104     29     90
19     181     13     473
20     24     25     103
21     127     25     424
22     134     37     50
23     164     9     395
24     23     18     126
25     17     5     53
26     117     44     65
27     18     39     18
28     44     20     308
29     172     21     131
30     14     10     501
31     152     43     39
32     145     37     37
33     75     44     436
34     163     2     57
35     188     1     470
36     189     18     90
37     144     28     534
38     81     27     36
39     119     47     490
40     52     26     25
41     64     38     413
42     84     6     23
43     23     29     516
44     171     48     39
45     8     32     415
46     89     1     32
47     68     14     536
48     165     47     143
49     70     33     422
50     24     20     11
51     67     8     345
52     88     16     8
53     89     17     546
54     46     31     60
55     5     44     494
56     124     7     26
57     5     15     508
58     125     21     41
59     5     18     239
60     80     41     207
61     192     4     538
62     133     25     64
63     184     14     414
64     119     21     147
65     67     32     520
66     18     41     95
67     57     16     477
68     179     35     71
69     168     36     594
70     27     34     33
71     146     24     551
72     85     33     148
73     152     15     271
74     12     27     136
75     190     6     49
76     181     44     51
77     119     33     335
78     118     31     105
79     3     15     194
80     17     22     381
81     99     25     144
82     194     26     56
83     103     6     283
84     107     36     335
85     50     2     100
86     74     3     219
87     63     38     25
88     119     46     329
89     137     2     140
90     13     44     267
91     26     8     251
92     2     1     49
93     16     17     205
94     156     36     134
95     113     27     374
96     80     21     2
97     175     16     217
98     48     46     148
99     12     49     452
100     140     22     123
