10.422     2420     2264.88
10.516     2412     2264.88
10.516     2412     2264.88
10.422     2420     2264.88
10.516     2420     2264.88
10.516     2420     2264.88
10.422     2420     2264.88
10.516     2412     2264.88
10.516     2412     2264.88
10.516     2420     2264.88
             
10.172     2220     2125.38
10.313     2236     2125.38
10.313     2236     2125.38
10.172     2220     2125.38
10.313     2236     2125.38
10.313     2236     2125.38
10.172     2220     2125.38
10.313     2236     2125.38
10.313     2236     2125.38
10.313     2236     2125.38
             
10.469     2566     2391
10.313     2565     2391
10.313     2565     2391
10.469     2566     2391
10.469     2566     2391
10.469     2566     2391
10.469     2566     2391
10.313     2565     2391
10.313     2565     2391
10.469     2566     2391
             
10.172     2450     2287.63
10.297     2416     2287.63
10.297     2416     2287.63
10.172     2450     2287.63
10.297     2450     2287.63
10.297     2450     2287.63
10.172     2450     2287.63
10.297     2416     2287.63
10.297     2416     2287.63
10.297     2450     2287.63
             
10.438     2573     2402.25
10.531     2583     2402.25
10.531     2583     2402.25
10.438     2573     2402.25
10.531     2583     2402.25
10.531     2583     2402.25
10.438     2573     2402.25
10.531     2583     2402.25
10.531     2583     2402.25
10.531     2583     2402.25
             
10.625     2338     2205.63
10.375     2374     2205.63
10.375     2374     2205.63
10.625     2338     2205.63
10.625     2374     2205.63
10.625     2374     2205.63
10.625     2338     2205.63
10.375     2374     2205.63
10.375     2374     2205.63
10.625     2374     2205.63
             
10.500     2345     2244
10.563     2352     2244
10.563     2352     2244
10.500     2345     2244
10.563     2352     2244
10.563     2352     2244
10.500     2345     2244
10.563     2352     2244
10.563     2352     2244
10.563     2352     2244
             
10.172     2622     2422.5
10.313     2633     2422.5
10.313     2633     2422.5
10.172     2622     2422.5
10.313     2633     2422.5
10.313     2633     2422.5
10.172     2622     2422.5
10.313     2633     2422.5
10.313     2633     2422.5
10.313     2633     2422.5
             
10.453     2391     2269.13
10.032     2400     2269.13
10.032     2400     2269.13
10.453     2391     2269.13
10.453     2400     2269.13
10.453     2400     2269.13
10.453     2391     2269.13
10.032     2400     2269.13
10.032     2400     2269.13
10.453     2400     2269.13
             
10.532     2502     2355
10.094     2483     2355
10.094     2483     2355
10.532     2502     2355
10.532     2502     2355
10.532     2502     2355
10.532     2502     2355
10.094     2483     2355
10.094     2483     2355
10.532     2502     2355
             
