1     82     33     1322
2     54     29     68
3     28     34     10
4     23     7     4643
5     86     7     900
6     14     1     3336
7     75     46     865
8     53     38     559
9     2     33     1044
10     81     26     1035
11     33     41     3751
12     55     12     357
13     10     3     3034
14     80     6     354
15     63     26     1866
16     73     22     293
17     87     39     4293
18     28     42     659
19     4     15     2195
20     7     27     1197
21     48     17     4747
22     97     26     566
23     97     23     269
24     42     22     3486
25     81     30     749
26     44     39     4910
27     68     22     1114
28     61     16     1549
29     78     48     4613
30     50     23     253
31     83     12     1450
32     38     2     3462
33     32     36     1124
34     62     39     322
35     77     38     639
36     42     33     4338
37     85     37     541
38     45     30     2430
39     40     29     4527
40     16     1     583
41     7     14     1174
42     49     17     606
43     82     8     3399
44     41     11     490
45     31     13     2210
46     45     38     1035
47     31     6     3457
48     49     5     748
49     57     10     818
50     72     30     4175
51     48     39     742
52     52     34     3851
53     79     37     144
54     66     20     3717
55     44     18     204
56     85     6     3434
57     69     17     1123
58     31     34     4221
59     34     20     82
60     20     26     2959
61     11     1     480
62     31     12     2158
63     6     26     4568
64     54     42     115
65     44     31     832
66     1     7     1064
67     18     20     447
68     23     3     435
69     93     19     3724
70     4     16     1203
71     79     26     3882
72     68     8     242
73     10     43     4693
74     58     44     872
75     90     42     3533
76     28     25     1068
77     54     8     3464
78     69     2     1016
79     38     37     1889
80     90     48     3540
81     55     7     521
82     66     46     88
83     37     46     3015
84     5     43     1156
85     58     10     1389
86     72     18     2091
87     95     12     1610
88     23     13     4093
89     34     22     870
90     48     35     2205
91     65     40     2649
92     27     16     968
93     9     6     4894
94     28     25     105
95     67     15     3163
96     32     44     199
97     50     26     4543
98     91     28     143
99     18     11     720
100     47     38     2563
101     16     30     301
102     97     46     3425
103     76     27     462
104     51     27     2535
105     29     7     927
106     33     45     4091
107     12     2     506
108     60     1     2750
109     77     26     818
110     39     32     2444
111     50     33     3939
112     49     5     543
113     67     16     910
114     1     36     3099
115     28     16     189
116     15     11     4769
117     97     40     1172
118     69     30     4921
119     22     11     1015
120     75     28     4514
121     59     43     1227
122     62     34     4377
123     25     40     172
124     51     32     2287
125     14     44     4114
126     41     23     433
127     54     20     2173
128     29     40     839
129     73     7     4637
130     79     3     647
131     23     7     4271
132     32     34     1046
133     80     1     2570
134     21     20     274
135     89     49     2810
136     22     48     874
137     16     29     3461
138     6     7     418
139     67     11     675
140     42     35     3144
141     13     37     234
142     81     43     2949
143     35     2     50
144     70     43     1093
145     7     6     3720
146     69     38     24
147     1     2     2397
148     36     44     961
149     14     39     3307
150     53     44     187
151     22     39     1508
152     62     35     3814
153     69     8     573
154     72     46     835
155     17     21     2098
156     99     2     2194
157     65     30     2127
158     93     28     4908
159     8     49     113
160     31     33     1083
161     50     23     1900
162     32     38     2554
163     19     19     874
164     69     12     2748
165     94     6     502
166     99     26     1945
167     65     45     335
168     9     49     1579
169     98     45     2142
170     38     43     2964
171     80     32     398
172     77     25     1760
173     31     22     1123
174     78     3     3532
175     14     32     1226
176     37     23     2336
177     4     12     2087
178     67     35     2437
179     22     6     4622
180     86     49     1154
181     90     20     763
182     55     12     3291
183     49     41     469
184     20     49     2308
185     25     23     1894
186     43     40     2141
187     38     18     3398
188     12     49     265
189     1     2     4257
190     6     43     3
191     9     19     2634
192     93     8     557
193     80     19     4821
194     51     41     417
195     59     4     2401
196     43     27     2444
197     55     8     3227
198     35     28     364
199     54     29     554
200     39     2     2929
201     6     22     1225
202     86     11     2579
203     39     7     329
204     93     42     871
205     99     48     2517
206     67     30     985
207     28     37     2996
208     38     5     855
209     3     3     904
210     15     34     4720
211     13     26     234
212     36     48     2751
213     37     11     1021
214     75     9     1283
215     91     11     1065
216     76     1     3954
217     67     6     1093
218     24     34     2576
219     44     43     837
220     45     9     3472
221     85     23     113
222     98     14     3087
223     16     40     44
224     33     33     2835
225     8     13     524
226     15     19     4463
227     92     19     428
228     49     19     1517
229     14     25     379
230     32     4     4057
231     31     12     159
232     30     5     2340
233     68     14     3364
234     14     48     968
235     97     21     4513
236     11     27     331
237     97     45     1751
238     47     5     847
239     87     34     180
240     52     9     3607
241     60     34     303
242     86     22     3806
243     32     8     859
244     17     27     1596
245     88     49     4319
246     88     24     1068
247     90     28     340
248     42     41     4687
249     25     38     965
250     26     11     4944
251     11     49     8
252     18     31     2692
253     80     45     505
254     15     23     843
255     54     34     1513
256     1     13     4836
257     38     8     864
258     72     30     2678
259     81     8     10
260     87     36     380
261     37     31     1830
262     12     12     4373
263     23     15     2
264     92     32     4228
265     39     3     900
266     12     30     1871
267     18     43     2729
268     31     43     56
269     22     5     3238
270     53     41     179
271     56     30     1488
272     61     22     4761
273     64     23     994
274     61     32     3124
275     79     27     357
276     45     7     2217
277     38     33     164
278     83     30     4644
279     10     15     595
280     48     26     499
281     84     24     3653
282     39     47     849
283     79     20     2242
284     89     42     2621
285     36     32     44
286     54     11     4820
287     10     32     675
288     31     30     1135
289     6     28     2149
290     28     2     3986
291     57     12     401
292     56     14     3940
293     44     34     191
294     47     2     1257
295     82     36     1958
296     64     22     1736
297     2     41     1957
298     47     26     2103
299     44     12     278
300     14     18     3817
301     80     14     780
302     61     43     1232
303     37     14     948
304     26     36     1900
305     16     41     716
306     52     29     2282
307     78     49     3818
308     65     19     704
309     41     46     1033
310     86     17     4162
311     56     8     253
312     29     39     3203
313     23     45     18
314     36     25     967
315     36     2     296
316     9     38     2969
317     64     7     319
318     65     21     4467
319     5     27     660
320     3     7     1129
321     65     42     4726
322     98     29     707
323     67     31     923
324     15     11     1820
325     39     41     927
326     14     43     2490
327     90     33     718
328     96     23     897
329     10     43     4475
330     95     16     445
331     49     2     465
332     84     7     1246
333     44     19     4551
334     66     29     417
335     38     36     2964
336     83     39     53
337     89     24     2583
338     94     21     569
339     85     22     3844
340     82     27     1150
341     67     39     3053
342     58     4     120
343     28     27     99
344     58     31     330
345     26     1     2240
346     6     8     2206
347     60     38     816
348     4     26     1491
349     86     35     1949
350     78     14     4015
351     87     42     1155
352     76     25     4856
353     77     19     873
354     90     45     2818
355     33     5     614
356     64     45     3636
357     84     39     1001
358     80     3     3852
359     58     25     97
360     84     46     1860
361     36     12     4048
362     38     12     932
363     18     16     12
364     87     28     2879
365     82     38     355
366     51     18     1833
367     87     43     4044
368     56     1     63
369     81     32     2139
370     87     40     2434
371     17     15     3906
372     58     32     579
373     38     36     4156
374     60     30     1094
375     53     34     1212
376     90     41     4831
377     46     23     499
378     1     35     807
379     92     14     3620
380     38     31     98
381     73     37     4672
382     5     19     858
383     47     31     1254
384     78     10     2516
385     41     41     834
386     35     26     2348
387     86     31     2688
388     62     31     964
389     29     29     622
390     64     15     3560
391     71     25     763
392     53     27     68
393     15     10     1052
394     63     41     1822
395     30     45     3831
396     42     33     897
397     15     22     4447
398     56     1     933
399     78     40     554
400     85     14     865
401     17     8     924
402     83     33     772
403     87     22     275
404     79     28     3233
405     39     26     118
406     15     41     2702
407     81     19     139
408     35     29     929
409     84     28     2972
410     25     1     702
411     19     22     4268
412     25     48     26
413     71     6     61
414     29     26     2114
415     68     45     1514
416     82     39     2548
417     57     23     838
418     69     9     1907
419     10     5     754
420     23     13     1946
421     76     16     2407
422     62     5     2444
423     40     2     3763
424     15     23     943
425     47     20     2908
426     73     48     1141
427     48     26     601
428     35     11     1318
429     31     11     595
430     9     39     4
431     60     27     510
432     21     38     4104
433     64     12     671
434     85     20     1646
435     31     15     2575
436     8     23     250
437     89     46     4896
438     20     45     1057
439     29     13     3054
440     85     19     844
441     16     9     3621
442     41     11     219
443     63     33     3040
444     13     24     97
445     18     20     4808
446     40     7     635
447     28     3     3598
448     94     1     1021
449     40     37     3110
450     29     46     794
451     98     20     4446
452     42     36     1204
453     85     39     4108
454     2     37     1208
455     46     10     4745
456     64     13     438
457     1     35     2381
458     84     27     3922
459     60     21     276
460     46     40     3293
461     53     5     322
462     95     1     2212
463     93     23     1538
464     43     27     2147
465     59     45     3302
466     24     5     1072
467     20     5     3464
468     88     41     181
469     64     3     2550
470     85     32     732
471     10     46     1039
472     15     20     3864
473     91     32     245
474     87     35     1602
475     20     3     4030
476     50     23     1034
477     98     32     3500
478     64     6     352
479     64     29     873
480     57     10     1891
481     36     28     4473
482     15     18     363
483     48     17     4755
484     33     27     361
485     45     35     1037
486     49     15     4878
487     73     42     678
488     53     16     2185
489     19     36     156
490     4     14     2191
491     58     20     3253
492     78     47     1189
493     36     7     4405
494     34     29     959
495     65     11     3439
496     60     41     1114
497     55     37     755
498     66     19     1133
499     32     42     2193
500     20     32     2233
