1     61     33     2867
2     44     1     71
3     98     31     3274
4     79     42     25
5     24     12     3200
6     56     23     104
7     88     27     2904
8     10     32     31
9     78     26     3118
10     62     32     626
11     61     1     4627
12     34     37     454
13     84     12     120
14     86     22     943
15     60     12     3093
16     84     24     474
17     2     20     1904
18     2     28     3992
19     80     37     56
20     3     45     796
21     56     25     1101
22     69     2     3113
23     55     24     522
24     36     32     1967
25     12     42     3172
26     14     10     855
27     62     45     948
28     58     25     717
29     51     30     2847
30     48     13     541
31     70     44     4025
32     58     48     550
33     11     46     3543
34     22     36     1067
35     70     49     67
36     99     16     198
37     75     3     2133
38     37     4     3912
39     13     27     698
40     29     37     2254
41     73     46     4810
42     78     2     696
43     32     4     4222
44     95     17     889
45     67     42     572
46     92     28     884
47     58     11     549
48     54     27     4947
49     72     29     828
50     10     27     4137
51     67     28     117
52     96     15     1937
53     19     5     2463
54     6     4     608
55     91     47     3879
56     28     49     502
57     15     46     4768
58     44     43     644
59     57     15     2008
60     86     46     2326
61     25     2     2145
62     92     34     4655
63     68     41     915
64     31     11     1154
65     84     20     2465
66     90     10     3346
67     37     15     1205
68     53     1     1145
69     64     36     2743
70     1     4     1090
71     84     29     2645
72     69     35     1231
73     39     37     457
74     88     15     4693
75     55     47     28
76     15     5     2737
77     88     40     428
78     29     10     4938
79     95     15     908
80     64     2     1295
81     53     43     34
82     71     11     3855
83     21     49     467
84     64     4     1508
85     54     49     843
86     82     2     3071
87     57     19     937
88     62     39     2339
89     3     23     3763
90     95     2     1172
91     84     18     3705
92     40     21     149
93     76     15     3579
94     7     33     1164
95     68     44     2014
96     49     9     2321
97     15     1     2235
98     68     28     3071
99     42     22     181
100     89     30     2503
101     17     22     16
102     62     43     2992
103     89     16     845
104     36     16     3560
105     48     41     365
106     39     26     3542
107     92     24     9
108     90     45     1877
109     55     23     4895
110     19     30     944
111     59     28     730
112     7     35     3199
113     35     17     957
114     8     13     336
115     10     23     2013
116     42     41     2110
117     29     42     199
118     55     36     4829
119     93     8     915
120     95     47     2045
121     28     38     1647
122     87     21     2066
123     7     19     2741
124     71     20     574
125     21     5     4353
126     26     7     109
127     75     27     963
128     16     29     1575
129     15     10     3904
130     80     37     793
131     9     49     2400
132     25     26     2826
133     54     39     378
134     28     14     1473
135     66     21     4310
136     53     17     46
137     99     20     4969
138     37     29     54
139     63     29     877
140     43     2     3738
141     3     28     769
142     61     16     317
143     61     37     3435
144     65     4     776
145     20     24     206
146     1     40     777
147     21     17     1073
148     2     26     4696
149     78     2     957
150     82     23     4367
151     12     46     998
152     6     8     501
153     24     31     505
154     50     36     4195
155     87     4     1113
156     53     38     2815
157     38     14     852
158     72     49     3421
159     17     46     198
160     55     17     2166
161     65     29     612
162     52     28     4854
163     83     23     940
164     54     44     1495
165     30     11     2840
166     39     44     1032
167     94     19     1595
168     28     30     1279
169     35     8     2127
170     6     49     720
171     7     7     2486
172     32     42     3228
173     98     9     601
174     75     4     1964
175     66     45     4125
176     82     32     798
177     78     44     1148
178     89     21     94
179     83     42     1139
180     75     8     877
181     2     49     4328
182     79     24     517
183     78     35     1545
184     91     35     2260
185     81     46     2451
186     51     14     4520
187     86     11     384
188     80     17     3043
189     40     35     239
190     24     13     2287
191     19     3     336
192     91     38     4485
193     50     47     1200
194     98     47     2609
195     35     33     84
196     2     17     4966
197     83     6     987
198     97     10     4571
199     17     42     1020
200     8     8     2294
201     40     42     4380
202     12     5     127
203     89     6     710
204     57     36     48
205     39     37     761
206     22     38     4532
207     84     28     512
208     91     37     2407
209     81     47     3496
210     4     30     155
211     77     39     1574
212     16     35     2789
213     1     45     429
214     16     27     3494
215     69     9     1208
216     31     9     1595
217     67     4     1207
218     10     31     3254
219     72     47     323
220     37     26     3223
221     80     34     625
222     27     49     1795
223     94     12     1073
224     34     27     1841
225     62     45     4806
226     68     18     825
227     4     31     321
228     31     2     1213
229     3     49     1765
230     22     26     2093
231     88     25     2950
232     85     4     718
233     19     13     4393
234     81     46     307
235     59     43     4755
236     30     47     1024
237     27     27     3170
238     5     43     280
239     1     28     4133
240     71     11     742
241     75     23     1010
242     75     40     4289
243     9     29     802
244     22     18     3399
245     59     26     960
246     55     29     3390
247     53     40     641
248     46     42     3296
249     42     29     758
250     48     30     2805
251     11     21     300
252     82     15     4241
253     86     40     716
254     59     16     589
255     96     35     3962
256     82     20     374
257     93     28     4321
258     74     16     196
259     27     16     4342
260     47     34     1178
261     36     7     251
262     45     10     2743
263     75     7     112
264     46     2     4818
265     91     37     448
266     76     43     4810
267     12     2     219
268     69     12     399
269     87     1     2446
270     26     18     3688
271     63     25     1138
272     40     46     3802
273     52     11     933
274     69     36     1260
275     45     17     1839
276     38     43     2587
277     37     25     1129
278     7     10     862
279     94     9     3107
280     23     34     211
281     38     26     4028
282     21     45     1193
283     65     46     3971
284     31     6     816
285     12     42     1328
286     76     4     1810
287     46     4     177
288     46     35     509
289     98     44     4997
290     10     9     762
291     23     17     4183
292     63     18     415
293     78     18     4476
294     78     43     873
295     43     34     4346
296     74     40     943
297     24     39     3037
298     46     36     1210
299     93     43     2541
300     70     36     889
301     17     11     3633
302     29     41     661
303     94     29     3202
304     21     44     762
305     72     18     560
306     91     38     4073
307     39     45     1078
308     87     8     3958
309     24     26     650
310     71     27     3269
311     34     42     974
312     45     39     1805
313     21     15     1938
314     22     14     1843
315     25     6     4508
316     15     48     228
317     4     42     262
318     58     9     2545
319     96     41     132
320     32     36     4438
321     4     13     1158
322     14     11     3187
323     87     36     425
324     99     45     1153
325     47     31     944
326     53     44     1160
327     29     4     642
328     35     29     4579
329     17     25     855
330     32     19     1663
331     61     43     1247
332     58     34     3262
333     32     32     509
334     13     21     3884
335     99     5     1174
336     14     30     4110
337     63     8     856
338     63     39     1543
339     79     38     4595
340     96     21     647
341     35     13     4083
342     47     29     720
343     90     7     2396
344     64     22     4508
345     50     35     970
346     11     3     2335
347     52     35     812
348     53     10     2538
349     1     38     381
350     88     22     2388
351     13     24     3516
352     36     15     459
353     4     1     4073
354     38     38     919
355     33     37     4514
356     77     33     723
357     85     43     1567
358     39     46     4258
359     81     26     815
360     41     21     1470
361     53     28     4026
362     26     49     1168
363     29     18     3551
364     10     31     1255
365     47     42     4035
366     77     31     252
367     55     39     203
368     49     27     4103
369     86     7     247
370     70     34     3269
371     50     25     713
372     84     23     2463
373     10     4     3639
374     32     41     831
375     17     44     4748
376     65     46     1142
377     63     8     3494
378     25     14     1209
379     60     18     4671
380     39     1     83
381     17     42     3398
382     1     25     526
383     7     1     4241
384     13     35     16
385     49     23     4907
386     5     22     571
387     50     2     1826
388     9     14     5
389     33     13     638
390     31     34     3268
391     95     11     1130
392     55     32     724
393     90     32     4129
394     73     15     1239
395     5     44     2319
396     31     44     3468
397     84     13     1079
398     38     28     1819
399     63     19     3768
400     80     41     927
401     56     10     1479
402     98     40     424
403     70     13     3392
404     80     32     815
405     61     14     4801
406     30     30     864
407     87     25     566
408     79     35     2262
409     69     21     4776
410     56     39     361
411     77     46     2227
412     64     36     736
413     43     32     2383
414     69     20     1977
415     66     13     3540
416     68     14     243
417     13     22     2413
418     27     7     1473
419     55     27     664
420     92     41     221
421     88     26     2565
422     27     2     68
423     70     43     4198
424     35     49     1013
425     30     47     1160
426     13     32     4527
427     86     34     854
428     93     41     2874
429     12     41     778
430     46     40     2099
431     36     42     684
432     18     29     3423
433     99     16     1086
434     6     41     3340
435     4     36     628
436     20     15     4865
437     71     40     225
438     53     11     1873
439     52     41     458
440     82     13     4407
441     25     16     609
442     25     8     616
443     41     25     115
444     37     22     2037
445     13     21     127
446     40     9     3440
447     35     7     471
448     85     14     4429
449     94     23     102
450     70     48     2129
451     16     45     4284
452     26     43     828
453     21     46     402
454     48     18     4438
455     7     38     109
456     79     4     3356
457     99     20     1231
458     84     34     4166
459     73     25     16
460     96     35     4094
461     82     23     925
462     64     44     910
463     88     18     2829
464     51     12     0
465     26     6     765
466     84     45     2068
467     55     15     3187
468     26     43     386
469     15     37     4888
470     8     19     201
471     42     36     3397
472     76     46     124
473     53     41     825
474     42     20     4772
475     40     11     733
476     68     20     4714
477     61     48     209
478     58     48     4155
479     64     35     148
480     39     24     298
481     78     36     2922
482     11     4     593
483     38     2     1947
484     58     8     2497
485     84     10     4733
486     10     49     223
487     20     8     3644
488     55     27     914
489     13     6     1076
490     84     7     4188
491     81     13     53
492     34     2     634
493     17     19     1871
494     11     6     868
495     77     4     4426
496     26     8     1035
497     74     31     4161
498     24     15     1256
499     9     34     2912
500     44     7     521
