1     19     73     4984
2     2     76     729
3     37     134     6005
4     42     29     1167
5     24     116     2947
6     33     10     2991
7     20     67     3824
8     28     116     944
9     20     155     3500
10     39     59     1431
11     25     126     360
12     44     175     5627
13     41     10     1139
14     24     56     664
15     38     1     3026
16     5     27     4175
17     49     188     1053
18     27     155     2866
19     12     101     54
20     19     143     744
21     14     149     2611
22     9     99     1029
23     21     190     4487
24     32     193     167
25     2     94     2019
26     44     28     1974
27     8     110     4174
28     42     148     1097
29     38     199     3394
30     10     49     69
31     41     164     2785
32     28     108     2517
33     33     154     2759
34     35     135     883
35     45     191     775
36     28     31     2606
37     36     143     2646
38     35     93     3140
39     33     62     105
40     31     128     5778
41     32     91     274
42     34     156     656
43     43     103     3759
44     22     99     815
45     31     91     5071
46     48     90     115
47     13     47     5901
48     1     170     512
49     33     56     5777
50     41     148     58
51     13     9     5989
52     12     35     1376
53     6     131     2387
54     42     160     839
55     13     129     1878
56     37     169     3144
57     47     127     409
58     20     135     5368
59     27     136     1504
60     35     54     1838
61     2     43     4479
62     35     147     1268
63     35     139     1419
64     11     78     1087
65     49     140     5922
66     28     158     1200
67     7     2     665
68     28     161     201
69     46     44     4593
70     29     4     883
71     18     93     2636
72     13     18     4832
73     14     8     309
74     32     128     1572
75     31     55     1488
76     13     183     5395
77     19     146     1338
78     19     84     6096
79     21     156     1151
80     23     194     2771
81     33     161     1066
82     21     159     5715
83     22     135     761
84     2     86     3322
85     30     7     787
86     4     184     2252
87     46     158     6
88     48     130     641
89     20     193     3717
90     14     26     1480
91     43     70     1093
92     48     176     5221
93     26     130     548
94     43     80     3538
95     5     191     1085
96     14     44     3675
97     41     6     976
98     25     161     668
99     27     15     5348
100     41     95     541
101     19     79     3958
102     44     183     104
103     4     25     1059
104     17     5     618
105     47     159     3590
106     41     76     263
107     43     62     1347
108     41     158     2350
109     9     154     3768
110     35     158     24
111     8     88     5671
112     4     41     1220
113     10     35     4230
114     34     30     1322
115     8     138     4674
116     46     127     117
117     4     123     5312
118     15     169     22
119     44     166     4489
120     31     65     1210
121     12     168     4975
122     33     125     1105
123     40     24     4296
124     26     55     1080
125     12     150     2138
126     32     106     5476
127     1     87     216
128     21     51     1251
129     18     150     2420
130     9     178     69
131     31     95     502
132     3     31     3750
133     43     87     687
134     7     121     750
135     24     55     1345
136     5     64     6062
137     36     89     930
138     32     136     1584
139     16     91     2622
140     2     54     2786
141     42     167     2981
142     43     3     673
143     23     103     2510
144     11     116     2891
145     9     89     1389
146     9     42     4525
147     31     84     1264
148     8     17     1153
149     39     197     2920
150     12     29     1910
151     17     143     6
152     10     56     5259
153     32     73     1507
154     24     175     3078
155     28     170     1840
156     32     2     2486
157     1     185     3438
158     33     137     473
159     36     95     5472
160     48     105     1252
161     8     123     1862
162     18     81     5635
163     40     164     775
164     27     105     241
165     21     138     4921
166     3     167     1537
167     7     139     4787
168     45     179     760
169     6     141     758
170     31     60     2292
171     31     104     1097
172     41     13     1412
173     48     165     826
174     38     192     5493
175     39     131     543
176     18     141     448
177     36     107     319
178     49     163     1499
179     1     20     1836
180     48     48     5531
181     15     61     872
182     44     107     1775
183     38     128     5703
184     11     37     1443
185     29     141     5692
186     5     121     883
187     48     128     5743
188     1     27     42
189     36     46     3853
190     33     47     1016
191     12     87     3557
192     3     77     1184
193     14     95     4814
194     30     65     1491
195     5     2     5503
196     15     13     1494
197     26     187     3
198     23     72     287
199     41     118     376
200     37     187     2734
201     20     98     3728
202     41     95     748
203     30     164     4459
204     37     198     1448
205     31     145     3190
206     9     139     1113
207     13     68     182
208     22     63     3043
209     12     66     2685
210     23     120     185
211     10     4     4875
212     16     97     1181
213     33     93     2740
214     48     46     5424
215     8     3     1207
216     2     138     1090
217     33     17     272
218     13     19     1590
219     25     107     1990
220     36     152     3023
221     28     104     609
222     20     181     5848
223     47     156     90
224     11     42     2767
225     24     147     4726
226     40     90     159
227     38     29     958
228     10     128     5437
229     28     145     978
230     12     99     1020
231     10     23     5691
232     7     155     112
233     20     140     3338
234     49     23     361
235     38     183     605
236     45     114     3265
237     9     90     750
238     24     69     1341
239     37     87     5907
240     1     111     1309
241     8     144     5674
242     27     11     1504
243     18     84     3091
244     3     30     1489
245     33     174     3328
246     15     36     1406
247     49     2     5553
248     3     174     1169
249     8     97     2930
250     19     132     5684
251     22     46     493
252     40     129     4066
253     42     23     1203
254     4     96     3653
255     23     191     1071
256     39     129     5299
257     23     9     369
258     1     33     2493
259     43     62     1552
260     18     173     1678
261     4     117     618
262     4     78     1121
263     25     199     4290
264     32     52     1252
265     38     174     514
266     22     30     6059
267     20     137     869
268     29     115     3040
269     25     185     5620
270     11     3     1186
271     18     49     4647
272     46     20     1468
273     8     61     4032
274     44     177     774
275     45     149     971
276     30     18     5958
277     18     14     574
278     21     170     4358
279     17     31     53
280     29     196     6104
281     42     72     1441
282     19     198     2971
283     10     189     5996
284     22     13     59
285     20     1     3279
286     28     20     788
287     27     35     2822
288     2     174     3590
289     24     39     1209
290     27     26     4174
291     40     173     440
292     40     119     2576
293     9     6     5296
294     8     65     255
295     12     144     1250
296     32     88     637
297     23     69     5330
298     10     116     466
299     7     23     2657
300     7     44     908
301     47     179     3007
302     7     141     1117
303     21     126     1616
304     23     137     4833
305     4     193     1215
306     48     93     2422
307     20     165     4177
308     45     170     3
309     12     47     5582
310     33     59     1272
311     48     69     2916
312     6     109     737
313     25     61     1603
314     14     61     4894
315     43     176     657
316     35     41     1831
317     41     60     842
318     31     32     4054
319     29     151     1071
320     25     127     3
321     7     101     4991
322     32     51     1422
323     44     154     1137
324     19     184     945
325     3     135     6153
326     2     130     831
327     24     1     482
328     11     109     4027
329     18     180     832
330     37     33     5678
331     21     129     469
332     42     50     3482
333     8     180     1011
334     27     87     1706
335     9     45     5704
336     1     191     1257
337     41     162     2615
338     38     95     4633
339     15     144     1197
340     13     43     1098
341     21     128     1612
342     13     170     1917
343     22     14     4683
344     1     21     179
345     30     34     1676
346     49     191     138
347     26     119     1220
348     2     165     1314
349     29     135     1548
350     3     158     1650
351     2     9     1842
352     15     128     4135
353     32     66     761
354     44     30     3769
355     11     48     977
356     3     156     5933
357     12     82     629
358     11     53     122
359     38     150     5432
360     31     8     675
361     48     113     5823
362     34     168     1487
363     27     111     4377
364     33     150     458
365     22     84     283
366     7     19     1829
367     4     51     3993
368     14     72     1445
369     47     188     3981
370     22     145     1141
371     38     113     1022
372     24     167     5648
373     18     195     1504
374     42     177     6163
375     35     23     1060
376     8     132     1963
377     45     183     1235
378     48     33     5827
379     18     55     964
380     42     47     95
381     19     95     1580
382     39     157     6091
383     36     28     1492
384     40     16     2572
385     44     179     2239
386     14     122     3181
387     16     189     316
388     29     125     3792
389     9     33     515
390     9     182     3498
391     18     184     1511
392     38     100     5644
393     18     134     1218
394     7     198     985
395     3     145     4081
396     30     51     348
397     6     110     6034
398     34     167     247
399     15     52     62
400     27     35     2973
401     1     76     1617
402     32     172     2769
403     18     171     5699
404     49     2     143
405     26     159     2061
406     31     151     935
407     16     137     3579
408     31     154     1530
409     10     144     2689
410     42     146     2350
411     11     177     6058
412     26     19     1371
413     14     66     1425
414     2     103     3752
415     45     154     254
416     26     189     5605
417     36     98     523
418     33     57     5115
419     45     168     548
420     49     188     5140
421     12     35     61
422     22     82     2925
423     31     31     327
424     47     69     2477
425     43     69     6058
426     12     110     841
427     6     58     4752
428     15     65     1426
429     26     193     4031
430     3     143     426
431     34     61     1428
432     15     113     2675
433     43     164     4146
434     39     126     166
435     18     158     1556
436     31     47     2294
437     1     114     650
438     4     183     5117
439     45     140     1109
440     3     18     3112
441     17     20     1397
442     44     38     1993
443     17     19     5459
444     6     26     734
445     46     26     5067
446     12     116     233
447     16     171     2613
448     20     110     2110
449     41     51     1548
450     33     5     892
451     22     48     2579
452     45     77     1505
453     37     24     4655
454     23     156     1308
455     12     131     3677
456     22     18     1130
457     13     125     5281
458     39     196     1374
459     35     159     5972
460     4     165     77
461     11     6     864
462     41     31     474
463     3     118     2485
464     27     186     2396
465     45     167     2516
466     5     64     3076
467     24     147     1197
468     46     156     2754
469     34     120     5495
470     32     4     807
471     45     93     1623
472     22     136     2343
473     7     8     4684
474     6     110     1517
475     38     32     209
476     18     166     2676
477     33     93     2003
478     25     82     3674
479     49     36     1125
480     36     174     3552
481     6     103     770
482     23     57     235
483     47     125     3952
484     38     10     1
485     11     157     2732
486     16     33     1673
487     36     158     2703
488     32     50     5095
489     34     63     624
490     10     16     2147
491     10     128     4131
492     44     111     1046
493     3     51     74
494     47     141     3418
495     36     31     308
496     40     8     2160
497     41     173     3505
498     4     16     581
499     11     192     4753
500     19     134     865
