1        3        3      197
2       10        9       62
3       14        2      103
4        4        5      104
5        8        5       42
6        5        4      162
7        7        5      100
8       12        9      227
9        6        1       68
10        8        8      183
11       12        9       25
12       10        5       18
13        8        2       66
14       11        8       86
15        3        6       84
16        4        7      151
17        3        9      140
18        3        2      132
19        5        3      191
20       13        3       68
21        5        8       41
22        9        9       71
23       10        2       27
24        4        8       85
25        7        3      114
26        9        2       81
27        3        7       24
28        4        4      143
29       11        5       67
30        6        3      212
31       15        6      223
32        9        6      168
33       10        2       56
34        4        7      142
35        6        3      182
36        9        2       51
37        5        9       61
38        7        8      229
39        8        7      160
40       10        1       63
41       11        6      141
42        7        7      100
43        7        5      134
44       14        5       34
45       14        7       14
46        7        2      119
47       10        1        8
48       15        5      156
49        5        6       97
50       10        2      166
51        8        2      178
52        3        7       65
53        8        8       27
54        5        4      128
55       15        1      152
56        4        2      182
57        6        9       54
58       12        3       28
59       11        4      199
60        3        1       76
61       13        9       19
62        4        6      116
63       15        2      200
64       13        1      227
65        7        4      165
66        4        4      115
67        8        7      111
68       15        6      185
69       13        5       46
70        9        5      191
71       13        8      201
72       10        9       97
73       14        5      140
74       11        6       81
75        4        8       31
76       12        1       35
77        4        2      214
78        3        2      216
79       13        7      199
80        3        8        0
81       15        4      200
82        5        4      226
83       10        5       30
84        3        1      203
85       11        3       58
86       15        5       65
87        5        1      213
88        6        8      130
89        7        3        8
90        4        2      152
91        9        2       11
92       12        4       61
93       14        8       61
94       11        8      133
95        7        4       98
96        4        4      166
97        4        5       21
98        6        9      146
99        7        6      198
100        5        3      148
101        4        8        6
102        4        8      132
103        7        8       97
104       15        2       31
105        9        6      116
106        7        8       39
107       11        3       78
108       12        7       57
109       15        7      212
110        4        6       40
111       10        3      153
112        3        9      178
113        6        3      126
114       12        9      126
115        3        5       95
116       14        8      134
117        4        6      143
118        7        4        2
119        6        5      163
120       10        6        1
121       15        2       45
122        5        7      173
123        5        7      179
124        9        9      210
125        9        3        6
126       10        5       30
127        6        3      101
128        5        8      229
129       11        2       89
130       14        9       50
131        3        9       33
132       11        7       76
133       10        4      178
134        6        7      177
135        9        5       93
136        7        9       72
137        5        6      140
138        4        7      101
139       15        7      171
140       10        5      155
141        6        5      225
142       11        5      229
143        6        9       90
144        9        6      101
145        3        4      197
146       10        8      113
147        3        7        7
148        3        9      220
149        3        1       56
150        4        6      177
151        5        4       90
152        8        7      153
153       13        7      147
154       13        6      153
155        7        2      203
156        8        8      184
157       11        3       17
158        8        2       44
159        9        6       95
160       11        8      137
161        6        1      182
162       10        6       58
163        8        8       78
164       12        6       82
165       15        8      226
166       15        4      123
167        8        9      112
168       11        7       29
169       13        5      119
170       15        1       29
171       15        7       15
172       13        6       41
173        5        7        7
174       10        4       68
175        8        7      107
176        5        7       47
177       12        2       66
178        3        2       66
179        3        3       38
180       14        3        3
181       15        9       26
182       11        5      190
183        6        1       87
184       11        1       87
185       10        2        7
186       10        6       16
187       11        5      130
188        4        8       80
189       14        3        7
190        3        4      101
191        4        2       80
192       12        4       26
193       13        2       39
194        6        5       36
195        8        5       78
196        8        1      193
197        3        5       11
198        9        2      160
199        7        8      198
200       10        6       14
