50.100     6522     6302
50.078     6512     6302
50.078     6512     6302
50.100     6512     6302
50.100     6512     6302
50.100     6512     6302
50.100     6512     6302
50.078     6512     6302
50.078     6512     6302
50.078     6512     6302
             
50.132     6441     6253
50.647     6441     6253
50.647     6449     6253
50.132     6441     6253
50.647     6441     6253
50.647     6441     6253
50.132     6441     6253
50.647     6449     6253
50.647     6441     6253
50.132     6441     6253
             
50.371     6305     6103.25
50.024     6299     6103.25
50.024     6299     6103.25
50.371     6289     6103.25
50.371     6299     6103.25
50.371     6299     6103.25
50.371     6289     6103.25
50.024     6299     6103.25
50.024     6299     6103.25
50.024     6299     6103.25
             
50.295     6377     6176.38
50.239     6368     6176.38
50.239     6368     6176.38
50.295     6377     6176.38
50.295     6368     6176.38
50.295     6368     6176.38
50.295     6377     6176.38
50.239     6368     6176.38
50.239     6368     6176.38
50.239     6368     6176.38
             
50.092     6305     6120.5
50.492     6315     6120.5
50.492     6305     6120.5
50.092     6305     6120.5
50.492     6305     6120.5
50.492     6305     6120.5
50.092     6305     6120.5
50.492     6305     6120.5
50.492     6315     6120.5
50.092     6305     6120.5
             
50.837     6303     6123.38
50.118     6317     6123.38
50.118     6304     6123.38
50.837     6303     6123.38
50.837     6304     6123.38
50.837     6304     6123.38
50.837     6303     6123.38
50.118     6304     6123.38
50.118     6317     6123.38
50.118     6303     6123.38
             
50.738     6420     6153.38
50.002     6417     6153.38
50.002     6420     6153.38
50.738     6426     6153.38
50.738     6417     6153.38
50.738     6417     6153.38
50.738     6426     6153.38
50.002     6420     6153.38
50.002     6417     6153.38
50.002     6417     6153.38
             
50.462     6411     6209.25
50.086     6412     6209.25
50.086     6411     6209.25
50.462     6411     6209.25
50.462     6412     6209.25
50.462     6412     6209.25
50.462     6411     6209.25
50.086     6411     6209.25
50.086     6412     6209.25
50.086     6411     6209.25
             
50.204     6579     6373.88
50.552     6575     6373.88
50.552     6575     6373.88
50.204     6579     6373.88
50.552     6575     6373.88
50.552     6575     6373.88
50.204     6579     6373.88
50.552     6575     6373.88
50.552     6575     6373.88
50.204     6575     6373.88
             
50.274     6281     6099.38
50.581     6281     6099.38
50.581     6284     6099.38
50.274     6281     6099.38
50.581     6281     6099.38
50.581     6281     6099.38
50.274     6281     6099.38
50.581     6284     6099.38
50.581     6281     6099.38
50.274     6281     6099.38
             
