1        5        5      175
2       14        7      111
3        5        4       44
4       10        5      422
5        6        3       46
6       10        6       35
7        3        5      239
8       11        6       51
9       15        1      310
10        9        6       53
11       11        4      343
12        3        1      127
13       13        6      191
14       11        9        8
15       10        8       20
16       14        6      297
17        9        2       98
18        8        2      116
19       12        6       18
20       12        6      178
21       15        6      234
22       14        3      388
23       12        9      157
24        6        6      360
25       12        1      444
26       10        1      395
27       11        5      117
28        8        3      149
29        5        6       86
30        5        4      402
31        3        2      218
32        9        5      414
33       12        7      455
34       15        7      146
35        6        6      278
36       12        6       37
37        3        7       74
38        8        2       13
39        5        2      308
40        5        9        8
41       14        2       76
42       15        5      171
43        5        1      228
44        3        7      315
45       13        8      366
46       14        5      137
47       14        4      257
48       12        2      369
49        5        5      444
50        5        8       37
51        5        2      233
52        4        7      386
53        8        4      219
54        7        4      401
55       14        1      275
56        8        6       67
57        3        7       81
58       15        2      212
59       10        9      209
60       11        5      178
61       13        7       98
62        7        6      434
63        4        7      169
64       15        9      340
65       12        6      353
66        9        2      274
67       15        8      217
68        6        9        0
69        8        9      113
70        9        1      306
71        4        2      122
72       14        1      430
73       14        9      113
74       10        1      367
75        7        7      137
76        4        1      340
77       11        1      343
78       15        2      451
79       12        4       63
80        8        9      304
81       12        4      316
82       15        3      351
83        3        3      347
84        3        6       10
85       11        3       18
86       10        6       96
87        5        1      149
88       15        8      363
89       12        8      358
90        3        3      379
91        7        5      278
92        9        9      350
93        9        1      364
94        4        3      375
95       10        1       13
96       10        6      317
97        9        6      413
98        9        1      428
99       15        7      440
100        8        9      416
101        6        4      143
102        8        6       74
103        6        8      459
104        9        7      406
105        4        5       67
106       14        5       80
107       13        7      296
108        8        2      392
109        8        4      172
110       12        8      409
111        6        5      431
112        5        3       42
113        6        4      374
114       11        5      155
115        4        7        8
116       14        7       46
117        4        8      209
118        4        5      254
119        6        2      191
120       11        2      248
121       10        6      427
122        4        3       27
123        5        9      199
124       10        2      432
125        3        8      435
126        9        5      426
127       10        7      443
128        4        8      374
129        3        6      139
130        3        8      248
131       14        4      449
132       12        5      303
133        5        7      229
134        8        3       13
135        6        1      363
136        5        8       90
137        9        3       85
138       10        2       77
139       13        6      258
140       15        4      170
141       11        9      422
142        5        9       33
143        5        7      373
144        9        8      131
145        7        9       22
146        9        3      229
147        4        9      387
148        5        3       83
149        3        2      315
150        5        1      403
151       14        7      241
152       13        3        6
153       11        9      376
154       13        3      398
155       12        3       50
156       10        6       56
157        8        6      299
158       14        6      453
159       12        4      307
160       11        6      334
161        5        1      108
162        3        5      246
163        6        3        0
164        4        8       63
165       14        2      245
166        8        8      322
167        8        3      228
168       14        3      249
169        4        3      439
170        9        5      373
171       10        8      350
172        5        6       50
173        9        8      366
174        3        4      389
175        6        4      168
176        3        9       24
177       13        5      305
178        3        8        4
179       10        6      177
180        3        7      277
181        7        8      268
182        8        8      199
183       15        6      133
184        9        9      178
185       10        9      309
186       12        2      174
187        7        9      264
188       15        6      206
189        6        4      352
190       12        9      424
191        6        3      152
192        6        6      386
193       12        9       98
194        6        3       73
195       13        6      294
196        3        1      176
197       11        5       72
198       15        6      195
199        8        4      115
200        3        3       60
