50.002     50896     49563.5
50.016     50987     49563.5
50.016     50987     49563.5
50.002     50896     49563.5
50.016     50987     49563.5
50.016     50987     49563.5
50.002     50896     49563.5
50.016     50987     49563.5
50.016     50987     49563.5
50.016     50987     49563.5
             
50.019     49021     48224
50.018     48923     48224
50.018     48923     48224
50.019     49021     48224
50.019     49021     48224
50.019     49021     48224
50.019     49021     48224
50.018     48923     48224
50.018     48923     48224
50.019     49021     48224
             
50.018     50423     49056.5
50.006     50355     49056.5
50.006     50355     49056.5
50.018     50423     49056.5
50.018     50423     49056.5
50.018     50423     49056.5
50.018     50423     49056.5
50.006     50355     49056.5
50.006     50355     49056.5
50.018     50423     49056.5
             
50.004     51536     49584
50.023     51643     49584
50.023     51643     49584
50.004     51536     49584
50.023     51643     49584
50.023     51643     49584
50.004     51536     49584
50.023     51643     49584
50.023     51643     49584
50.023     51643     49584
             
35     51270     49921.5
50.022     51325     49921.5
50.022     51325     49921.5
35     51270     49921.5
50.022     51325     49921.5
50.022     51325     49921.5
35     51270     49921.5
50.022     51325     49921.5
50.022     51325     49921.5
50.022     51325     49921.5
             
50.026     49997     48934
50.001     50204     48934
50.001     50204     48934
50.026     49997     48934
50.026     50204     48934
50.026     50204     48934
50.026     49997     48934
50.001     50204     48934
50.001     50204     48934
50.026     50204     48934
             
50.029     51438     50043
50.030     51248     50043
50.030     51248     50043
50.029     51438     50043
50.030     51438     50043
50.030     51438     50043
50.029     51438     50043
50.030     51248     50043
50.030     51248     50043
50.030     51438     50043
             
50.019     52730     51571
50.013     52720     51571
50.013     52720     51571
50.019     52730     51571
50.019     52730     51571
50.019     52730     51571
50.019     52730     51571
50.013     52720     51571
50.013     52720     51571
50.019     52730     51571
             
50.013     53744     51799.5
50.002     53692     51799.5
50.002     53692     51799.5
50.013     53744     51799.5
50.013     53744     51799.5
50.013     53744     51799.5
50.013     53744     51799.5
50.002     53692     51799.5
50.002     53692     51799.5
50.013     53744     51799.5
             
50.010     50911     49999
50.031     50843     49999
50.031     50843     49999
50.010     50911     49999
50.031     50911     49999
50.031     50911     49999
50.010     50911     49999
50.031     50843     49999
50.031     50843     49999
50.031     50911     49999
             
