50.077     50973     49563.5
50.013     50987     49563.5
50.013     50987     49563.5
50.077     50973     49563.5
50.077     50973     49563.5
50.077     50973     49563.5
50.077     50973     49563.5
50.013     50987     49563.5
50.013     50987     49563.5
50.013     50973     49563.5
             
50.091     48822     48224
50.078     48922     48224
50.078     48922     48224
50.091     48822     48224
50.091     48922     48224
50.091     48922     48224
50.091     48822     48224
50.078     48922     48224
50.078     48922     48224
50.078     48922     48224
             
50.110     50163     49056.5
50.050     50263     49056.5
50.050     50163     49056.5
50.110     50163     49056.5
50.110     50163     49056.5
50.110     50163     49056.5
50.110     50163     49056.5
50.050     50163     49056.5
50.050     50263     49056.5
50.050     50163     49056.5
             
50.033     50984     49584
50.180     51084     49584
50.180     51084     49584
50.033     50984     49584
50.180     50984     49584
50.180     50984     49584
50.033     50984     49584
50.180     51084     49584
50.180     51084     49584
50.033     50984     49584
             
50.059     51222     49921.5
50.108     51421     49921.5
50.108     51222     49921.5
50.059     51222     49921.5
50.108     51222     49921.5
50.108     51323     49921.5
50.059     51325     49921.5
50.108     51323     49921.5
50.108     51321     49921.5
50.059     51222     49921.5
             
50.117     49896     48934
50.070     49896     48934
50.070     49797     48934
50.117     49797     48934
50.117     49896     48934
50.117     49896     48934
50.117     49896     48934
50.070     49797     48934
50.070     49896     48934
50.070     49797     48934
             
50.118     50742     50043
50.044     50742     50043
50.044     50760     50043
50.118     50742     50043
50.118     50742     50043
50.118     50742     50043
50.118     50742     50043
50.044     50760     50043
50.044     50742     50043
50.044     50742     50043
             
50.146     52575     51571
50.167     52574     51571
50.167     52574     51571
50.146     52575     51571
50.167     52575     51571
50.167     52575     51571
50.146     52575     51571
50.167     52574     51571
50.167     52574     51571
50.146     52574     51571
             
50.009     53691     51799.5
50.112     53691     51799.5
50.112     53691     51799.5
50.009     53659     51799.5
50.112     53659     51799.5
50.112     53659     51799.5
50.009     53659     51799.5
50.112     53691     51799.5
50.112     53691     51799.5
50.009     53691     51799.5
             
50.116     50711     49999
50.141     50811     49999
50.141     50811     49999
50.116     50718     49999
50.141     50711     49999
50.141     50711     49999
50.116     50718     49999
50.141     50811     49999
50.141     50811     49999
50.116     50711     49999
             
