50.844     50987     49563.5
50.031     51086     49563.5
50.031     51086     49563.5
50.844     50987     49563.5
50.844     51086     49563.5
50.844     51086     49563.5
50.844     50987     49563.5
50.031     51086     49563.5
50.031     51086     49563.5
50.844     51086     49563.5
             
50.015     48822     48224
50.019     49021     48224
50.019     49021     48224
50.015     48822     48224
50.019     49021     48224
50.019     49021     48224
50.015     48822     48224
50.019     49021     48224
50.019     49021     48224
50.019     49021     48224
             
50.012     50166     49056.5
50.033     50263     49056.5
50.033     50263     49056.5
50.012     50166     49056.5
50.033     50166     49056.5
50.033     50166     49056.5
50.012     50166     49056.5
50.033     50263     49056.5
50.033     50263     49056.5
50.033     50263     49056.5
             
50.021     51183     49584
50.309     51283     49584
50.309     51283     49584
50.021     51183     49584
50.309     51283     49584
50.309     51283     49584
50.021     51183     49584
50.309     51283     49584
50.309     51283     49584
50.309     51283     49584
             
50.027     51421     49921.5
50.026     51222     49921.5
50.026     51222     49921.5
50.027     51421     49921.5
50.027     51421     49921.5
50.027     51421     49921.5
50.027     51421     49921.5
50.026     51222     49921.5
50.026     51222     49921.5
50.027     51421     49921.5
             
50.000     49797     48934
50.014     49996     48934
50.014     49996     48934
50.000     49797     48934
50.014     49996     48934
50.014     49996     48934
50.000     49797     48934
50.014     49996     48934
50.014     49996     48934
50.014     49996     48934
             
50.013     50941     50043
50.005     51040     50043
50.005     51040     50043
50.013     50941     50043
50.013     51040     50043
50.013     51040     50043
50.013     50941     50043
50.005     51040     50043
50.005     51040     50043
50.013     51040     50043
             
50.006     52674     51571
50.014     52674     51571
50.014     52674     51571
50.006     52674     51571
50.014     52674     51571
50.014     52674     51571
50.006     52674     51571
50.014     52674     51571
50.014     52674     51571
50.014     52674     51571
             
50.058     53691     51799.5
50.042     53659     51799.5
50.042     53592     51799.5
50.058     53691     51799.5
50.058     53691     51799.5
50.058     53691     51799.5
50.058     53691     51799.5
50.042     53592     51799.5
50.042     53659     51799.5
50.058     53691     51799.5
             
50.385     50811     49999
50.010     50811     49999
50.010     50718     49999
50.385     50811     49999
50.385     50811     49999
50.385     50811     49999
50.385     50811     49999
50.010     50718     49999
50.010     50811     49999
50.385     50811     49999
             
