30.033     3975     3733.63
30.001     3975     3733.63
30.001     3952     3733.63
30.001     3952     3733.63
30.001     3975     3733.63
30.001     3975     3733.63
30.001     3952     3733.63
30.001     3952     3733.63
30.001     3975     3733.63
30.033     3975     3733.63
             
30.032     3885     3798
30.001     3889     3798
30.001     3889     3798
30.001     3889     3798
30.001     3889     3798
30.001     3889     3798
30.001     3889     3798
30.001     3889     3798
30.001     3889     3798
30.032     3889     3798
             
30.017     3754     3743
30.048     3786     3743
30.037     3786     3743
30.037     3786     3743
30.048     3786     3743
30.048     3786     3743
30.037     3786     3743
30.037     3786     3743
30.048     3786     3743
30.048     3786     3743
             
30.037     4059     3765.5
30.001     4059     3765.5
30.032     4057     3765.5
30.032     4057     3765.5
30.001     4059     3765.5
30.001     4059     3765.5
30.032     4057     3765.5
30.032     4057     3765.5
30.001     4059     3765.5
30.037     4059     3765.5
             
30.032     4066     3884
30.001     4066     3884
30.036     4066     3884
30.036     4066     3884
30.001     4066     3884
30.001     4066     3884
30.036     4066     3884
30.036     4066     3884
30.001     4066     3884
30.032     4066     3884
             
30.033     4145     4013
30.016     4145     4013
30.048     4145     4013
30.048     4145     4013
30.016     4145     4013
30.016     4145     4013
30.048     4145     4013
30.048     4145     4013
30.016     4145     4013
30.033     4145     4013
             
30.001     4090     3926
30.001     4086     3926
30.048     4090     3926
30.048     4090     3926
30.001     4086     3926
30.001     4086     3926
30.048     4090     3926
30.048     4090     3926
30.001     4086     3926
30.001     4090     3926
             
0.062     3938     3938
0.078     3938     3938
0.063     3938     3938
0.062     3938     3938
0.062     3938     3938
0.062     3938     3938
0.062     3938     3938
0.063     3938     3938
0.078     3938     3938
0.078     3938     3938
             
30.017     3985     3798
30.017     3985     3798
30.001     3985     3798
30.017     3950     3798
30.017     3952     3798
30.017     3952     3798
30.017     3950     3798
30.001     3985     3798
30.017     3985     3798
30.017     3985     3798
             
30.017     3892     3771
30.032     3892     3771
30.032     3892     3771
30.017     3892     3771
30.005     3892     3771
30.005     3892     3771
30.017     3892     3771
30.032     3892     3771
30.032     3892     3771
30.032     3892     3771
             
