1     50     39     635
2     79     31     96
3     97     5     284
4     86     16     466
5     62     24     46
6     57     49     178
7     37     23     614
8     5     5     74
9     2     49     425
10     53     14     44
11     79     3     360
12     88     14     90
13     57     24     53
14     17     38     531
15     84     25     42
16     83     23     266
17     49     47     2
18     4     43     265
19     54     19     344
20     52     19     29
21     36     3     432
22     49     35     143
23     13     16     186
24     14     30     120
25     62     45     483
26     35     41     105
27     58     15     539
28     14     9     79
29     31     49     69
30     70     24     383
31     27     47     32
32     25     15     640
33     20     18     50
34     21     2     476
35     62     1     51
36     63     7     596
37     61     39     93
38     78     9     411
39     87     40     104
40     90     18     131
41     94     27     302
42     81     12     192
43     48     10     486
44     90     19     159
45     61     46     603
46     47     18     37
47     45     22     487
48     17     22     53
49     63     38     462
50     85     45     140
51     22     22     116
52     54     34     466
53     17     1     24
54     57     43     96
55     20     14     32
56     73     41     569
57     85     13     51
58     81     26     272
59     27     21     478
60     6     46     52
61     94     12     628
62     80     18     87
63     79     49     635
64     31     25     97
65     8     8     411
66     55     10     57
67     75     39     250
68     38     26     637
69     32     33     161
70     47     8     93
71     24     40     82
72     86     10     279
73     47     38     554
74     57     49     36
75     30     42     551
76     69     1     62
77     16     38     384
78     91     43     119
79     71     12     332
80     14     2     31
81     27     47     78
82     27     25     641
83     87     32     151
84     72     44     175
85     45     20     162
86     67     39     79
87     11     46     593
88     38     3     25
89     80     27     605
90     62     44     104
91     35     27     563
92     15     37     146
93     44     30     162
94     18     3     548
95     29     17     146
96     75     7     62
97     88     7     490
98     29     37     119
99     94     24     509
100     88     40     61
101     66     25     177
102     28     7     447
103     34     3     95
104     49     9     433
105     12     41     101
106     61     42     300
107     1     35     166
108     84     16     352
109     33     28     35
110     59     36     60
111     78     33     557
112     45     14     97
113     15     45     615
114     41     15     24
115     61     35     77
116     96     23     360
117     34     19     61
118     23     23     100
119     65     49     9
120     98     29     470
121     85     21     21
122     85     3     592
123     91     12     97
124     22     45     411
125     52     31     9
126     6     43     315
127     60     21     213
128     49     44     287
129     81     19     413
130     68     44     30
131     98     11     269
132     40     2     231
133     75     19     492
134     27     45     38
135     66     41     286
136     78     30     408
137     14     23     114
138     4     6     549
139     29     11     149
140     34     14     233
141     28     33     479
142     3     13     157
143     16     24     349
144     68     13     98
145     92     10     137
146     52     47     401
147     79     39     134
148     23     23     631
149     14     46     26
150     19     32     491
151     53     45     116
152     28     28     131
153     87     42     310
154     33     19     558
155     45     16     15
156     70     20     364
157     69     33     152
158     1     22     425
159     18     7     121
160     46     16     33
161     76     9     214
162     78     38     540
163     71     46     125
164     68     49     511
165     27     14     129
166     17     2     426
167     46     17     24
168     86     16     566
169     20     39     77
170     69     18     469
171     92     17     68
172     23     45     22
173     82     47     330
174     26     44     59
175     44     36     512
176     38     32     43
177     39     3     513
178     9     40     98
179     53     19     15
180     31     48     631
181     98     9     100
182     62     36     621
183     62     25     98
184     51     23     560
185     67     41     152
186     13     1     417
187     41     45     161
188     86     39     497
189     64     25     120
190     65     34     284
191     86     3     629
192     77     35     100
193     90     38     40
194     22     28     429
195     83     13     89
196     12     45     554
197     53     39     4
198     68     31     222
199     53     44     221
200     49     24     588
