1     29     31     379
2     73     18     1907
3     117     18     72
4     110     26     2197
5     60     18     121
6     176     19     1626
7     98     37     522
8     134     36     2115
9     65     20     293
10     199     48     1549
11     101     48     456
12     142     34     1564
13     195     14     252
14     55     22     438
15     180     8     1327
16     166     35     270
17     123     16     1660
18     130     37     170
19     141     10     1428
20     148     15     204
21     169     8     410
22     19     2     2039
23     50     46     389
24     136     7     51
25     152     45     752
26     188     13     166
27     135     26     2391
28     128     45     193
29     62     39     111
30     68     19     1297
31     53     12     130
32     183     45     1883
33     185     45     147
34     93     7     934
35     14     7     670
36     88     2     1618
37     5     39     183
38     96     27     1218
39     42     22     763
40     52     38     2510
41     112     12     142
42     33     1     1051
43     137     12     2241
44     23     32     618
45     181     7     1607
46     186     42     575
47     18     34     1577
48     173     45     543
49     40     40     1010
50     89     29     977
51     153     47     1560
52     24     6     421
53     170     32     125
54     195     35     2005
55     199     17     400
56     115     43     2419
57     96     39     136
58     54     6     929
59     186     25     18
60     56     22     1416
61     180     36     147
62     155     8     1724
63     107     33     472
64     4     2     869
65     157     47     1770
66     43     7     565
67     125     23     513
68     16     30     1872
69     19     19     456
70     85     17     1469
71     24     33     66
72     165     17     1912
73     158     29     447
74     148     13     1350
75     99     25     152
76     126     13     2192
77     193     7     632
78     32     16     2130
79     92     14     490
80     4     38     371
81     21     37     1080
82     179     19     2131
83     133     6     561
84     29     29     721
85     55     6     1312
86     72     48     154
87     45     37     1946
88     29     31     587
89     18     12     2289
90     155     1     430
91     77     49     1159
92     198     47     170
93     19     34     872
94     75     45     1549
95     53     47     113
96     81     3     2388
97     161     6     437
98     117     29     1831
99     74     30     140
100     54     49     751
