1     73     46     11913
2     59     14     656
3     97     40     4833
4     99     34     1762
5     44     31     519
6     68     44     8728
7     34     24     503
8     15     35     3329
9     54     17     12380
10     34     48     217
11     55     37     13154
12     73     25     2164
13     91     4     9822
14     66     43     3400
15     89     26     10159
16     14     22     3198
17     50     38     11225
18     96     23     2584
19     79     17     4922
20     52     25     11446
21     20     17     2200
22     34     29     6964
23     25     2     15075
24     24     25     1264
25     44     35     252
26     73     40     14099
27     15     31     2892
28     84     46     3285
29     51     36     10125
30     82     31     1085
31     22     37     6213
32     42     31     7555
33     53     15     14187
34     14     48     387
35     87     18     2962
36     34     34     7407
37     15     14     5296
38     36     45     7010
39     23     31     8178
40     68     3     1602
41     24     30     10177
42     5     20     1581
43     37     6     6724
44     64     3     6312
45     64     38     12618
46     5     43     2993
47     93     13     11014
48     87     1     3667
49     33     38     10153
50     42     4     3509
51     97     43     4417
52     13     5     14207
53     83     15     1260
54     87     6     6403
55     9     47     7526
56     11     37     9592
57     4     31     1361
58     28     9     15024
59     2     44     542
60     65     14     6199
61     71     25     1769
62     40     31     5952
63     24     40     2369
64     45     21     5842
65     36     35     6107
66     94     28     6842
67     91     12     9274
68     84     10     1874
69     99     6     3707
70     46     47     15043
71     87     1     525
72     28     12     5750
73     78     48     85
74     55     15     1391
75     71     42     4125
76     85     34     13844
77     42     4     1641
78     1     14     1366
79     2     42     14959
80     75     12     2777
81     8     30     10017
82     53     44     1683
83     78     49     1834
84     69     34     2480
85     45     41     4588
86     13     11     7569
87     3     13     6957
88     66     29     14036
89     66     42     2125
90     88     38     13421
91     44     19     3031
92     7     15     9443
93     94     15     1351
94     23     1     8618
95     34     42     3584
96     28     38     13492
97     4     25     2071
98     37     1     7141
99     54     26     7969
100     81     31     1478
101     82     33     9224
102     26     44     3677
103     24     21     6372
104     92     47     9175
105     98     21     179
106     63     25     11357
107     89     27     3078
108     55     47     9277
109     64     7     574
110     50     25     15050
111     45     42     3058
112     50     8     13703
113     99     19     364
114     43     10     238
115     7     29     42
116     30     49     1087
117     53     26     10008
118     23     8     2170
119     91     1     10257
120     43     33     392
121     58     2     4477
122     90     25     8355
123     71     44     875
124     47     7     6051
125     37     31     7366
126     47     45     10693
127     76     31     1864
128     60     32     1409
129     79     13     5901
130     33     3     11500
131     59     46     3559
132     6     5     15325
133     40     29     461
134     1     31     11238
135     68     40     2358
136     45     11     10766
137     59     24     50
138     4     42     2536
139     50     14     10155
140     10     23     3701
141     99     8     5843
142     93     26     6910
143     77     16     2707
144     73     30     11034
145     34     25     2190
146     91     34     8436
147     9     42     3565
148     24     42     12642
149     4     1     3251
150     96     11     13587
151     5     4     1111
152     25     23     10263
153     2     8     491
154     12     31     6775
155     18     46     5490
156     33     24     10182
157     17     33     290
158     40     38     10842
159     87     23     1361
160     73     11     1030
161     17     49     14438
162     53     23     1660
163     97     9     11546
164     71     48     2235
165     50     19     523
166     60     26     6955
167     77     17     10440
168     80     22     1889
169     64     7     14837
170     3     33     457
171     53     1     3619
172     80     15     10182
173     43     49     3292
174     42     15     3491
175     78     20     2499
176     43     5     15262
177     19     26     3401
178     28     46     5558
179     3     40     15239
180     94     22     3370
181     83     20     3760
182     79     12     11342
183     22     10     167
184     42     18     1057
185     44     36     3963
186     42     35     10152
187     5     40     1781
188     76     38     4448
189     78     32     3478
190     84     49     807
191     62     40     14400
192     23     16     857
193     25     38     10247
194     2     32     876
195     44     12     13495
196     94     2     2861
197     66     15     15034
198     80     29     546
199     9     9     9626
200     15     42     3734
201     57     37     1072
202     20     33     8774
203     50     33     3257
204     81     4     6826
205     76     34     4074
206     58     13     15165
207     52     24     3014
208     58     25     2032
209     59     6     4884
210     54     43     5505
211     3     11     10865
212     91     23     974
213     34     41     847
214     65     19     13122
215     90     8     595
216     87     22     5430
217     62     12     9725
218     32     4     2107
219     21     41     10792
220     87     35     187
221     95     18     14522
222     47     17     2221
223     75     9     9213
224     73     39     112
225     22     37     3363
226     30     26     7027
227     64     17     8653
228     77     15     1104
229     87     15     13672
230     38     31     585
231     10     33     3781
232     68     24     193
233     39     40     494
234     75     15     9187
235     88     36     882
236     82     13     6681
237     16     47     1355
238     30     22     4895
239     4     40     3173
240     83     27     3641
241     70     39     57
242     94     26     894
243     74     42     12422
244     21     38     3081
245     33     12     4138
246     59     20     13739
247     98     16     599
248     24     19     12521
249     10     40     2643
250     62     31     9105
251     30     20     46
252     60     3     6557
253     86     31     7128
254     26     7     2943
255     19     29     8253
256     43     6     1167
257     21     1     10238
258     99     47     2750
259     65     40     1754
260     5     13     13617
261     78     26     1703
262     56     9     14356
263     90     24     1668
264     65     49     2423
265     20     46     2429
266     51     22     6109
267     61     11     7688
268     58     37     7111
269     23     35     11910
270     33     5     3093
271     39     34     6190
272     97     1     7849
273     53     25     2489
274     11     22     13866
275     33     45     1544
276     78     2     8181
277     34     46     144
278     11     32     4363
279     88     8     2789
280     88     48     2214
281     93     16     2201
282     50     5     7949
283     35     27     2629
284     9     34     2674
285     49     48     10858
286     83     18     3112
287     34     46     5225
288     20     21     4459
289     10     19     13440
290     62     45     2268
291     68     30     10596
292     90     23     3234
293     70     2     6226
294     84     36     2126
295     86     36     6764
296     58     1     11234
297     64     48     3265
298     80     39     3335
299     32     31     5575
300     30     5     6969
