1     77     32     11655
2     74     15     3009
3     98     1     8485
4     21     46     1406
5     93     6     4629
6     68     26     6397
7     62     47     9648
8     70     31     3453
9     3     49     3368
10     62     21     2162
11     64     49     10289
12     31     44     1350
13     31     37     13367
14     95     43     2346
15     12     45     7347
16     80     10     2152
17     35     34     5376
18     55     8     2893
19     18     13     12112
20     12     46     2221
21     89     2     9526
22     80     14     2808
23     48     36     1790
24     42     19     716
25     11     23     8518
26     37     31     2850
27     39     23     2001
28     45     22     6725
29     14     11     9886
30     84     24     1687
31     41     30     6491
32     60     33     2646
33     3     4     5544
34     87     40     11180
35     78     2     3128
36     44     12     2033
37     34     27     13682
38     80     35     3042
39     69     28     12196
40     4     25     1540
41     45     32     4126
42     43     13     1331
43     66     12     4597
44     50     6     10114
45     14     30     1369
46     73     1     8729
47     91     7     1010
48     91     24     9145
49     5     34     2676
50     28     36     2391
51     55     49     13281
52     50     7     598
53     20     16     10858
54     28     43     1011
55     89     1     4904
56     14     27     10155
57     50     19     1274
58     92     49     11957
59     31     16     1720
60     53     35     12060
61     68     8     3608
62     19     26     8785
63     64     20     1950
64     1     11     7347
65     38     34     8965
66     94     35     819
67     43     29     8770
68     51     13     3092
69     80     13     1013
70     54     25     14776
71     94     9     1403
72     26     13     12460
73     12     39     2076
74     85     8     13853
75     2     8     2201
76     78     47     9441
77     94     12     524
78     18     10     10984
79     64     15     331
80     80     4     3177
81     67     33     10481
82     68     45     2913
83     59     18     5431
84     49     20     6803
85     20     29     10189
86     87     3     2239
87     25     30     14924
88     40     36     3529
89     28     2     708
90     92     38     13796
91     58     48     1717
92     2     31     1484
93     97     16     13989
94     5     5     144
95     94     31     10937
96     2     27     18
97     18     44     8026
98     85     47     952
99     98     49     2189
100     36     35     8090
101     37     27     2259
102     75     47     8355
103     19     37     626
104     42     25     14803
105     40     6     336
106     90     35     2444
107     88     11     6051
108     86     36     2852
109     13     48     11558
110     17     13     2761
111     93     14     13485
112     68     27     631
113     95     49     14167
114     86     27     1806
115     7     10     2723
116     63     21     9210
117     45     28     1325
118     2     32     376
119     40     41     10747
120     79     20     3659
121     96     36     5331
122     13     13     6884
123     65     7     2410
124     25     21     3762
125     84     39     10274
126     36     15     2971
127     3     30     13807
128     82     6     2588
129     12     1     3886
130     45     5     3687
131     51     14     12539
132     55     21     3700
133     1     10     1770
134     84     31     954
135     43     30     10773
136     22     29     1289
137     9     6     11690
138     4     25     3231
139     21     8     6517
140     4     7     462
141     82     6     7239
142     85     3     8888
143     28     48     3129
144     78     24     7795
145     94     47     2458
146     94     34     13619
147     10     11     2372
148     67     9     8182
149     2     44     451
150     79     6     4571
151     74     44     1912
152     94     30     8583
153     37     39     2247
154     46     35     1045
155     49     49     1251
156     45     28     1291
157     3     25     12213
158     26     24     2797
159     44     33     8876
160     72     42     1322
161     51     31     7778
162     47     25     3254
163     62     41     11536
164     1     4     3439
165     63     2     5859
166     17     35     7767
167     13     6     1719
168     50     32     13571
169     76     20     2280
170     38     41     9358
171     31     19     928
172     8     24     6106
173     79     35     2148
174     21     49     205
175     89     43     8226
176     95     41     2393
177     33     41     11659
178     43     37     567
179     2     32     11870
180     2     28     2978
181     9     46     7180
182     4     34     10933
183     27     9     512
184     26     32     7456
185     35     31     4376
186     99     33     2682
187     55     31     7748
188     71     38     2181
189     39     49     275
190     45     46     12656
191     70     32     1922
192     74     45     8677
193     96     35     2780
194     91     3     6272
195     97     43     13751
196     21     49     801
197     30     26     7511
198     11     1     2047
199     50     12     2037
200     38     30     7905
201     41     41     2484
202     14     39     1229
203     70     29     8641
204     66     40     2862
205     26     49     4746
206     51     8     484
207     66     31     2466
208     97     26     6869
209     75     9     7277
210     53     5     595
211     75     4     11411
212     87     44     3006
213     6     46     9904
214     69     22     249
215     83     1     13044
216     28     6     3340
217     83     8     1653
218     8     29     3290
219     18     24     11158
220     85     16     2041
221     5     40     11973
222     83     49     2937
223     42     27     10947
224     49     10     396
225     95     31     6812
226     80     1     3554
227     17     6     5813
228     78     4     8825
229     60     35     3730
230     86     9     4484
231     90     28     1368
232     15     10     1357
233     88     11     3245
234     7     30     9772
235     18     18     387
236     46     34     8465
237     98     32     2247
238     33     6     14056
239     96     40     1468
240     74     1     13544
241     26     15     512
242     82     25     7046
243     57     14     7159
244     57     19     3642
245     90     19     8264
246     66     31     332
247     4     17     4953
248     42     48     9089
249     34     28     3243
250     47     45     4628
251     37     6     11821
252     7     35     19
253     24     44     9522
254     86     19     2026
255     24     15     14431
256     32     22     249
257     50     21     14214
258     65     35     334
259     75     14     2115
260     33     25     12542
261     13     36     299
262     92     46     4695
263     60     13     6395
264     25     47     2029
265     38     18     1146
266     8     15     6164
267     77     38     12389
268     98     48     1046
269     8     45     100
270     80     21     6686
271     8     14     2768
272     19     38     7487
273     16     8     1817
274     31     18     8401
275     56     44     1136
276     2     11     11818
277     19     40     2088
278     24     19     12975
279     54     45     2549
280     77     46     9498
281     59     46     950
282     31     43     718
283     88     34     11382
284     97     44     3626
285     84     7     7685
286     83     22     1791
287     4     38     10168
288     94     45     3008
289     18     17     7865
290     35     31     100
291     21     37     14004
292     4     24     601
293     5     36     8657
294     84     45     2554
295     81     19     13960
296     30     28     2069
297     47     30     1308
298     85     33     7785
299     37     17     1461
300     62     39     460
