1     93     9     6130
2     25     20     602
3     32     40     11002
4     33     12     1041
5     33     45     2164
6     62     42     9832
7     64     15     2193
8     63     11     8693
9     7     33     930
10     88     41     9990
11     91     32     2780
12     29     35     12223
13     88     20     3663
14     87     13     8274
15     38     6     1684
16     1     2     6125
17     90     28     4307
18     35     31     10440
19     22     45     37
20     93     4     12270
21     94     46     994
22     23     25     9790
23     35     37     2398
24     85     16     2813
25     60     9     6124
26     19     21     203
27     93     45     14397
28     73     31     2601
29     63     27     7835
30     96     19     2889
31     4     48     13714
32     29     42     2013
33     64     3     11547
34     85     36     1144
35     68     41     876
36     61     39     1973
37     34     9     9105
38     58     19     1429
39     26     5     6343
40     46     11     5512
41     21     36     2004
42     33     14     14796
43     63     29     1744
44     31     30     369
45     68     1     2231
46     86     17     2675
47     49     8     3913
48     11     25     13197
49     81     42     1807
50     17     36     3967
51     42     11     4669
52     43     11     9863
53     26     17     1033
54     4     5     11162
55     35     13     875
56     9     10     6786
57     24     27     4206
58     59     23     5527
59     96     41     12551
60     30     34     2397
61     13     48     4700
62     61     42     7750
63     29     36     694
64     15     47     938
65     85     34     10203
66     23     40     883
67     95     15     6512
68     48     47     9128
69     23     33     1898
70     88     1     12539
71     96     20     190
72     75     13     7000
73     47     3     4432
74     18     2     9301
75     98     14     2051
76     37     26     1621
77     71     36     14080
78     37     14     1657
79     79     29     1397
80     78     22     1689
81     96     35     80
82     14     29     12834
83     20     21     3319
84     27     40     12657
85     91     9     1539
86     54     20     10913
87     87     8     2727
88     94     43     12201
89     17     43     225
90     71     23     9288
91     5     35     3691
92     56     31     14555
93     61     7     1996
94     32     25     2312
95     48     31     1543
96     39     14     3612
97     44     48     5650
98     5     47     2738
99     60     23     5234
100     13     12     1705
101     48     12     8906
102     90     35     2475
103     37     37     5567
104     41     2     5269
105     57     8     5369
106     4     34     10368
107     84     49     3265
108     93     42     6097
109     91     33     2280
110     86     39     10847
111     9     23     420
112     1     49     7695
113     85     4     1911
114     57     36     2618
115     26     28     11972
116     98     30     2332
117     48     16     10433
118     44     5     2146
119     67     46     12028
120     26     33     2943
121     99     14     14612
122     20     25     1453
123     90     46     1770
124     5     25     4151
125     5     48     10200
126     60     12     990
127     89     23     4964
128     59     19     5293
129     99     29     2139
130     28     2     1530
131     60     15     5136
132     94     3     12763
133     88     16     203
134     12     13     969
135     59     2     11215
136     93     4     485
137     11     28     12114
138     89     32     135
139     77     39     6660
140     27     31     4304
141     48     38     7827
142     48     5     955
143     75     1     4629
144     92     48     2215
145     34     15     12804
146     76     7     85
147     6     22     13390
148     80     26     2639
149     80     17     11390
150     98     6     1128
151     75     45     7444
152     35     36     11441
153     72     15     240
154     96     32     11725
155     72     47     3428
156     41     41     11949
157     43     49     2350
158     44     37     5541
159     84     12     12689
160     23     41     59
161     54     8     11902
162     82     20     66
163     32     9     14660
164     69     29     3196
165     38     17     14161
166     38     21     2387
167     98     27     8433
168     24     23     3125
169     68     29     7375
170     7     44     8840
171     36     2     3373
172     40     3     5081
173     22     21     2032
174     62     30     12370
175     57     26     2701
176     54     34     3237
177     44     34     5798
178     79     23     1952
179     85     27     256
180     98     11     11322
181     22     44     2138
182     41     26     11639
183     34     14     1617
184     13     16     197
185     46     41     14837
186     51     11     3595
187     35     21     420
188     42     47     11971
189     97     16     1413
190     21     28     6018
191     63     41     10431
192     94     23     580
193     95     6     9954
194     26     23     1173
195     92     1     13104
196     3     29     2283
197     57     37     12011
198     35     1     2765
199     15     17     6554
200     19     4     6976
201     6     30     8599
202     42     8     2984
203     45     35     13642
204     20     12     790
205     90     32     14794
206     29     6     357
207     75     8     4030
208     81     29     3464
209     64     35     8117
210     84     11     558
211     22     18     6849
212     64     19     10523
213     66     5     2949
214     93     2     13231
215     85     14     1692
216     94     29     75
217     30     36     4699
218     14     13     6084
219     2     43     6848
220     68     46     8147
221     82     35     1258
222     12     20     6273
223     19     11     12226
224     55     2     2235
225     84     24     3720
226     64     41     10897
227     64     19     450
228     84     48     5326
229     34     39     497
230     73     35     13086
231     31     40     2461
232     89     36     4684
233     41     14     9281
234     39     15     2610
235     68     14     13837
236     11     14     3665
237     6     19     14954
238     92     18     3077
239     32     28     8403
240     45     48     321
241     23     5     257
242     17     24     6643
243     81     49     10503
244     22     17     3276
245     73     18     3915
246     43     12     7668
247     5     32     2121
248     10     24     3764
249     74     36     10143
250     83     29     1290
251     9     6     11529
252     74     19     1113
253     3     3     931
254     38     7     11890
255     4     16     332
256     34     42     12454
257     10     33     2557
258     30     21     8508
259     57     21     1759
260     30     31     1764
261     28     8     8387
262     88     16     1392
263     18     40     144
264     32     21     12771
265     3     2     1771
266     29     17     7870
267     98     2     1544
268     26     8     831
269     64     8     3668
270     15     41     5998
271     9     3     4615
272     42     39     6929
273     63     4     13028
274     79     47     1317
275     14     38     4087
276     48     46     11858
277     4     30     3561
278     80     13     9187
279     53     35     1228
280     29     43     7200
281     37     2     13081
282     54     13     1981
283     80     2     4701
284     32     48     9582
285     38     38     529
286     43     33     2044
287     8     24     7583
288     75     15     2110
289     3     20     14066
290     6     32     344
291     14     19     11371
292     30     32     680
293     39     40     8787
294     11     21     775
295     56     35     3476
296     12     35     6441
297     73     46     12443
298     24     30     1204
299     68     17     2726
300     98     8     5383
