30.004     15770     15214
30.002     15792     15214
30.002     15792     15214
30.004     15770     15214
30.004     15792     15214
30.004     15792     15214
30.004     15770     15214
30.002     15792     15214
30.002     15792     15214
30.004     15792     15214
             
30.004     16066     15311
30.003     16066     15311
30.003     16066     15311
30.004     16066     15311
30.004     16066     15311
30.004     16066     15311
30.004     16066     15311
30.003     16066     15311
30.003     16066     15311
30.004     16066     15311
             
30.006     15607     14946
30.004     15587     14946
30.004     15587     14946
30.006     15607     14946
30.006     15607     14946
30.006     15607     14946
30.006     15607     14946
30.004     15587     14946
30.004     15587     14946
30.006     15607     14946
             
30.001     16047     15519
30.004     16047     15519
30.004     16047     15519
30.001     16047     15519
30.004     16047     15519
30.004     16047     15519
30.001     16047     15519
30.004     16047     15519
30.004     16047     15519
30.004     16047     15519
             
30.001     15303     14734.5
30.003     15256     14734.5
30.003     15256     14734.5
30.001     15303     14734.5
30.003     15303     14734.5
30.003     15303     14734.5
30.001     15303     14734.5
30.003     15256     14734.5
30.003     15256     14734.5
30.003     15303     14734.5
             
30.003     15576     14873.5
30.004     15501     14873.5
30.004     15501     14873.5
30.003     15576     14873.5
30.004     15576     14873.5
30.004     15576     14873.5
30.003     15576     14873.5
30.004     15501     14873.5
30.004     15501     14873.5
30.004     15576     14873.5
             
30.003     15918     15420.5
30.003     15918     15420.5
30.003     15918     15420.5
30.003     15918     15420.5
30.003     15918     15420.5
30.003     15918     15420.5
30.003     15918     15420.5
30.003     15918     15420.5
30.003     15918     15420.5
30.003     15918     15420.5
             
30.003     15531     15296
30.004     15531     15296
30.004     15531     15296
30.003     15531     15296
30.004     15531     15296
30.004     15531     15296
30.003     15531     15296
30.004     15531     15296
30.004     15531     15296
30.004     15531     15296
             
30.003     15312     14960
30.001     15314     14960
30.001     15314     14960
30.003     15312     14960
30.003     15314     14960
30.003     15314     14960
30.003     15312     14960
30.001     15314     14960
30.001     15314     14960
30.003     15314     14960
             
30.004     16082     15973
30.003     16082     15973
30.003     16082     15973
30.004     16082     15973
30.004     16082     15973
30.004     16082     15973
30.004     16082     15973
30.003     16082     15973
30.003     16082     15973
30.004     16082     15973
             
