30.017     1894     1792.5
30.018     1890     1792.5
30.002     1885     1792.5
30.018     1890     1792.5
30.018     1890     1792.5
30.018     1890     1792.5
30.018     1890     1792.5
30.002     1885     1792.5
30.018     1890     1792.5
30.018     1894     1792.5
             
30.048     1844     1784.88
30.035     1856     1784.88
30.001     1842     1784.88
30.004     1853     1784.88
30.004     1853     1784.88
30.004     1853     1784.88
30.004     1853     1784.88
30.001     1842     1784.88
30.035     1856     1784.88
30.048     1856     1784.88
             
30.035     1802     1732
30.109     1799     1732
30.109     1799     1732
30.035     1799     1732
30.109     1799     1732
30.109     1799     1732
30.035     1799     1732
30.109     1799     1732
30.109     1799     1732
30.109     1802     1732
             
30.033     1896     1812.88
30.002     1903     1812.88
30.002     1890     1812.88
30.003     1894     1812.88
30.004     1894     1812.88
30.004     1894     1812.88
30.003     1894     1812.88
30.002     1890     1812.88
30.002     1903     1812.88
30.033     1903     1812.88
             
30.019     1865     1795.63
30.017     1858     1795.63
30.019     1862     1795.63
30.035     1853     1795.63
30.035     1856     1795.63
30.035     1856     1795.63
30.035     1853     1795.63
30.019     1862     1795.63
30.017     1858     1795.63
30.019     1865     1795.63
             
30.050     1917     1824.63
30.036     1929     1824.63
30.048     1931     1824.63
30.017     1931     1824.63
30.033     1931     1824.63
30.033     1931     1824.63
30.017     1931     1824.63
30.048     1931     1824.63
30.036     1929     1824.63
30.050     1929     1824.63
             
30.096     1952     1877.88
30.019     1952     1877.88
30.019     1952     1877.88
30.017     1954     1877.88
30.019     1954     1877.88
30.019     1954     1877.88
30.017     1954     1877.88
30.019     1952     1877.88
30.019     1952     1877.88
30.096     1952     1877.88
             
30.081     1815     1763.63
30.018     1812     1763.63
30.001     1817     1763.63
30.033     1814     1763.63
30.064     1814     1763.63
30.064     1814     1763.63
30.033     1814     1763.63
30.001     1817     1763.63
30.018     1812     1763.63
30.081     1815     1763.63
             
30.002     1930     1860.25
30.003     1929     1860.25
30.035     1938     1860.25
30.003     1923     1860.25
30.035     1938     1860.25
30.035     1938     1860.25
30.003     1923     1860.25
30.035     1938     1860.25
30.003     1929     1860.25
30.003     1930     1860.25
             
30.033     1944     1871.25
30.017     1942     1871.25
30.017     1942     1871.25
30.033     1938     1871.25
30.033     1942     1871.25
30.033     1942     1871.25
30.033     1938     1871.25
30.017     1942     1871.25
30.017     1942     1871.25
30.033     1944     1871.25
             
