1     47     5     3780
2     125     34     154
3     135     18     1609
4     140     49     381
5     65     38     1140
6     38     5     2947
7     83     5     1017
8     8     3     106
9     133     36     833
10     191     36     136
11     155     25     2615
12     56     12     248
13     34     18     2598
14     127     22     1064
15     42     3     4690
16     55     1     1237
17     142     36     4027
18     132     42     423
19     27     47     1097
20     9     33     3073
21     80     15     849
22     37     3     3817
23     73     29     848
24     155     48     2133
25     179     33     2709
26     116     2     615
27     44     45     3136
28     99     6     283
29     88     39     4930
30     15     8     780
31     85     13     4838
32     144     30     471
33     146     12     3965
34     94     6     485
35     59     49     1037
36     148     45     4439
37     195     22     513
38     39     4     261
39     191     34     692
40     111     33     3981
41     74     34     746
42     65     19     528
43     193     26     4316
44     2     29     215
45     68     29     4666
46     163     37     44
47     142     41     363
48     137     41     2387
49     40     48     453
50     121     32     1245
51     81     45     1153
52     160     17     714
53     131     12     3699
54     191     3     572
55     192     5     2835
56     131     34     392
57     101     12     3159
58     96     27     1010
59     106     16     843
60     157     21     2687
61     99     21     1127
62     18     17     1686
63     135     25     4306
64     126     40     488
65     13     16     1375
66     12     13     4811
67     47     38     390
68     60     12     784
69     124     37     1469
70     16     31     3138
71     187     5     865
72     116     24     1121
73     56     7     2912
74     118     49     1024
75     89     5     3770
76     138     29     198
77     120     9     2272
78     72     45     2518
79     164     31     164
80     72     45     817
81     15     6     2696
82     173     49     286
83     111     19     443
84     39     17     734
85     182     7     4605
86     162     19     799
87     110     12     1352
88     38     31     1315
89     64     33     2532
90     22     45     757
91     123     2     4530
92     52     14     700
93     167     4     2865
94     193     25     898
95     2     47     539
96     76     29     3001
97     156     2     781
98     8     7     1638
99     176     2     3833
100     4     47     497
101     95     47     3824
102     130     22     384
103     5     27     2034
104     193     5     1919
105     55     3     2055
106     7     11     3022
107     23     27     162
108     163     16     2288
109     120     34     2443
110     144     43     1587
111     55     49     2716
112     46     4     300
113     150     12     4682
114     87     49     458
115     115     45     3772
116     162     30     280
117     43     34     4265
118     110     26     88
119     195     37     3944
120     190     20     648
121     53     45     4143
122     51     9     589
123     73     27     2788
124     138     17     173
125     123     20     3445
126     72     41     763
127     107     41     2712
128     24     30     1182
129     102     5     2089
130     52     49     3746
131     51     39     1172
132     31     32     4962
133     113     29     1046
134     20     48     68
135     132     42     2118
136     99     6     1384
137     195     2     4439
138     2     9     1014
139     35     5     2779
140     68     36     110
141     96     21     4042
142     55     11     1219
143     197     44     2787
144     161     48     317
145     62     7     2655
146     184     41     1209
147     2     20     444
148     101     14     116
149     42     46     1843
150     28     16     679
151     25     28     425
152     85     30     826
153     82     22     1395
154     153     38     4634
155     162     27     476
156     129     43     2052
157     34     49     1566
158     28     48     1630
159     172     34     4558
160     127     10     1199
161     162     5     2309
162     10     40     1785
163     36     36     858
164     61     22     1884
165     173     28     2987
166     101     39     1040
167     106     28     2200
168     197     30     2962
169     113     4     14
170     94     13     3614
171     140     34     964
172     152     17     1083
173     99     37     3115
174     2     28     87
175     151     38     2477
176     83     47     2542
177     44     48     597
178     118     47     1410
179     141     36     3065
180     114     13     114
181     20     14     509
182     65     34     1927
183     94     29     4287
184     116     3     1094
185     64     22     3377
186     192     34     762
187     114     3     2407
188     171     1     3395
189     114     44     1091
190     79     3     1335
191     74     32     975
192     108     32     4571
193     168     47     285
194     78     38     3587
195     16     44     1214
196     6     19     4724
197     86     29     453
198     67     44     3638
199     79     30     43
200     168     19     4002
201     24     10     1218
202     44     33     1946
203     83     48     2402
204     177     6     4355
205     70     1     962
206     142     30     3820
207     8     38     302
208     73     21     4370
209     65     37     12
210     20     10     4715
211     107     29     71
212     86     10     2891
213     26     5     495
214     14     43     4879
215     34     38     47
216     94     9     4704
217     131     12     781
218     66     32     4566
219     113     28     861
220     10     48     2281
221     11     35     1893
222     192     30     4867
223     42     43     625
224     162     13     3757
225     196     12     547
226     129     23     3049
227     137     2     295
228     91     39     1749
229     55     17     4712
230     155     25     654
231     7     40     840
232     159     21     1193
233     188     46     4431
234     193     6     827
235     90     33     2130
236     76     11     4711
237     116     46     617
238     34     20     1960
239     171     48     2236
240     41     34     2196
241     180     36     4726
242     66     16     1234
243     182     40     4358
244     62     8     33
245     83     6     3445
246     16     10     1143
247     62     8     2035
248     158     31     4710
249     158     10     1040
250     62     31     3456
251     44     1     288
252     31     37     2996
253     33     30     546
254     84     10     1296
255     81     29     3263
256     129     9     929
257     94     43     376
258     170     24     3373
259     121     23     780
260     144     3     2051
261     40     46     1061
262     121     35     3793
263     193     1     413
264     108     28     1285
265     187     49     4113
266     70     3     1226
267     142     47     77
268     146     44     2198
269     189     34     2275
270     79     33     247
271     91     12     3413
272     194     35     558
273     198     14     4458
274     134     9     812
275     71     43     834
276     3     48     3265
277     83     47     1034
278     41     6     2564
279     133     10     904
280     172     5     4635
281     173     35     934
282     76     46     2068
283     181     46     805
284     68     31     2932
285     26     44     221
286     81     38     1934
287     35     48     485
288     6     11     629
289     128     37     2904
290     76     49     57
291     197     37     3547
292     129     26     1136
293     163     31     1840
294     196     34     3538
295     126     14     684
296     125     48     2219
297     88     43     1650
298     110     26     4928
299     8     48     7
300     147     48     2111
301     135     1     1657
302     35     15     2572
303     56     25     247
304     143     14     1776
305     153     20     4725
306     53     28     296
307     166     20     4242
308     107     38     768
309     81     32     2760
310     60     23     678
311     186     35     2033
312     123     21     774
313     184     20     2932
314     154     35     1222
315     130     32     486
316     106     14     2249
317     157     24     484
318     18     33     1994
319     178     47     3367
320     163     16     96
321     123     23     3434
322     133     48     632
323     117     21     1692
324     148     31     4588
325     88     38     575
326     193     17     455
327     82     29     957
328     148     21     329
329     4     40     849
330     95     44     2018
331     91     44     205
332     129     15     4690
333     33     7     990
334     13     13     2119
335     74     19     768
336     189     28     214
337     187     3     247
338     66     7     46
339     145     12     2545
340     107     28     56
341     187     42     1094
342     160     20     3831
343     95     38     125
344     86     45     3886
345     187     24     62
346     36     7     2744
347     71     36     738
348     199     21     1295
349     28     7     3627
350     95     22     461
351     161     31     1663
352     91     21     1734
353     21     32     3479
354     181     9     462
355     101     8     501
356     185     36     2249
357     131     11     1134
358     114     25     333
359     68     37     3632
360     27     46     48
361     181     27     4659
362     124     18     962
363     12     48     1359
364     70     18     4819
365     65     43     198
366     26     5     2021
367     161     14     2311
368     117     39     2273
369     26     27     3291
370     109     30     280
371     78     17     2873
372     166     29     61
373     154     24     863
374     9     30     4284
375     47     17     3
376     140     11     4765
377     22     4     219
378     158     36     4522
379     158     20     817
380     168     33     4092
381     14     12     236
382     60     19     1385
383     84     16     2195
384     96     14     465
385     178     37     4682
386     52     39     860
387     42     19     3665
388     183     16     1128
389     63     22     4907
390     83     13     869
391     183     32     3628
392     2     31     244
393     185     17     4607
394     66     32     38
395     70     41     482
396     114     12     3968
397     87     5     990
398     59     31     1426
399     99     30     1842
400     11     43     1390
401     113     9     4257
402     168     11     590
403     97     2     4344
404     61     25     1202
405     88     19     901
406     186     45     4062
407     139     27     805
408     120     17     4342
409     107     19     399
410     10     42     4773
411     90     38     111
412     2     28     2564
413     179     4     1211
414     190     11     1153
415     26     28     2810
416     100     49     12
417     63     29     614
418     46     45     2008
419     7     1     4494
420     188     46     689
421     100     2     4271
422     137     27     837
423     134     27     874
424     191     34     4928
425     69     36     402
426     199     11     713
427     24     3     2421
428     113     18     2874
429     49     48     456
430     158     43     1423
431     174     30     2530
432     155     19     1090
433     15     6     3248
434     131     1     786
435     118     34     2722
436     13     1     97
437     55     20     1483
438     40     14     585
439     19     25     3648
440     179     33     915
441     179     47     3580
442     189     32     521
443     177     32     2669
444     185     12     1180
445     32     15     3596
446     22     38     668
447     47     8     3899
448     118     44     496
449     130     19     4833
450     105     20     85
451     98     23     4763
452     147     28     183
453     121     45     3931
454     76     32     385
455     166     5     3679
456     135     44     492
457     66     47     4154
458     37     17     630
459     40     8     483
460     80     39     2541
461     186     49     1058
462     28     10     791
463     109     12     4812
464     41     2     425
465     57     3     1503
466     55     25     2004
467     25     21     3512
468     189     20     1189
469     53     35     217
470     95     42     3122
471     2     26     122
472     194     22     4208
473     83     30     249
474     25     31     2704
475     146     3     240
476     6     9     1129
477     148     35     4607
478     53     40     149
479     141     26     441
480     101     13     3511
481     18     23     1167
482     11     48     2232
483     168     37     3242
484     59     6     175
485     103     36     1238
486     187     17     1838
487     81     46     4447
488     146     47     816
489     187     17     1478
490     37     8     2743
491     3     29     129
492     69     3     589
493     57     2     4154
494     176     10     714
495     75     5     4907
496     60     34     970
497     49     3     3849
498     184     36     1059
499     106     17     2544
500     95     48     306
