1     93     27     3138
2     136     28     357
3     25     30     4781
4     120     20     1029
5     112     41     2200
6     75     10     4645
7     157     47     701
8     63     10     2761
9     74     22     807
10     155     15     3042
11     180     13     363
12     106     41     1462
13     145     45     519
14     14     47     2851
15     160     20     51
16     148     5     3944
17     85     43     314
18     50     26     4318
19     90     32     300
20     175     31     2827
21     25     39     1177
22     75     8     3907
23     102     12     344
24     12     17     4964
25     13     19     1148
26     119     36     4587
27     127     49     15
28     98     9     886
29     107     1     3764
30     196     21     141
31     73     15     3480
32     115     27     616
33     62     2     3226
34     17     45     1223
35     100     41     2035
36     7     11     2997
37     176     49     233
38     76     22     4088
39     178     39     946
40     186     12     1080
41     146     47     596
42     172     7     1300
43     121     39     3853
44     10     14     21
45     29     18     2854
46     148     23     954
47     132     4     4078
48     164     5     94
49     125     20     1515
50     22     23     2685
51     161     3     784
52     56     19     307
53     117     2     813
54     185     38     59
55     48     4     3384
56     178     13     867
57     8     37     1663
58     191     49     408
59     166     13     2042
60     26     21     3960
61     97     16     695
62     85     26     1497
63     112     40     4758
64     66     18     879
65     157     9     451
66     6     25     2662
67     19     33     6
68     43     14     4666
69     19     20     341
70     67     16     32
71     189     11     1553
72     49     49     1335
73     88     22     2100
74     80     22     327
75     112     37     153
76     175     47     4959
77     187     30     602
78     166     13     1658
79     174     8     1822
80     28     32     137
81     104     40     603
82     156     23     3748
83     86     31     456
84     117     39     3469
85     192     41     1160
86     17     22     4889
87     54     10     137
88     23     23     2264
89     69     10     3335
90     13     38     672
91     29     7     749
92     77     2     1878
93     167     38     4602
94     75     29     60
95     198     4     2973
96     129     34     821
97     140     13     1276
98     83     4     3775
99     112     12     51
100     129     22     1682
101     189     5     1622
102     10     38     4601
103     74     33     398
104     44     34     92
105     183     16     2682
106     159     42     218
107     147     4     4270
108     118     49     258
109     188     10     854
110     83     30     2278
111     164     47     522
112     79     3     3055
113     21     2     83
114     120     15     600
115     113     48     2054
116     77     31     877
117     88     24     1773
118     29     1     4230
119     14     23     1066
120     39     8     4593
121     171     32     618
122     149     49     2366
123     180     20     394
124     104     43     3499
125     171     36     1097
126     73     22     3480
127     141     22     322
128     22     30     4138
129     197     32     784
130     99     9     2199
131     174     36     1824
132     166     33     1366
133     160     33     4218
134     116     8     889
135     136     48     1600
136     154     31     314
137     145     20     1705
138     114     34     4474
139     173     47     603
140     21     49     3350
141     31     21     812
142     89     47     1097
143     30     38     4291
144     12     41     221
145     16     20     1185
146     183     20     4467
147     11     44     490
148     46     37     654
149     156     34     98
150     176     3     1767
151     44     48     3123
152     24     23     1011
153     124     27     3931
154     162     24     985
155     107     41     2805
156     33     40     620
157     133     47     737
158     113     12     459
159     71     42     2308
160     160     34     2033
161     167     29     1047
162     110     15     2693
163     84     5     178
164     108     46     1965
165     87     38     3338
166     169     43     990
167     154     37     4201
168     199     31     1186
169     68     38     1815
170     109     44     2032
171     116     3     2465
172     106     18     421
173     91     7     1110
174     197     22     1974
175     67     9     1434
176     97     42     8
177     50     35     3261
178     83     1     1194
179     69     9     707
180     185     48     3236
181     174     38     228
182     45     37     399
183     41     10     4749
184     80     24     95
185     119     39     1155
186     173     45     3252
187     84     45     155
188     162     26     603
189     21     48     2952
190     33     43     671
191     131     22     2600
192     72     48     449
193     129     4     3706
194     14     21     414
195     38     22     4597
196     25     17     156
197     196     23     657
198     29     28     4605
199     97     34     238
200     138     21     3344
201     21     25     648
202     7     44     2260
203     175     6     2479
204     10     31     4522
205     163     40     350
206     183     15     1365
207     126     1     3784
208     142     10     143
209     56     30     3452
210     172     47     1233
211     68     45     3691
212     64     12     11
213     54     27     2099
214     13     20     3481
215     77     31     387
216     141     22     4193
217     189     29     578
218     67     13     738
219     140     40     584
220     11     45     1544
221     142     22     4811
222     78     48     988
223     97     21     2187
224     179     37     3436
225     100     49     1185
226     53     47     2343
227     40     21     4871
228     116     27     939
229     191     42     4620
230     161     15     982
231     70     18     4242
232     30     27     823
233     107     16     4544
234     68     48     873
235     21     16     260
236     119     3     1989
237     14     40     4009
238     117     40     528
239     182     10     506
240     63     10     2817
241     145     44     131
242     198     22     3344
243     36     3     1236
244     48     9     1552
245     132     25     4562
246     193     7     674
247     172     48     792
248     44     38     4972
249     15     26     376
250     34     47     1849
251     183     20     3637
252     51     42     406
253     181     5     3318
254     149     4     414
255     147     15     4306
256     180     1     627
257     158     46     4780
258     33     29     860
259     197     48     2266
260     175     25     4058
261     64     7     166
262     105     38     412
263     157     26     2846
264     24     38     1024
265     162     25     473
266     112     23     3491
267     167     14     291
268     132     12     2992
269     66     39     792
270     191     44     3833
271     121     46     1056
272     35     48     4195
273     129     7     578
274     177     34     504
275     11     13     2348
276     13     47     927
277     108     43     3295
278     67     28     266
279     158     37     3292
280     89     42     424
281     72     31     1213
282     18     11     286
283     44     27     2101
284     44     2     2651
285     33     2     375
286     120     13     2785
287     89     36     852
288     129     31     686
289     138     38     1874
290     190     13     787
291     181     1     44
292     123     6     3813
293     181     6     16
294     26     29     2162
295     20     4     2507
296     143     28     1168
297     183     37     228
298     32     22     2110
299     7     22     126
300     87     45     4918
301     53     25     684
302     98     7     3742
303     84     20     775
304     116     39     4504
305     110     22     1063
306     19     27     1253
307     139     30     154
308     196     40     3665
309     184     39     157
310     25     25     687
311     29     7     4042
312     116     14     294
313     160     5     4866
314     188     47     976
315     138     39     3264
316     67     47     802
317     108     10     2517
318     37     31     1025
319     11     34     4782
320     186     3     320
321     37     29     3330
322     117     36     862
323     17     35     1123
324     73     19     3398
325     55     2     629
326     86     49     4103
327     8     39     400
328     150     39     1422
329     86     42     3970
330     49     25     736
331     122     4     695
332     80     21     1628
333     139     28     4635
334     184     6     284
335     117     12     4957
336     161     31     295
337     93     1     3713
338     149     1     689
339     60     37     1977
340     70     32     4638
341     50     25     944
342     29     24     973
343     13     21     2766
344     154     31     599
345     57     42     160
346     87     27     2362
347     60     42     1118
348     128     26     1324
349     73     33     2889
350     87     30     212
351     65     26     1248
352     40     38     859
353     63     40     3712
354     3     1     1141
355     115     4     3432
356     125     20     979
357     11     21     4016
358     24     44     1026
359     24     20     2048
360     12     41     1524
361     161     31     2890
362     103     16     116
363     122     6     4548
364     76     15     138
365     86     20     3051
366     27     30     692
367     134     12     928
368     144     42     132
369     84     3     4888
370     194     39     1181
371     111     14     761
372     171     37     3845
373     34     24     1249
374     113     46     3688
375     87     12     1182
376     74     30     1670
377     12     4     2893
378     149     17     868
379     19     32     2006
380     112     11     2405
381     73     4     4425
382     175     43     467
383     188     48     93
384     129     41     1369
385     91     28     808
386     23     40     4295
387     155     18     346
388     41     45     231
389     70     25     945
390     69     8     3491
391     189     21     852
392     50     31     976
393     177     14     4835
394     75     31     159
395     29     16     224
396     83     4     711
397     21     44     2913
398     174     18     416
399     60     22     4338
400     135     19     1237
401     122     35     4185
402     34     2     223
403     7     46     166
404     79     16     3577
405     52     20     837
406     23     8     17
407     53     34     2608
408     23     1     571
409     167     37     2329
410     48     29     2625
411     63     9     778
412     18     24     4454
413     143     22     705
414     20     22     2796
415     114     43     1004
416     76     3     1433
417     50     24     584
418     186     37     4417
419     61     1     248
420     108     38     777
421     110     39     2210
422     41     30     2219
423     86     20     2296
424     82     31     503
425     150     38     4501
426     170     10     626
427     189     48     334
428     34     17     2825
429     126     3     929
430     177     36     2296
431     42     13     4148
432     57     5     1121
433     191     12     3067
434     164     48     358
435     143     38     3941
436     172     15     110
437     167     20     4682
438     193     15     248
439     65     20     2077
440     193     17     35
441     71     43     4828
442     48     22     1198
443     98     17     1117
444     155     26     4534
445     63     39     1006
446     116     27     344
447     126     12     3677
448     139     8     1184
449     21     16     3286
450     172     37     894
451     77     13     922
452     166     11     2571
453     99     30     189
454     125     43     3351
455     118     41     896
456     18     1     4867
457     87     19     1223
458     130     9     2924
459     83     10     542
460     85     49     4761
461     183     47     965
462     159     31     3732
463     44     36     943
464     132     29     2123
465     32     44     4561
466     5     4     428
467     193     9     4971
468     104     4     106
469     94     13     4285
470     25     32     907
471     141     41     4532
472     131     30     87
473     152     18     4175
474     85     11     1095
475     53     27     2077
476     70     14     176
477     30     10     1783
478     96     44     4199
479     192     30     251
480     65     21     2378
481     64     39     2766
482     157     16     512
483     58     38     4121
484     33     41     1177
485     191     15     891
486     78     29     722
487     179     20     4884
488     72     38     834
489     59     41     1861
490     15     14     3577
491     159     39     1073
492     163     46     4077
493     185     43     550
494     21     5     1610
495     175     1     1941
496     128     22     3571
497     161     26     565
498     167     20     1616
499     143     10     913
500     96     36     4889
