1     36     6     151
2     49     33     25
3     4     40     203
4     6     43     33
5     17     14     30
6     3     38     35
7     34     29     152
8     29     21     51
9     36     33     109
10     16     37     69
11     37     8     5
12     37     44     216
13     33     23     1
14     20     23     41
15     43     48     171
16     25     27     21
17     6     30     122
18     12     39     27
19     7     5     49
20     19     14     46
21     3     32     205
22     9     18     8
23     37     22     15
24     44     40     226
25     37     28     28
26     39     15     92
27     10     11     230
28     42     13     19
29     2     28     213
30     38     47     46
31     29     11     120
32     4     5     32
33     3     32     195
34     1     25     45
35     8     36     91
36     37     6     124
37     4     22     56
38     1     32     202
39     34     24     8
40     38     26     157
41     24     40     0
42     33     10     30
43     30     47     134
44     38     7     26
45     44     22     81
46     47     36     191
47     27     45     0
48     4     22     215
49     2     3     35
50     3     48     183
51     36     2     54
52     27     42     77
53     20     46     70
54     33     27     234
55     46     41     24
56     44     5     224
57     38     31     29
58     44     19     107
59     11     6     28
60     16     4     213
61     8     30     48
62     8     29     189
63     23     38     42
64     34     25     136
65     38     7     50
66     14     37     114
67     49     32     231
68     13     11     8
69     2     36     105
70     20     2     152
71     17     38     56
72     38     5     197
73     49     13     35
74     23     45     72
75     5     11     47
76     1     42     191
77     34     6     50
78     32     45     208
79     16     18     21
80     2     1     174
81     29     44     31
82     2     16     118
83     46     6     59
84     20     11     121
85     18     45     56
86     24     1     34
87     36     36     67
88     12     35     92
89     16     26     150
90     38     16     5
91     14     17     101
92     38     31     150
93     7     6     52
94     9     4     46
95     35     21     86
96     8     33     125
97     20     36     51
98     31     40     26
99     35     33     7
100     24     1     88
