1     53     62     319
2     162     27     1242
3     119     46     292
4     128     85     1189
5     75     86     207
6     123     91     1109
7     160     53     219
8     78     37     970
9     145     49     323
10     9     87     7
11     148     44     1268
12     63     37     267
13     177     60     1122
14     177     27     203
15     56     55     226
16     68     35     48
17     180     7     67
18     142     99     448
19     35     38     842
20     8     33     198
21     52     42     850
22     91     26     42
23     93     6     1123
24     199     79     333
25     69     85     633
26     75     53     324
27     15     90     552
28     145     81     1226
29     130     30     116
30     147     27     42
31     163     58     1106
32     128     61     85
33     52     47     254
34     73     30     769
35     149     20     94
36     71     26     1011
37     99     69     321
38     175     82     1116
39     53     68     38
40     91     94     688
41     92     4     211
42     174     53     1261
43     84     88     148
44     129     81     116
45     26     99     399
46     164     52     1109
47     55     70     40
48     77     62     867
49     157     71     13
50     185     12     327
