1     109     20     315
2     159     42     411
3     119     41     161
4     58     72     558
5     68     71     191
6     46     16     1
7     173     35     969
8     83     90     51
9     177     67     966
10     20     67     142
11     136     4     600
12     152     74     883
13     109     14     72
14     89     75     1080
15     34     58     295
16     191     77     126
17     134     44     830
18     55     72     0
19     25     38     793
20     176     44     233
21     145     97     332
22     83     41     200
23     108     90     490
24     43     17     88
25     123     8     451
26     103     80     1100
27     194     63     100
28     85     85     598
29     170     15     1086
30     51     79     45
31     53     42     344
32     6     19     254
33     147     5     153
34     74     72     1057
35     67     35     236
36     37     19     832
37     32     62     160
38     69     44     513
39     139     2     53
40     132     57     44
41     85     32     627
42     13     57     303
43     8     94     1092
44     107     82     134
45     86     40     925
46     108     64     151
47     166     69     983
48     25     82     129
49     197     44     304
50     141     46     1150
