5     328     285.5
5     321     285.5
5     324     285.5
5     324     285.5
5     328     285.5
5     328     285.5
5     324     285.5
5     324     285.5
5     321     285.5
5     328     285.5
             
5     303     268.875
5     301     268.875
5     300     268.875
5     300     268.875
5     303     268.875
5     303     268.875
5     300     268.875
5     300     268.875
5     301     268.875
5     303     268.875
             
5     310     276.875
5     310     276.875
5     306     276.875
5     306     276.875
5     310     276.875
5     310     276.875
5     306     276.875
5     306     276.875
5     310     276.875
5     310     276.875
             
5     279     251.625
5     281     251.625
5     283     251.625
5     283     251.625
5     281     251.625
5     281     251.625
5     283     251.625
5     283     251.625
5     281     251.625
5     281     251.625
             
5     301     269.125
5     307     269.125
5     307     269.125
5     307     269.125
5     307     269.125
5     307     269.125
5     307     269.125
5     307     269.125
5     307     269.125
5     307     269.125
             
5     291     268
5     298     268
5     297     268
5     297     268
5     298     268
5     298     268
5     297     268
5     297     268
5     298     268
5     298     268
             
5     308     284.75
5     310     284.75
5     304     284.75
5     304     284.75
5     310     284.75
5     310     284.75
5     304     284.75
5     304     284.75
5     310     284.75
5     310     284.75
             
5     307     274.5
5     303     274.5
5     305     274.5
5     305     274.5
5     307     274.5
5     307     274.5
5     305     274.5
5     305     274.5
5     303     274.5
5     307     274.5
             
5     309     277.625
5     312     277.625
5     316     277.625
5     316     277.625
5     312     277.625
5     312     277.625
5     316     277.625
5     316     277.625
5     312     277.625
5     312     277.625
             
5     333     290
5     339     290
5     339     290
5     339     290
5     339     290
5     339     290
5     339     290
5     339     290
5     339     290
5     339     290
             
