5.001     573     530
5     571     530
5     575     530
5     575     530
5.001     573     530
5.001     573     530
5     575     530
5     575     530
5     571     530
5.001     573     530
             
1.115     564     564
1.81     564     564
1.701     564     564
1.701     564     564
1.81     564     564
1.81     564     564
1.701     564     564
1.701     564     564
1.81     564     564
1.81     564     564
             
1.138     629     629
2.795     629     629
5     635     629
5     635     629
2.795     629     629
2.795     629     629
5     635     629
5     635     629
2.795     629     629
2.795     629     629
             
5.001     615     591
5     599     591
5.001     601     591
5.001     601     591
5.001     615     591
5.001     615     591
5.001     601     591
5.001     601     591
5     599     591
5.001     615     591
             
5     641     614
5.001     630     614
5.001     623     614
5.001     623     614
5.001     641     614
5.001     641     614
5.001     623     614
5.001     623     614
5.001     630     614
5.001     641     614
             
5.001     684     658
5.001     678     658
5     704     658
5     704     658
5.001     684     658
5.001     684     658
5     704     658
5     704     658
5.001     678     658
5.001     684     658
             
0.094     668     668
0.396     668     668
0.361     668     668
0.361     668     668
0.396     668     668
0.396     668     668
0.361     668     668
0.361     668     668
0.396     668     668
0.396     668     668
             
2.684     647     647
5.001     651     647
5.001     655     647
5.001     655     647
5.001     651     647
5.001     651     647
5.001     655     647
5.001     655     647
5.001     651     647
5.001     651     647
             
0.619     586     586
0.255     586     586
2.6     586     586
2.6     586     586
0.619     586     586
0.619     586     586
2.6     586     586
2.6     586     586
0.255     586     586
0.619     586     586
             
0.146     620     620
0.077     620     620
0.017     620     620
0.017     620     620
0.146     620     620
0.146     620     620
0.017     620     620
0.017     620     620
0.077     620     620
0.146     620     620
             
