1     35     27     556
2     95     35     86
3     27     29     372
4     51     42     2113
5     29     2     142
6     84     24     826
7     14     36     816
8     51     16     2147
9     38     27     340
10     36     26     2125
11     27     43     333
12     40     39     1840
13     19     45     465
14     29     15     1674
15     58     41     91
16     91     2     816
17     90     18     1430
18     27     23     511
19     49     37     982
20     32     30     1321
21     65     9     108
22     9     37     536
23     90     27     953
24     35     49     991
25     46     6     175
26     80     31     1124
27     82     48     1735
28     37     26     502
29     46     8     32
30     77     2     810
31     51     20     365
32     45     42     335
33     36     7     590
34     86     24     768
35     24     45     1678
36     65     5     278
37     31     29     170
38     46     35     1814
39     36     29     103
40     10     15     50
41     41     5     168
42     8     45     1366
43     15     21     181
44     55     49     954
45     20     48     653
46     57     47     1417
47     25     39     236
48     69     42     521
49     17     22     1687
50     24     9     325
