1     55     42     2461
2     14     9     321
3     69     2     1188
4     90     2     1888
5     32     16     528
6     67     32     858
7     19     17     1424
8     71     38     279
9     23     26     1901
10     69     10     606
11     17     8     1397
12     15     11     354
13     68     35     2390
14     61     47     295
15     58     34     2070
16     49     17     371
17     69     48     1188
18     85     11     348
19     64     2     1664
20     15     24     383
21     37     41     2427
22     78     49     335
23     84     25     1394
24     83     49     191
25     66     22     1925
26     44     14     271
27     17     39     33
28     49     27     470
29     50     31     197
30     19     43     707
31     36     24     1459
32     59     10     140
33     49     6     2143
34     5     9     526
35     32     18     1887
36     19     14     555
37     84     1     565
38     88     1     2216
39     32     30     426
40     57     16     578
41     6     23     9
42     70     20     1759
43     89     32     188
44     47     31     1267
45     28     30     618
46     57     34     1688
47     45     35     300
48     74     42     1122
49     36     44     2029
50     39     35     39
