1     4     3     245
2     43     30     19
3     15     45     320
4     46     8     75
5     21     41     343
6     43     13     71
7     49     7     231
8     10     43     84
9     21     29     16
10     17     40     332
11     7     38     17
12     22     17     221
13     47     36     73
14     29     48     335
15     29     43     72
16     47     31     183
17     46     17     72
18     43     28     281
19     29     34     18
20     31     29     255
21     20     26     1
22     29     39     336
23     30     23     6
24     12     42     127
25     5     14     55
26     28     16     51
27     25     41     147
28     42     32     118
29     43     25     160
30     45     43     240
31     18     2     17
32     14     47     7
33     44     3     233
34     4     16     63
35     29     15     220
36     34     48     18
37     39     9     150
38     30     15     293
39     31     30     54
40     35     48     92
41     20     20     3
42     2     16     143
43     34     26     106
44     32     49     29
45     46     12     290
46     15     41     62
47     16     39     150
48     19     5     307
49     29     8     85
50     44     39     81
