1     57     174     646
2     24     150     1681
3     43     64     3712
4     19     88     90
5     95     183     1161
6     94     158     3231
7     20     63     757
8     21     187     1045
9     37     68     2878
10     7     19     379
11     65     29     2957
12     93     50     161
13     54     166     1818
14     62     154     2348
15     61     84     884
16     2     152     1270
17     3     81     1551
18     76     176     1751
19     90     32     599
20     81     79     18
21     53     23     1056
22     31     48     23
23     25     190     243
24     19     29     564
25     78     134     3378
26     31     68     712
27     43     175     673
28     22     198     413
29     16     155     861
30     95     148     1524
31     82     14     3556
32     63     133     527
33     21     128     3175
34     74     8     527
35     62     66     1596
36     65     54     2679
37     74     199     804
38     34     4     713
39     71     62     1609
40     52     3     3196
41     87     4     390
42     78     9     2431
43     79     144     675
44     92     175     2123
45     11     106     506
46     2     134     3774
47     12     25     572
48     71     186     136
49     9     158     1469
50     73     175     562
51     9     141     2389
52     75     72     314
53     84     129     1461
54     47     9     484
55     67     198     524
56     25     139     2764
57     85     51     346
58     21     115     2682
59     60     128     948
60     38     61     314
61     56     159     2444
62     93     51     190
63     15     84     661
64     7     167     2846
65     77     165     593
66     43     199     1459
67     82     195     2858
68     27     197     79
69     11     47     3128
70     96     179     850
71     24     157     1272
72     20     152     3463
73     97     94     379
74     2     53     1338
75     48     106     1345
76     46     138     3438
77     64     21     421
78     59     126     3089
79     2     53     384
80     56     196     1721
81     51     62     402
82     34     19     3093
83     12     189     193
84     42     78     3430
85     12     27     766
86     13     94     2072
87     58     38     904
88     84     75     3766
89     45     137     610
90     41     149     2611
91     65     77     601
92     56     85     2194
93     65     51     882
94     23     114     180
95     19     48     3343
96     20     144     295
97     9     82     25
98     22     141     2099
99     10     60     771
100     15     58     736
101     59     45     3507
102     38     41     124
103     49     197     1736
104     96     110     1101
105     4     159     96
106     83     136     3168
107     69     106     444
108     8     31     1945
109     82     48     414
110     81     25     2524
111     8     86     927
112     99     55     101
113     82     198     1802
114     86     173     826
115     56     183     3086
116     74     80     655
117     90     92     2733
118     25     178     627
119     15     6     254
120     18     178     3586
121     46     113     641
122     92     80     2077
123     47     195     807
124     36     151     2286
125     38     181     919
126     36     23     2317
127     15     164     475
128     79     65     2090
129     46     73     54
130     17     45     2889
131     58     108     258
132     58     57     1721
133     12     12     2603
134     8     31     476
135     33     116     1431
136     76     56     1731
137     50     121     2352
138     55     92     478
139     85     159     158
140     7     167     1527
141     30     192     2565
142     69     83     912
143     65     37     3489
144     77     79     519
145     49     181     3750
146     17     138     676
147     39     133     2142
148     7     68     663
149     94     86     2953
150     81     125     396
151     54     18     2704
152     22     175     783
153     86     134     3418
154     82     37     447
155     82     33     652
156     21     71     2181
157     45     147     59
158     8     45     1920
159     20     179     843
160     80     56     1014
161     63     34     2185
162     27     113     149
163     73     69     182
164     76     141     2048
165     37     191     396
166     92     152     1667
167     67     172     1334
168     61     107     1734
169     54     108     1777
170     57     41     4
171     53     23     2827
172     32     13     422
173     61     184     3318
174     3     91     620
175     52     37     620
176     91     16     610
177     44     6     2944
178     98     150     230
179     56     30     3516
180     1     40     429
181     43     91     404
182     14     64     2111
183     63     167     729
184     78     119     2003
185     2     57     570
186     38     118     2352
187     97     58     641
188     59     181     1568
189     93     144     2652
190     2     58     841
191     40     10     1629
192     14     63     3639
193     27     24     752
194     2     8     215
195     89     162     2118
196     81     44     100
197     43     123     348
198     66     156     3491
199     33     112     223
200     78     43     150
201     26     87     3075
202     98     66     82
203     48     43     2423
204     29     29     724
205     68     18     1929
206     56     177     147
207     76     184     3040
208     39     66     238
209     59     192     20
210     97     124     65
211     60     157     2673
212     81     69     196
213     50     47     3253
214     28     155     241
215     60     112     388
216     5     168     1202
217     23     91     721
218     89     56     1077
219     91     146     3140
220     99     184     716
221     37     129     1688
222     59     70     113
223     31     82     392
224     71     154     673
225     90     81     457
226     23     97     1577
227     65     140     3219
228     40     49     169
229     78     13     3526
230     61     116     499
231     21     199     2022
232     29     192     375
233     30     164     2097
234     15     141     74
235     93     65     1762
236     65     100     1186
237     56     160     1506
238     45     110     864
239     53     193     2943
240     78     3     548
241     90     67     1689
242     98     190     839
243     58     71     2410
244     93     115     115
245     75     159     1213
246     74     139     1189
247     68     52     1276
248     72     10     1816
249     26     46     2590
250     67     117     301
251     21     15     2851
252     14     31     735
253     15     11     1061
254     80     182     1732
255     78     54     224
256     43     110     2551
257     7     162     692
258     43     187     2643
259     90     172     816
260     70     145     3591
261     6     38     794
262     10     39     1834
263     11     27     726
264     8     143     2344
265     95     90     670
266     83     51     1668
267     87     81     3511
268     61     16     269
269     8     43     3071
270     15     79     373
271     40     16     1695
272     57     143     3076
273     58     195     925
274     87     81     2
275     42     50     2429
276     10     184     322
277     49     147     2732
278     99     52     172
279     86     21     3444
280     63     165     927
281     4     128     2047
282     56     56     647
283     23     49     734
284     54     148     3619
285     50     50     607
286     17     73     1463
287     39     110     3136
288     77     145     425
289     46     147     1132
290     50     22     1585
291     98     39     2957
292     42     166     80
293     63     79     1252
294     57     77     3002
295     63     199     664
296     76     63     1107
297     77     79     2399
298     56     85     2
299     72     19     1667
300     34     141     2837
