30.032     3817     3696
30.017     3808     3696
30.016     3832     3696
30.033     3831     3696
30.021     3826     3696
30.021     3826     3696
30.033     3831     3696
30.016     3832     3696
30.017     3808     3696
30.032     3817     3696
             
30.032     3899     3899
30.022     3899     3899
9.484     3899     3899
30.048     3899     3899
8.22     3899     3899
8.22     3899     3899
30.048     3899     3899
9.484     3899     3899
30.022     3899     3899
30.032     3899     3899
             
30.005     3861     3850
30.032     3886     3850
30.017     3868     3850
30.001     3881     3850
30.033     3866     3850
30.033     3866     3850
30.001     3881     3850
30.017     3868     3850
30.032     3886     3850
30.032     3886     3850
             
16.517     4095     4095
30.033     4095     4095
30.005     4095     4095
30.001     4095     4095
30.080     4095     4095
30.080     4095     4095
30.001     4095     4095
30.005     4095     4095
30.033     4095     4095
30.033     4095     4095
             
30.005     3863     3781
30.001     3851     3781
30.001     3826     3781
30.001     3853     3781
30.017     3834     3781
30.017     3834     3781
30.001     3853     3781
30.001     3826     3781
30.001     3851     3781
30.005     3863     3781
             
30.032     3983     3892
30.064     4019     3892
30.001     4015     3892
30.001     3990     3892
30.017     3982     3892
30.017     3982     3892
30.001     3990     3892
30.001     4015     3892
30.064     4019     3892
30.064     4019     3892
             
30.001     3945     3928
30.033     3928     3928
30.032     3936     3928
30.001     3940     3928
30.001     3931     3928
30.001     3931     3928
30.001     3940     3928
30.032     3936     3928
30.033     3928     3928
30.033     3945     3928
             
30.017     3897     3886
30.017     3889     3886
30.048     3889     3886
30.001     3886     3886
30.001     3893     3886
30.001     3893     3886
30.001     3886     3886
30.048     3889     3886
30.017     3889     3886
30.017     3897     3886
             
30.033     3872     3623
30.017     3866     3623
30.001     3852     3623
30.033     3850     3623
30.032     3843     3623
30.032     3843     3623
30.033     3850     3623
30.001     3852     3623
30.017     3866     3623
30.033     3872     3623
             
30.001     3915     3904
30.032     3919     3904
30.048     3905     3904
30.017     3922     3904
30.016     3924     3904
30.016     3924     3904
30.017     3922     3904
30.048     3905     3904
30.032     3919     3904
30.032     3919     3904
             
