1     47     9     1025
2     45     65     6700
3     42     67     1787
4     64     53     8533
5     8     103     2377
6     55     59     6150
7     52     88     963
8     8     71     2852
9     90     34     1113
10     68     152     461
11     92     75     5828
12     15     102     1120
13     88     110     2238
14     80     93     7076
15     51     88     1089
16     17     95     7834
17     23     186     2322
18     43     100     4152
19     18     98     2075
20     76     53     5506
21     78     15     1492
22     33     37     1145
23     25     111     1987
24     53     171     3595
25     5     59     8820
26     39     42     748
27     88     18     6674
28     93     181     823
29     88     35     9193
30     25     69     1490
31     92     23     9148
32     69     40     1948
33     48     153     7814
34     60     26     2244
35     11     54     5999
36     43     170     733
37     91     197     3901
38     46     19     9291
39     27     108     2006
40     92     160     2731
41     67     49     5728
42     29     172     1495
43     1     168     2976
44     22     59     1747
45     68     108     2145
46     27     143     2087
47     41     16     7136
48     41     90     1608
49     12     70     4467
50     17     96     7131
51     41     164     325
52     8     127     3951
53     50     61     8642
54     84     153     2129
55     85     192     6305
56     3     25     885
57     51     130     2694
58     21     160     1827
59     42     91     5385
60     4     111     818
61     76     170     1041
62     96     48     9281
63     82     177     1951
64     19     138     3446
65     44     147     3934
66     15     58     1469
67     53     199     6636
68     95     101     1465
69     21     106     6266
70     86     42     338
71     59     62     6755
72     13     178     1942
73     2     123     1493
74     75     128     5710
75     82     17     625
76     90     143     8889
77     89     108     530
78     55     50     6603
79     28     26     1686
80     54     27     2539
81     58     54     6198
82     99     163     992
83     16     187     2264
84     95     59     6079
85     33     178     188
86     59     55     9439
87     10     110     2380
88     4     114     6846
89     14     110     1825
90     83     77     2272
91     28     9     1748
92     99     88     6665
93     84     60     2164
94     67     58     2486
95     10     192     213
96     38     198     36
97     33     49     2851
98     46     136     8297
99     72     160     740
100     18     5     7218
101     24     160     982
102     54     5     4722
103     55     10     3714
104     8     164     1108
105     71     9     1527
106     56     49     3901
107     10     96     1851
108     72     98     9188
109     85     122     1662
110     52     92     925
111     58     127     6287
112     38     154     609
113     6     172     8876
114     8     116     879
115     68     70     862
116     38     22     6513
117     50     88     105
118     68     154     1955
119     70     120     944
120     15     185     7438
121     24     49     1718
122     27     6     6699
123     44     5     760
124     68     135     6599
125     44     53     1251
126     42     11     5923
127     30     195     1897
128     89     129     3674
129     47     29     7512
130     48     151     1935
131     78     36     5003
132     79     50     495
133     11     111     2733
134     64     129     4182
135     16     19     6928
136     20     126     757
137     24     107     6052
138     94     173     406
139     80     100     5989
140     50     109     2138
141     21     9     7294
142     8     113     498
143     10     162     467
144     20     93     8547
145     38     98     860
146     18     25     2407
147     66     95     6494
148     17     102     2247
149     52     193     2379
150     92     155     195
151     23     29     473
152     29     165     2295
153     83     184     6063
154     6     179     1051
155     66     94     6665
156     63     100     787
157     2     91     7620
158     38     74     1911
159     99     106     4299
160     14     190     6626
161     12     104     677
162     67     2     7478
163     94     59     1110
164     82     181     6816
165     54     48     986
166     45     114     9264
167     14     111     407
168     59     71     1923
169     96     180     349
170     89     171     6975
171     37     77     710
172     48     60     6011
173     16     142     1170
174     8     174     1249
175     17     159     3890
176     26     41     6359
177     6     8     1878
178     7     103     5235
179     83     191     1458
180     67     82     7164
181     3     29     824
182     35     151     140
183     74     113     660
184     66     14     4784
185     89     27     2382
186     87     40     6567
187     27     111     2094
188     69     66     2558
189     96     103     1034
190     98     148     7563
191     7     28     1495
192     36     190     4323
193     26     92     2104
194     22     175     5342
195     86     89     1305
196     67     80     7827
197     57     168     2201
198     68     157     8322
199     17     69     1985
200     24     192     7866
