1     11     111     3193
2     41     99     168
3     43     82     1334
4     67     5     120
5     42     177     2061
6     89     106     3778
7     22     69     566
8     79     13     405
9     61     83     3913
10     51     32     2
11     9     142     1695
12     67     185     3367
13     61     166     58
14     35     136     2139
15     9     82     784
16     11     69     1459
17     64     111     3380
18     62     63     49
19     41     31     3816
20     44     167     413
21     99     179     3987
22     17     163     749
23     79     126     1290
24     43     47     3524
25     21     53     766
26     42     27     2014
27     80     156     1060
28     92     13     3188
29     85     195     1046
30     94     140     44
31     77     199     358
32     86     147     656
33     18     185     4163
34     62     123     769
35     89     124     4141
36     20     159     742
37     33     172     1603
38     81     31     1261
39     65     152     2111
40     42     149     1988
41     91     144     183
42     13     180     1919
43     68     97     20
44     40     16     1094
45     75     122     1788
46     44     165     4074
47     48     153     98
48     81     96     695
49     19     153     2841
50     77     85     288
51     70     120     2218
52     1     150     283
53     28     152     828
54     6     44     1743
55     24     50     4197
56     25     64     260
57     17     102     1768
58     28     124     3459
59     70     178     1040
60     99     69     733
61     31     60     3298
62     60     163     728
63     8     58     3943
64     48     9     934
65     62     51     2965
66     64     162     941
67     89     25     2840
68     79     11     148
69     21     199     3545
70     50     98     790
71     1     102     3885
72     17     132     631
73     69     175     745
74     61     183     2607
75     70     126     128
76     36     132     779
77     95     24     2376
78     95     102     293
79     10     100     2172
80     27     66     250
81     36     77     2193
82     27     141     7
83     95     22     2582
84     63     92     573
85     33     119     198
86     28     1     609
87     98     187     4202
88     85     170     491
89     57     145     3682
90     74     96     142
91     57     61     811
92     14     1     2310
93     12     69     350
94     49     111     1616
95     36     31     782
96     18     150     2875
97     98     129     535
98     88     149     3834
99     94     141     982
100     36     84     2479
101     49     164     185
102     12     97     159
103     87     95     540
104     24     163     3239
105     98     93     304
106     98     44     980
107     1     108     2605
108     58     29     832
109     11     103     3894
110     53     164     447
111     86     91     1344
112     56     107     2121
113     21     129     3357
114     89     57     685
115     73     192     675
116     45     82     2749
117     15     11     1019
118     82     185     3409
119     99     122     700
120     56     174     2378
121     67     152     303
122     99     191     377
123     53     29     1755
124     96     27     1103
125     76     64     1600
126     20     36     2525
127     16     159     918
128     81     159     3168
129     98     47     203
130     31     1     1420
131     93     111     1174
132     92     139     2262
133     82     38     143
134     85     119     1225
135     32     103     1596
136     65     84     1585
137     14     160     3509
138     41     7     416
139     63     6     2815
140     98     74     1021
141     56     95     4125
142     51     175     42
143     58     150     77
144     43     9     3301
145     70     190     520
146     49     70     1414
147     53     54     1342
148     57     119     2375
149     34     34     759
150     43     160     3981
151     77     125     875
152     28     150     2378
153     83     87     895
154     5     116     1567
155     24     191     1412
156     10     95     3809
157     33     90     59
158     3     45     1097
159     25     165     332
160     4     126     553
161     10     149     2779
162     83     183     566
163     29     121     1717
164     28     61     1056
165     64     135     554
166     24     172     1761
167     7     192     1366
168     39     119     1113
169     98     40     659
170     50     193     818
171     90     168     155
172     97     113     2587
173     81     102     90
174     75     185     3355
175     65     162     947
176     75     124     32
177     83     23     2431
178     64     17     811
179     95     100     3614
180     54     30     736
181     72     165     1861
182     53     85     3472
183     7     2     588
184     96     79     3081
185     62     2     775
186     66     96     2646
187     46     196     1006
188     34     174     854
189     18     44     3408
190     24     98     970
191     32     199     1260
192     76     12     2939
193     97     73     525
194     35     48     2355
195     76     68     372
196     76     20     2353
197     40     96     626
198     57     159     1361
199     56     124     1829
200     56     147     1710
