1     45     61     352
2     65     97     1180
3     34     160     699
4     36     116     1940
5     48     37     3211
6     74     76     526
7     40     92     475
8     17     73     3079
9     46     82     266
10     15     88     923
11     73     177     1957
12     26     44     2261
13     19     189     765
14     9     3     21
15     36     90     1163
16     89     13     2479
17     54     117     521
18     48     31     623
19     38     8     3919
20     80     98     655
21     29     29     967
22     10     193     2226
23     5     94     870
24     80     122     1647
25     45     187     86
26     17     21     915
27     19     37     3642
28     53     95     338
29     82     164     2585
30     56     198     400
31     5     113     2661
32     11     159     719
33     95     158     1319
34     63     140     1346
35     93     104     2288
36     71     69     410
37     25     65     2070
38     85     167     481
39     27     66     287
40     51     14     3406
41     42     40     517
42     68     183     810
43     27     161     1689
44     73     184     2452
45     62     40     534
46     54     80     577
47     7     44     2895
48     42     101     879
49     65     154     3863
50     51     99     231
51     96     99     1677
52     46     41     405
53     35     47     2562
54     83     190     707
55     79     62     1534
56     71     106     1358
57     34     139     2203
58     37     182     677
59     50     142     1172
60     9     125     222
61     57     114     1059
62     29     105     1287
63     56     2     3293
64     38     105     507
65     70     177     1307
66     93     70     1245
67     82     88     1874
68     65     43     1233
69     44     20     3566
70     23     107     715
71     70     141     340
72     22     54     2130
73     28     186     142
74     13     195     2844
75     61     142     260
76     36     116     3638
77     17     147     224
78     15     163     251
79     5     165     2883
80     38     107     369
81     72     23     985
82     65     130     3355
83     83     77     291
84     74     155     2785
85     69     104     367
86     22     177     2011
87     7     108     408
88     13     61     2136
89     9     173     955
90     95     161     3333
91     92     67     738
92     52     5     2224
93     63     169     294
94     19     137     895
95     67     188     3437
96     60     140     481
97     95     177     2198
98     52     51     837
99     57     159     3092
100     63     96     886
101     69     74     3550
102     47     13     687
103     46     30     912
104     81     60     3859
105     38     67     963
106     13     32     670
107     99     133     3872
108     19     65     347
109     55     157     1652
110     52     122     4
111     53     108     2468
112     14     86     220
113     68     157     1336
114     54     51     2741
115     22     146     891
116     80     16     2358
117     4     40     772
118     7     11     1317
119     40     15     148
120     85     178     2418
121     77     146     298
122     59     78     3196
123     80     192     818
124     67     20     1786
125     8     30     2889
126     90     60     907
127     35     21     3384
128     91     141     253
129     37     145     2561
130     83     62     279
131     29     121     3918
132     59     77     449
133     1     34     2382
134     63     177     698
135     84     72     3455
136     3     156     906
137     70     193     167
138     57     177     3792
139     43     18     944
140     48     168     2559
141     77     45     667
142     32     31     1053
143     2     1     2471
144     13     43     911
145     12     88     2382
146     31     90     505
147     71     188     100
148     87     122     947
149     89     163     1749
150     2     182     1055
151     29     198     1127
152     4     70     1226
153     43     47     3564
154     2     96     832
155     13     153     893
156     23     193     117
157     56     134     373
158     21     20     11
159     43     8     2888
160     10     7     843
161     41     160     3232
162     91     14     637
163     35     70     1821
164     68     3     1872
165     69     138     1557
166     40     92     2718
167     43     131     580
168     94     136     2429
169     53     59     98
170     45     24     531
171     38     165     1359
172     75     66     167
173     52     144     509
174     23     36     1154
175     86     63     2446
176     65     188     114
177     62     167     2893
178     81     191     725
179     94     147     50
180     84     180     1534
181     11     162     3357
182     33     105     594
183     61     84     119
184     62     82     1111
185     87     134     1085
186     83     42     3137
187     89     172     579
188     46     105     483
189     74     167     3190
190     16     136     65
191     30     89     375
192     86     15     1966
193     40     178     366
194     59     47     2719
195     24     149     260
196     44     41     1094
197     40     162     1459
198     27     30     1354
199     91     17     290
200     30     146     2292
