1     63     12     702
2     49     31     1166
3     19     6     249
4     34     44     323
5     1     29     204
6     109     8     773
7     141     41     1323
8     155     42     525
9     193     9     681
10     138     43     109
11     29     35     549
12     43     48     942
13     125     12     568
14     56     10     825
15     64     45     1651
16     48     14     150
17     119     33     614
18     107     46     614
19     199     33     1651
20     120     16     87
21     189     45     1520
22     113     34     395
23     6     46     699
24     64     10     361
25     33     47     31
26     4     48     1958
27     82     17     567
28     109     13     436
29     163     14     2219
30     170     45     363
31     101     17     552
32     17     24     1164
33     28     27     13
34     18     34     759
35     73     17     868
36     105     5     208
37     173     4     1633
38     121     16     117
39     118     31     232
40     50     2     1929
41     36     31     533
42     121     31     1525
43     23     1     125
44     41     38     1891
45     185     26     156
46     133     3     1693
47     194     32     229
48     66     2     1621
49     93     13     52
50     167     25     1337
