1        7        8       27
2        3        7       24
3        4        3       22
4       14        2        9
5        9        8       27
6       12        9        1
7        3        7       21
8        9        8        6
9        3        3        8
10        5        6       14
11       15        2       14
12       12        1       20
13       12        6       13
14        3        8        2
15       12        8        6
16        6        4        3
17        5        9       24
18        5        7       16
19       10        1       22
20       10        9       13
21       12        2       11
22        9        1        0
23        4        3        5
24        6        3        1
25        9        7       27
26       14        6        6
27       15        1        1
28       14        9       26
29       12        4        7
30        8        4        7
31        8        4       12
32        5        1        6
33        3        1        4
34        6        1       21
35       10        8       18
36        6        6       11
37        6        7        9
38        4        1        4
39       10        2       13
40       12        8       26
41        4        4        8
42        9        2       24
43       14        1        9
44       15        1        2
45       10        6       13
46        6        3        9
47       14        4       25
48        9        9       12
49       13        8       10
50       11        8        8
