5       120     117.4
5       121     117.4
5       119     117.4
5.001       120     117.4
5       122     117.4
5       120     117.4
5       120     117.4
5.001       119     117.4
5       119     117.4
5       120     117.4

5       125     122.8
5.001       126     122.8
5       125     122.8
5       125     122.8
5       126     122.8
5.001       130     122.8
5.005       125     122.8
5       127     122.8
5       125     122.8
5.001       126     122.8

5       117     114.4
5       117     114.4
5.001       120     114.4
5       118     114.4
5       117     114.4
5       117     114.4
5.001       116     114.4
5       117     114.4
5       117     114.4
5       117     114.4

5.001       120     115.4
5       121     115.4
5       119     115.4
5       120     115.4
5.001       120     115.4
5       117     115.4
5       118     115.4
5       119     115.4
5.001       119     115.4
5       118     115.4

5       131     128.4
5.001       130     128.4
5       131     128.4
5       131     128.4
5       132     128.4
5.001       130     128.4
5       133     128.4
5       130     128.4
5       131     128.4
5.001       130     128.4

5       112     107.6
5       112     107.6
5.006       112     107.6
5       110     107.6
5       110     107.6
5.001       109     107.6
5       110     107.6
5       111     107.6
5       111     107.6
5.001       112     107.6

5       117       111
5.001       115       111
5       113       111
5       115       111
5       115       111
5.001       113       111
5       114       111
5       116       111
5       114       111
5.001       113       111

5       120     116.2
5       119     116.2
5       121     116.2
5.001       121     116.2
5       120     116.2
5       119     116.2
5       120     116.2
5.001       121     116.2
5       120     116.2
5       120     116.2

5.001       117     112.4
5       115     112.4
5       116     112.4
5       115     112.4
5.001       116     112.4
5       116     112.4
5       116     112.4
5       117     112.4
5.005       116     112.4
5       117     112.4

5.001       130     127.4
5       130     127.4
5       131     127.4
5       129     127.4
5.001       130     127.4
5       130     127.4
5       130     127.4
5       130     127.4
5.001       130     127.4
5       131     127.4

