5       123     117.4
5       123     117.4
5       123     117.4
5       123     117.4
5       123     117.4
5       123     117.4
5       123     117.4
5       123     117.4
5       123     117.4
5       123     117.4

5       131     122.8
5       132     122.8
5       131     122.8
5       132     122.8
5       131     122.8
5       130     122.8
5       130     122.8
5       129     122.8
5       132     122.8
5       131     122.8

5       121     114.4
5       122     114.4
5       121     114.4
5       121     114.4
5       122     114.4
5       122     114.4
5       122     114.4
5       121     114.4
5       120     114.4
5       121     114.4

5       123     115.4
5       123     115.4
5       123     115.4
5       123     115.4
5       123     115.4
5       123     115.4
5       123     115.4
5       123     115.4
5       123     115.4
5       123     115.4

5       137     128.4
5       137     128.4
5       137     128.4
5       137     128.4
5       136     128.4
5       138     128.4
5       138     128.4
5       137     128.4
5       138     128.4
5       137     128.4

5       115     107.6
5       115     107.6
5       115     107.6
5       115     107.6
5       115     107.6
5       115     107.6
5       115     107.6
5       115     107.6
5       115     107.6
5       115     107.6

5       118       111
5       118       111
5       118       111
5       118       111
5       118       111
5       118       111
5       118       111
5       118       111
5       118       111
5       118       111

5       123     116.2
5       123     116.2
5       125     116.2
5       125     116.2
5       125     116.2
5       124     116.2
5       123     116.2
5       125     116.2
5       124     116.2
5       124     116.2

5       120     112.4
5       119     112.4
5       119     112.4
5       120     112.4
5       120     112.4
5       120     112.4
5       118     112.4
5       120     112.4
5       120     112.4
5       120     112.4

5       133     127.4
5       134     127.4
5       132     127.4
5       133     127.4
5       132     127.4
5       132     127.4
5       133     127.4
5       134     127.4
5       134     127.4
5       134     127.4

