1     20     195     35
2     42     12     84
3     5     102     21
4     35     126     130
5     40     199     38
6     39     87     11
7     20     112     26
8     44     103     64
9     47     61     124
10     36     159     28
11     49     109     106
12     25     163     26
13     33     84     12
14     37     108     160
15     21     117     41
16     5     181     116
17     23     28     11
18     30     154     44
19     22     127     127
20     35     134     18
21     41     148     78
22     31     160     26
23     16     62     9
24     21     177     88
25     38     65     14
26     18     8     132
27     26     69     18
28     21     196     161
29     13     34     17
30     30     145     95
31     1     124     17
32     17     152     91
33     3     1     3
34     4     28     129
35     5     130     17
36     33     118     46
37     41     101     157
38     41     17     23
39     48     188     138
40     4     168     32
41     3     93     115
42     27     38     1
43     37     148     88
44     21     76     20
45     38     58     78
46     42     125     156
47     15     33     29
48     15     112     50
49     36     141     143
50     48     122     3
51     9     96     7
52     36     104     8
53     18     141     68
54     40     168     81
55     2     76     24
56     25     193     85
57     16     62     23
58     22     29     93
59     32     149     8
60     18     10     149
61     25     191     11
62     1     64     100
63     26     125     23
64     26     136     18
65     47     60     89
66     40     129     3
67     46     34     61
68     48     124     153
69     8     103     25
70     20     80     103
71     21     116     36
72     19     46     74
73     39     126     106
74     29     124     13
75     16     5     95
76     17     29     31
77     23     163     7
78     26     46     153
79     38     9     6
80     21     184     8
81     37     181     154
82     11     17     11
83     29     83     32
84     47     96     122
85     20     88     11
86     41     94     62
87     6     18     107
88     31     43     28
89     23     11     131
90     45     118     7
91     10     67     125
92     14     176     40
93     28     58     69
94     5     52     96
95     26     71     35
96     37     191     125
97     5     186     9
98     43     174     48
99     22     8     25
100     8     52     130
