1     49     25     1574
2     31     15     352
3     47     37     467
4     98     41     3026
5     94     20     550
6     76     44     2247
7     23     3     287
8     10     40     1632
9     38     18     399
10     17     48     418
11     89     20     364
12     88     9     776
13     41     25     2800
14     64     41     508
15     28     48     230
16     47     34     275
17     18     14     417
18     90     20     2254
19     31     23     496
20     16     5     592
21     6     17     2259
22     8     35     28
23     37     43     2663
24     74     32     474
25     93     29     1708
26     42     15     125
27     77     35     220
28     99     11     155
29     91     21     207
30     90     43     2863
31     62     25     292
32     81     44     253
33     55     11     752
34     14     9     2010
35     18     47     62
36     32     22     547
37     17     36     1943
38     62     38     538
39     15     38     1244
40     33     44     1936
41     77     24     294
42     26     4     2524
43     16     33     359
44     87     5     1290
45     41     35     2513
46     21     35     250
47     78     39     913
48     91     42     484
49     64     22     2419
50     87     19     301
51     17     19     40
52     89     28     1941
53     58     46     555
54     74     11     2510
55     42     3     331
56     54     35     1270
57     62     24     3104
58     34     41     489
59     74     45     801
60     40     7     1020
61     81     23     456
62     11     16     3034
63     7     45     262
64     7     26     2571
65     65     2     412
66     10     27     1875
67     41     43     449
68     78     49     1298
69     39     42     1229
70     26     4     1397
71     68     42     2111
72     67     16     335
73     67     35     2074
74     12     26     671
75     52     39     1781
76     70     25     75
77     33     21     779
78     39     48     274
79     45     30     1044
80     38     18     2827
81     5     27     78
82     54     39     2719
83     94     45     737
84     33     19     1071
85     16     7     1216
86     35     3     1526
87     19     44     2936
88     69     9     651
89     70     25     1764
90     74     25     244
91     78     16     2722
92     65     3     413
93     37     41     1220
94     70     30     2371
95     83     1     308
96     70     23     1477
97     83     32     348
98     25     48     2656
99     38     30     664
100     59     4     3080
101     57     25     431
102     29     2     1492
103     80     32     349
104     90     22     404
105     57     10     1519
106     62     27     2998
107     49     7     709
108     14     49     1022
109     70     47     2635
110     14     2     418
111     64     44     2680
112     90     42     361
113     85     15     2374
114     12     23     160
115     60     48     1614
116     33     34     535
117     13     44     1721
118     44     5     556
119     93     37     977
120     95     22     2352
121     86     25     228
122     33     28     2264
123     40     31     587
124     32     26     2964
125     82     31     125
126     36     35     2875
127     21     3     359
128     72     22     1707
129     26     40     483
130     60     7     977
131     19     2     961
132     48     33     2711
133     14     23     611
134     15     1     2791
135     89     4     395
136     24     46     1992
137     60     21     336
138     83     24     1785
139     69     6     548
140     89     2     951
141     34     15     2732
142     72     28     319
143     42     16     723
144     33     16     2445
145     27     1     428
146     14     38     2276
147     98     42     359
148     39     39     81
149     40     2     1316
150     72     10     494
151     85     11     3073
152     69     30     167
153     92     39     567
154     82     30     2868
155     45     6     0
156     27     20     2062
157     31     17     393
158     81     28     3068
159     15     7     280
160     80     23     755
161     1     2     2909
162     91     25     755
163     7     17     1593
164     2     33     433
165     46     2     2607
166     76     15     52
167     26     18     374
168     61     39     2235
169     28     33     252
170     60     11     2628
171     93     18     523
172     87     8     2261
173     2     17     492
174     68     39     2009
175     88     31     713
176     7     28     29
177     73     28     2097
178     38     44     71
179     39     19     1988
180     66     32     349
181     8     13     566
182     42     5     3066
183     71     3     411
184     71     40     778
185     16     22     123
186     40     9     2456
187     28     26     12
188     9     6     2818
189     66     34     42
190     79     2     237
191     25     15     2446
192     41     23     512
193     47     22     2515
194     71     2     313
195     68     30     1760
196     88     3     266
197     43     26     2578
198     47     22     678
199     26     40     1592
200     71     20     148
201     13     43     1218
202     24     29     1467
203     78     11     1384
204     53     34     2673
205     39     38     415
206     68     35     2945
207     30     25     611
208     64     42     321
209     94     30     1382
210     14     24     2151
211     87     6     459
212     44     36     2161
213     89     38     563
214     36     35     2475
215     8     40     696
216     56     47     829
217     21     33     2338
218     22     11     714
219     98     13     2877
220     98     32     583
221     38     47     461
222     82     39     1307
223     84     24     1818
224     30     14     17
225     21     27     1260
226     21     41     2856
227     29     4     761
228     88     41     2851
229     80     25     304
230     94     7     305
231     99     12     2796
232     59     13     513
233     1     44     2301
234     32     30     723
235     80     43     2305
236     69     41     128
237     75     45     2792
238     97     1     263
239     65     48     248
240     3     41     3026
241     31     9     26
242     46     45     1174
243     22     35     1157
244     43     15     1868
245     97     1     761
246     9     5     1636
247     76     14     117
248     50     38     2472
249     61     15     136
250     24     5     45
251     68     46     1935
252     80     8     592
253     87     41     211
254     33     39     2864
255     67     46     677
256     34     1     2275
257     77     44     271
258     12     4     325
259     75     15     170
260     73     6     1069
261     78     39     1086
262     23     15     1396
263     38     7     2051
264     79     41     519
265     45     25     1776
266     41     2     628
267     10     28     2105
268     75     19     297
269     66     19     3110
270     58     35     252
271     83     13     3088
272     42     14     509
273     34     19     2008
274     39     23     694
275     40     26     52
276     17     41     554
277     96     45     2140
278     64     45     163
279     37     25     2023
280     60     36     302
281     48     28     2216
282     63     30     15
283     89     39     2293
284     62     34     334
285     30     7     1476
286     82     5     826
287     4     48     2802
288     12     7     413
289     87     49     1357
290     24     1     215
291     99     31     1083
292     99     17     2230
293     88     39     72
294     55     4     2221
295     87     5     443
296     22     34     1799
297     17     24     214
298     35     16     773
299     62     26     292
300     39     5     1813
