1     39     79     123
2     24     92     167
3     34     83     18
4     12     62     209
5     43     195     7
6     41     27     80
7     36     96     148
8     36     23     45
9     46     37     73
10     21     129     115
11     25     47     128
12     9     129     62
13     48     64     53
14     11     175     126
15     45     166     190
16     11     126     40
17     2     167     150
18     43     30     1
19     14     5     129
20     47     31     110
21     32     104     197
22     30     8     56
23     4     41     238
24     46     87     38
25     14     197     45
26     15     25     59
27     36     187     96
28     14     33     168
29     41     33     15
30     25     129     65
31     35     109     50
32     39     153     63
33     21     86     88
34     24     95     26
35     15     26     163
36     11     25     50
37     17     185     204
38     42     82     37
39     2     187     152
40     29     122     20
41     23     139     120
42     42     144     107
43     47     94     205
44     4     197     22
45     25     151     198
46     15     128     62
47     43     56     128
48     8     56     248
49     13     21     60
50     22     128     114
51     22     7     24
52     12     26     257
53     33     48     10
54     25     85     201
55     43     22     4
56     17     127     181
57     38     191     48
58     47     183     182
59     47     185     8
60     3     174     25
61     24     5     87
62     44     147     141
63     26     92     52
64     36     195     125
65     15     116     36
66     29     88     85
67     6     93     230
68     8     137     59
69     48     106     39
70     49     165     91
71     12     59     77
72     38     74     244
73     39     69     47
74     29     58     178
75     48     56     19
76     29     97     177
77     20     152     39
78     21     45     246
79     33     11     60
80     12     149     247
81     16     95     24
82     12     179     133
83     3     119     38
84     47     125     12
85     8     187     231
86     47     142     51
87     26     177     35
88     38     64     231
89     25     50     57
90     31     178     235
91     43     22     48
92     1     119     170
93     30     25     64
94     6     194     155
95     6     43     1
96     21     146     187
97     8     127     53
98     19     163     131
99     9     131     22
100     14     130     249
