1     34     77     450
2     21     116     66
3     28     16     305
4     38     101     727
5     8     128     162
6     16     186     405
7     24     17     104
8     12     133     592
9     43     30     1
10     1     134     493
11     18     119     59
12     31     148     79
13     44     67     458
14     34     148     128
15     6     68     401
16     30     23     192
17     3     35     75
18     17     5     209
19     29     29     707
20     8     142     2
21     23     87     191
22     13     40     758
23     48     104     58
24     21     36     654
25     47     9     46
26     22     172     294
27     49     85     178
28     4     74     142
29     49     14     687
30     44     95     97
31     9     37     471
32     33     103     143
33     32     160     144
34     39     13     334
35     44     79     455
36     47     149     6
37     32     178     17
38     37     108     341
39     49     45     329
40     39     187     532
41     38     135     21
42     34     169     77
43     1     139     23
44     10     34     433
45     48     84     5
46     31     50     236
47     6     103     105
48     23     180     386
49     9     47     672
50     27     141     163
51     30     190     14
52     33     73     207
53     27     5     114
54     5     101     591
55     15     73     89
56     3     99     755
57     44     14     57
58     21     183     586
59     40     190     35
60     34     61     129
61     6     70     289
62     13     24     471
63     12     39     89
64     5     99     707
65     35     170     190
66     21     125     478
67     27     179     121
68     43     55     247
69     9     31     305
70     30     48     385
71     2     172     536
72     5     167     58
73     3     164     429
74     12     107     197
75     32     72     410
76     26     181     181
77     26     16     333
78     22     67     42
79     16     131     684
80     39     86     31
81     22     189     634
82     13     90     53
83     24     94     139
84     40     94     763
85     32     17     85
86     10     10     554
87     41     65     140
88     41     4     294
89     7     67     454
90     17     130     112
91     4     166     116
92     31     65     778
93     48     40     130
94     24     188     166
95     7     97     434
96     32     41     57
97     28     123     655
98     11     21     161
99     31     143     231
100     12     161     427
101     46     30     74
102     23     90     521
103     33     70     32
104     18     21     116
105     46     162     625
106     42     175     91
107     8     15     227
108     31     94     554
109     35     55     116
110     27     72     355
111     8     2     255
112     42     63     11
113     12     86     213
114     4     84     502
115     13     174     100
116     39     136     316
117     34     186     180
118     19     95     70
119     31     99     681
120     9     62     145
121     4     45     319
122     46     84     127
123     15     15     716
124     15     136     52
125     36     164     388
126     15     70     84
127     36     141     664
128     31     181     146
129     6     169     758
130     18     7     184
131     42     166     377
132     43     7     104
133     42     58     667
134     6     39     149
135     38     25     446
136     1     71     150
137     31     163     57
138     16     136     474
139     31     38     20
140     13     96     333
141     38     40     580
142     47     7     18
143     7     72     91
144     4     154     56
145     46     185     444
146     35     137     14
147     31     156     63
148     7     161     170
149     40     8     311
150     35     9     616
151     41     188     160
152     1     88     39
153     30     85     595
154     14     41     164
155     6     80     421
156     16     122     60
157     41     106     516
158     24     7     46
159     19     143     397
160     47     18     163
161     27     163     526
162     35     199     29
163     44     190     577
164     21     178     113
165     25     49     84
166     23     21     121
167     1     24     21
168     42     98     601
169     16     50     35
170     12     19     70
171     38     56     84
172     35     108     457
173     20     96     60
174     42     159     283
175     31     14     314
176     30     140     115
177     31     20     281
178     45     182     374
179     30     97     629
180     41     21     164
181     31     28     184
182     46     39     225
183     46     168     771
184     2     181     97
185     17     79     47
186     20     39     508
187     15     1     113
188     11     113     139
189     43     6     89
190     8     7     336
191     26     13     363
192     27     193     147
193     28     38     506
194     32     94     155
195     26     189     780
196     30     77     33
197     5     142     641
198     30     94     158
199     13     76     452
200     44     156     140
201     48     195     252
202     29     21     518
203     10     102     165
204     40     89     482
205     38     76     3
206     34     54     770
207     8     55     55
208     47     46     129
209     45     162     243
210     23     24     173
211     43     99     530
212     48     112     74
213     17     13     284
214     21     133     612
215     38     126     163
216     7     13     336
217     36     115     501
218     11     25     133
219     32     104     623
220     35     15     187
221     45     84     667
222     3     33     143
223     4     141     109
224     32     115     91
225     16     199     109
226     8     92     579
227     27     6     15
228     7     84     502
229     47     66     21
230     19     25     726
231     39     111     199
232     47     4     220
233     10     27     449
234     15     120     97
235     48     23     695
236     37     101     189
237     25     122     554
238     39     126     164
239     40     114     786
240     17     117     114
241     47     132     568
242     49     153     147
243     23     1     544
244     3     23     131
245     28     29     740
246     29     157     191
247     28     182     132
248     49     49     324
249     21     114     409
250     44     133     78
251     10     146     190
252     44     158     257
253     24     165     563
254     18     167     164
255     43     13     96
256     46     6     107
257     25     33     714
258     7     8     181
259     4     185     367
260     25     16     777
261     31     143     104
262     29     18     373
263     7     95     325
264     21     113     768
265     38     184     49
266     47     1     324
267     31     113     276
268     46     22     178
269     14     191     681
270     33     161     118
271     45     196     730
272     37     191     177
273     16     187     63
274     3     30     291
275     41     58     385
276     29     171     229
277     1     102     264
278     39     86     785
279     40     36     106
280     49     125     203
281     19     27     436
282     38     185     145
283     44     160     398
284     35     101     127
285     9     52     181
286     44     165     576
287     49     180     84
288     33     17     386
289     2     2     106
290     11     5     230
291     24     74     456
292     26     182     47
293     8     55     713
294     22     182     166
295     14     128     706
296     47     30     170
297     49     101     383
298     43     66     593
299     22     90     102
300     10     144     300
301     18     58     448
302     16     117     198
303     48     104     259
304     19     181     557
305     2     149     160
306     33     134     459
307     38     62     91
308     9     69     707
309     48     26     102
310     14     50     733
311     37     93     190
312     20     68     88
313     42     78     272
314     35     37     356
315     42     109     556
316     30     160     154
317     2     131     456
318     44     53     42
319     2     105     472
320     22     97     190
321     42     47     470
322     32     114     177
323     10     156     592
324     20     139     147
325     27     123     422
326     3     77     163
327     3     148     63
328     6     94     611
329     9     106     191
330     15     157     601
331     10     19     51
332     21     145     292
333     37     174     258
334     7     40     510
335     13     153     122
336     20     97     706
337     20     83     6
338     23     199     53
339     13     3     237
340     15     166     506
341     1     23     127
342     42     121     583
343     20     29     76
344     5     51     447
345     39     60     139
346     31     96     326
347     38     192     663
348     15     166     33
349     29     143     24
350     24     14     729
351     16     134     54
352     35     132     433
353     10     30     131
354     39     147     211
355     37     93     455
356     13     173     28
357     25     81     349
358     45     180     186
359     43     135     547
360     8     127     199
361     30     24     689
362     47     36     22
363     3     134     80
364     14     12     108
365     44     193     364
366     29     138     9
367     27     20     96
368     4     58     235
369     33     183     635
370     29     63     183
371     25     42     497
372     33     60     194
373     29     73     99
374     41     190     366
375     34     154     36
376     17     186     663
377     22     101     44
378     29     76     702
379     41     197     76
380     42     136     777
381     17     100     53
382     43     33     403
383     35     37     152
384     47     146     655
385     10     40     24
386     20     193     422
387     35     13     174
388     44     164     315
389     33     119     427
390     7     27     197
391     14     144     107
392     4     176     378
393     3     111     3
394     25     128     675
395     27     70     146
396     17     5     180
397     25     109     762
398     19     182     6
399     27     105     425
400     43     122     197
401     45     53     566
402     4     137     68
403     2     137     58
404     35     84     709
405     39     182     188
406     23     132     536
407     21     191     86
408     8     95     504
409     21     86     28
410     7     133     292
411     23     60     418
412     43     140     187
413     12     125     550
414     49     137     87
415     28     131     618
416     37     185     65
417     18     101     539
418     13     59     179
419     16     110     565
420     31     11     28
421     32     85     519
422     8     136     158
423     3     131     470
424     49     67     180
425     8     161     206
426     12     86     300
427     3     65     306
428     17     137     79
429     32     24     613
430     18     143     42
431     30     13     294
432     4     133     494
433     8     138     0
434     49     32     440
435     11     181     103
436     4     136     346
437     29     56     659
438     36     49     195
439     41     191     247
440     24     123     218
441     38     122     235
442     5     5     73
443     20     87     212
444     47     7     456
445     42     49     11
446     7     196     67
447     43     61     179
448     4     129     291
449     25     185     685
450     21     12     158
451     12     102     525
452     42     165     62
453     29     130     749
454     31     197     103
455     18     142     181
456     7     188     417
457     44     40     2
458     11     132     423
459     18     129     97
460     49     21     762
461     25     63     21
462     23     84     662
463     31     170     144
464     6     73     96
465     9     129     12
466     47     173     657
467     46     76     152
468     4     160     531
469     16     29     196
470     4     34     499
471     5     52     146
472     48     69     503
473     6     6     64
474     3     123     390
475     12     78     357
476     23     105     510
477     21     47     194
478     16     11     715
479     35     166     15
480     15     171     473
481     3     56     181
482     14     159     42
483     28     125     40
484     34     189     408
485     12     24     106
486     44     159     706
487     10     137     144
488     20     35     453
489     9     185     133
490     34     170     706
491     29     27     40
492     32     81     35
493     48     129     239
494     45     56     673
495     6     166     166
496     25     117     507
497     38     15     117
498     43     174     322
499     31     65     330
500     2     102     500
