1     38     197     174
2     40     46     404
3     13     54     158
4     46     4     245
5     15     198     291
6     3     22     7
7     20     70     73
8     28     99     353
9     14     11     514
10     30     47     187
11     16     103     302
12     30     116     359
13     29     184     570
14     47     136     108
15     14     41     599
16     2     87     83
17     9     148     407
18     35     127     190
19     13     16     178
20     20     190     119
21     35     195     737
22     44     51     154
23     12     141     368
24     47     31     555
25     23     37     21
26     24     83     685
27     43     166     29
28     14     94     350
29     8     131     465
30     1     63     190
31     26     70     273
32     19     171     578
33     12     199     100
34     32     11     128
35     42     155     293
36     30     165     58
37     46     92     167
38     1     22     474
39     5     65     70
40     34     2     528
41     43     86     102
42     2     95     366
43     47     48     584
44     14     28     69
45     37     22     501
46     23     75     118
47     16     95     99
48     47     136     46
49     22     176     192
50     12     178     204
51     36     157     177
52     21     198     118
53     2     120     739
54     33     131     96
55     35     79     526
56     35     78     147
57     12     40     753
58     20     41     49
59     36     62     401
60     46     37     102
61     42     10     624
62     8     41     44
63     5     47     599
64     8     88     44
65     8     20     266
66     25     79     274
67     48     150     465
68     24     41     145
69     27     154     77
70     39     109     743
71     47     175     117
72     47     18     603
73     6     188     32
74     40     145     42
75     45     35     125
76     4     110     18
77     24     79     374
78     28     131     535
79     19     112     54
80     36     59     724
81     20     131     120
82     11     28     527
83     36     141     89
84     9     163     147
85     24     163     565
86     13     34     29
87     45     145     650
88     34     150     36
89     26     148     512
90     22     168     168
91     49     53     643
92     25     83     84
93     22     85     163
94     4     153     546
95     35     90     137
96     40     154     763
97     22     74     75
98     18     1     569
99     12     51     104
100     45     98     214
101     49     117     742
102     28     81     131
103     43     4     3
104     41     12     774
105     25     116     129
106     43     170     40
107     27     88     540
108     31     51     37
109     14     69     532
110     49     151     179
111     24     23     777
112     7     166     180
113     10     8     479
114     36     81     25
115     40     104     410
116     14     99     71
117     40     190     235
118     42     137     25
119     43     137     480
120     14     168     136
121     37     24     265
122     20     13     395
123     16     58     43
124     27     108     304
125     26     48     311
126     41     70     32
127     1     93     512
128     40     150     107
129     34     84     73
130     9     58     173
131     18     122     441
132     43     161     118
133     34     47     514
134     2     57     21
135     5     149     467
136     41     69     75
137     11     173     460
138     25     126     60
139     25     88     756
140     43     32     119
141     44     72     348
142     16     64     748
143     13     173     67
144     21     112     274
145     31     160     96
146     37     196     680
147     14     156     147
148     43     193     182
149     39     143     89
150     22     89     645
151     32     44     75
152     29     159     329
153     41     7     251
154     2     187     367
155     39     178     312
156     38     75     735
157     7     146     148
158     3     1     265
159     44     29     64
160     39     111     233
161     34     35     281
162     24     124     601
163     19     93     63
164     12     36     118
165     48     113     479
166     41     181     79
167     4     78     363
168     49     124     651
169     47     159     0
170     5     104     142
171     35     57     221
172     10     192     505
173     9     163     102
174     5     25     300
175     18     152     430
176     9     96     179
177     23     168     757
178     7     110     72
179     20     85     178
180     32     12     755
181     9     13     29
182     3     127     674
183     18     162     154
184     20     181     518
185     21     82     121
186     10     110     435
187     40     71     115
188     3     138     370
189     17     49     521
190     5     166     177
191     17     146     688
192     10     115     25
193     12     89     615
194     18     134     166
195     25     20     339
196     35     20     393
197     31     61     82
198     42     6     541
199     43     53     146
200     11     44     756
201     5     123     25
202     3     176     426
203     6     192     185
204     26     168     534
205     29     68     161
206     18     59     519
207     16     137     73
208     21     55     714
209     46     64     69
210     47     43     783
211     20     139     98
212     19     102     476
213     24     119     52
214     33     123     305
215     47     93     572
216     46     192     158
217     26     77     408
218     39     129     74
219     15     19     577
220     7     66     47
221     22     55     175
222     49     162     255
223     6     173     282
224     27     6     285
225     35     60     669
226     24     142     52
227     43     146     100
228     4     172     609
229     3     79     133
230     31     160     462
231     35     173     195
232     16     117     681
233     4     87     76
234     47     48     84
235     18     171     709
236     46     190     102
237     45     70     97
238     16     125     313
239     9     83     189
240     33     189     622
241     7     156     122
242     23     144     512
243     25     107     95
244     40     160     290
245     11     85     191
246     36     64     365
247     17     75     69
248     44     163     204
249     31     183     288
250     14     35     756
251     45     16     182
252     21     145     73
253     2     146     504
254     35     121     157
255     47     131     34
256     13     76     80
257     30     135     10
258     20     132     637
259     25     193     125
260     10     129     399
261     44     3     138
262     26     167     113
263     32     23     626
264     38     62     126
265     23     42     27
266     27     42     665
267     2     134     138
268     24     62     217
269     31     79     453
270     30     173     25
271     1     129     194
272     21     17     734
273     25     81     172
274     16     64     500
275     45     90     144
276     46     97     258
277     46     78     93
278     34     96     665
279     31     76     154
280     3     118     726
281     27     195     141
282     1     56     248
283     6     27     233
284     26     46     527
285     47     85     5
286     4     152     735
287     48     32     31
288     46     51     754
289     25     106     97
290     32     108     47
291     47     141     511
292     40     168     69
293     40     153     148
294     15     105     501
295     42     40     109
296     13     173     53
297     27     130     528
298     15     120     130
299     41     182     400
300     6     163     172
301     49     93     249
302     14     141     428
303     42     188     122
304     16     143     3
305     33     51     388
306     17     40     339
307     27     19     244
308     22     28     313
309     37     67     556
310     49     29     85
311     19     179     364
312     16     167     132
313     41     167     617
314     23     178     38
315     10     147     549
316     14     163     173
317     17     170     669
318     34     157     193
319     22     2     317
320     13     20     19
321     40     149     772
322     1     157     89
323     45     110     134
324     48     127     217
325     18     29     614
326     46     52     47
327     2     11     143
328     39     64     274
329     13     101     262
330     4     175     231
331     6     152     749
332     21     50     146
333     31     9     79
334     46     1     474
335     2     23     59
336     16     62     600
337     38     161     119
338     21     165     582
339     27     188     86
340     14     113     126
341     38     173     184
342     5     12     145
343     31     74     134
344     46     131     140
345     42     59     295
346     45     22     380
347     2     199     200
348     14     83     446
349     42     13     4
350     4     91     95
351     30     137     563
352     40     125     86
353     10     16     396
354     34     167     24
355     34     129     736
356     18     115     189
357     10     172     29
358     35     46     501
359     24     111     3
360     45     198     623
361     42     57     140
362     26     129     100
363     3     127     117
364     41     93     590
365     17     135     116
366     25     23     195
367     17     23     565
368     7     166     155
369     12     75     420
370     13     191     192
371     7     165     470
372     32     155     10
373     30     17     293
374     13     197     160
375     43     44     165
376     18     168     206
377     32     184     437
378     7     189     156
379     24     19     61
380     4     190     400
381     44     183     63
382     28     195     510
383     36     103     143
384     47     133     328
385     33     39     543
386     8     196     65
387     9     11     198
388     10     149     450
389     42     166     71
390     32     151     769
391     17     70     72
392     20     136     623
393     11     158     179
394     44     4     78
395     24     119     500
396     11     47     71
397     12     56     489
398     40     164     192
399     32     164     565
400     39     150     64
401     31     130     42
402     10     32     460
403     30     158     54
404     38     130     473
405     7     160     113
406     23     139     626
407     4     145     131
408     11     66     186
409     4     29     769
410     44     109     122
411     40     59     466
412     13     150     153
413     5     165     646
414     23     7     25
415     18     75     727
416     46     14     95
417     2     89     572
418     38     162     59
419     28     36     651
420     14     78     143
421     46     184     296
422     20     157     109
423     45     46     288
424     5     176     762
425     12     3     127
426     6     41     241
427     22     21     379
428     16     118     694
429     35     117     191
430     12     114     391
431     1     85     122
432     48     173     577
433     1     66     101
434     36     60     294
435     49     77     576
436     45     186     168
437     6     118     662
438     3     128     127
439     13     127     488
440     24     1     179
441     33     25     601
442     45     173     80
443     39     137     268
444     14     182     542
445     41     119     25
446     6     45     199
447     16     21     540
448     14     66     110
449     39     179     781
450     38     89     167
451     41     67     430
452     31     162     152
453     11     115     456
454     49     70     146
455     36     171     385
456     32     199     61
457     13     53     51
458     6     2     131
459     19     114     206
460     46     142     630
461     37     64     152
462     21     132     80
463     19     96     515
464     47     146     158
465     20     60     201
466     26     167     56
467     3     44     206
468     39     85     366
469     22     9     59
470     42     54     631
471     18     1     91
472     37     74     761
473     15     77     23
474     4     23     772
475     10     5     59
476     2     102     123
477     29     186     51
478     29     71     423
479     19     44     130
480     4     68     75
481     31     93     52
482     38     45     552
483     49     75     97
484     28     136     732
485     21     43     170
486     41     31     537
487     31     188     13
488     35     41     361
489     35     51     175
490     20     32     613
491     34     38     44
492     18     186     237
493     41     15     183
494     2     183     273
495     45     63     104
496     17     80     780
497     33     146     194
498     21     133     780
499     23     145     173
500     2     14     264
