1     18     149     132
2     30     37     267
3     15     48     505
4     16     39     13
5     9     170     731
6     4     33     23
7     4     151     11
8     44     99     566
9     43     105     7
10     22     52     743
11     1     145     115
12     18     149     619
13     12     60     88
14     21     59     88
15     41     144     314
16     3     169     727
17     5     85     98
18     28     88     276
19     49     196     403
20     10     148     125
21     46     76     122
22     47     13     717
23     16     1     166
24     16     24     341
25     46     165     111
26     11     177     574
27     19     96     45
28     13     130     344
29     12     146     226
30     11     164     461
31     35     16     109
32     18     129     65
33     8     172     64
34     42     54     701
35     37     109     162
36     2     5     744
37     43     58     19
38     27     99     693
39     32     198     101
40     14     126     422
41     45     40     66
42     21     173     142
43     17     162     547
44     28     101     79
45     1     64     11
46     15     11     322
47     13     127     172
48     28     173     92
49     28     105     57
50     10     155     256
51     32     87     383
52     30     124     88
53     6     105     439
54     24     55     58
55     28     190     119
56     11     177     286
57     24     31     727
58     41     37     187
59     17     105     397
60     10     50     182
61     15     119     108
62     6     101     703
63     5     151     127
64     30     54     623
65     33     85     177
66     14     190     188
67     5     62     234
68     14     24     191
69     35     132     440
70     3     105     52
71     41     188     544
72     36     181     72
73     9     190     45
74     2     187     524
75     3     100     87
76     48     81     362
77     25     19     63
78     8     99     490
79     41     194     39
80     18     191     580
81     27     80     50
82     18     66     200
83     34     5     179
84     15     139     163
85     27     7     736
86     38     44     43
87     48     113     712
88     21     63     122
89     24     165     233
90     48     105     239
91     31     80     505
92     26     119     72
93     26     96     380
94     48     170     84
95     36     147     636
96     6     30     23
97     30     182     468
98     19     107     3
99     39     117     217
100     22     65     147
101     32     12     374
102     34     158     184
103     44     54     717
104     15     177     148
105     26     141     737
106     15     71     109
107     19     27     663
108     29     138     161
109     32     84     688
110     2     55     109
111     27     191     260
112     45     153     165
113     25     2     5
114     42     188     596
115     19     162     50
116     20     5     277
117     23     107     360
118     6     23     365
119     46     40     217
120     29     28     259
121     39     12     345
122     10     32     205
123     29     32     742
124     17     9     163
125     6     9     360
126     35     19     725
127     32     155     98
128     48     3     677
129     36     105     36
130     20     103     43
131     5     63     443
132     29     173     73
133     16     106     681
134     27     11     31
135     15     172     546
136     16     98     35
137     43     137     406
138     45     8     148
139     3     32     211
140     15     36     55
141     13     27     669
142     37     62     13
143     27     131     303
144     20     8     23
145     41     31     280
146     34     106     263
147     38     80     636
148     49     134     182
149     29     9     382
150     19     80     125
151     27     133     662
152     35     5     144
153     19     67     211
154     40     181     597
155     4     188     167
156     29     134     477
157     13     102     38
158     3     79     373
159     48     184     190
160     7     119     108
161     3     48     346
162     37     49     307
163     9     100     659
164     18     158     156
165     39     102     273
166     24     114     130
167     15     182     295
168     20     96     121
169     38     168     606
170     11     135     3
171     7     17     234
172     49     116     193
173     18     13     262
174     11     27     227
175     9     150     173
176     45     179     657
177     46     102     152
178     10     198     211
179     22     121     386
180     39     51     90
181     3     61     16
182     32     162     103
183     27     19     368
184     7     113     425
185     22     152     139
186     45     43     757
187     4     107     36
188     20     94     408
189     41     56     117
190     28     77     398
191     12     97     59
192     25     11     327
193     4     150     139
194     11     123     307
195     41     14     257
196     16     128     704
197     16     15     90
198     20     57     203
199     44     31     725
200     1     160     29
201     17     88     148
202     46     14     321
203     44     22     357
204     18     134     12
205     3     27     150
206     28     102     576
207     36     148     135
208     17     110     349
209     11     112     396
210     35     59     169
211     40     97     42
212     29     71     528
213     18     35     67
214     10     184     396
215     34     38     105
216     29     22     31
217     7     67     553
218     31     122     10
219     14     18     389
220     44     94     30
221     45     98     230
222     25     12     441
223     20     177     172
224     42     53     542
225     5     121     189
226     14     113     38
227     16     149     236
228     19     115     405
229     30     59     48
230     13     193     188
231     42     16     74
232     15     79     132
233     10     23     616
234     14     60     84
235     38     30     184
236     5     173     323
237     3     194     639
238     3     68     123
239     24     129     31
240     23     140     200
241     2     69     519
242     11     197     99
243     7     196     161
244     46     166     204
245     5     186     393
246     18     99     174
247     40     172     479
248     1     155     12
249     12     5     156
250     1     6     366
251     12     16     312
252     44     166     5
253     41     151     121
254     9     187     232
255     15     27     318
256     30     11     512
257     26     54     121
258     26     136     415
259     33     37     143
260     40     17     594
261     28     161     10
262     7     85     675
263     12     179     114
264     4     154     756
265     17     25     48
266     26     176     128
267     7     128     641
268     13     109     81
269     23     17     384
270     2     159     162
271     20     94     189
272     48     85     187
273     14     81     139
274     26     29     66
275     48     60     393
276     42     165     16
277     20     26     482
278     7     131     148
279     4     62     617
280     39     104     134
281     28     60     86
282     23     19     667
283     35     151     189
284     16     127     545
285     46     115     80
286     5     172     530
287     21     110     74
288     18     20     728
289     36     43     60
290     42     95     553
291     13     77     163
292     25     146     544
293     49     94     135
294     26     169     585
295     12     28     105
296     22     196     496
297     23     139     16
298     47     105     125
299     46     113     190
300     28     77     372
301     28     19     520
302     17     126     51
303     19     54     113
304     8     10     462
305     45     115     144
306     31     84     63
307     42     162     378
308     37     136     146
309     10     64     650
310     45     47     144
311     17     11     326
312     49     67     140
313     12     87     37
314     35     126     67
315     10     67     517
316     27     140     171
317     26     195     552
318     38     106     185
319     19     119     171
320     5     98     519
321     40     65     41
322     48     87     695
323     36     134     59
324     27     186     391
325     19     35     158
326     11     142     74
327     45     90     141
328     38     65     398
329     43     117     159
330     8     161     290
331     36     132     191
332     33     186     219
333     5     168     413
334     18     148     110
335     29     185     85
336     38     193     307
337     27     62     312
338     36     118     526
339     32     73     152
340     21     23     525
341     5     120     187
342     21     93     740
343     45     140     103
344     2     128     582
345     31     92     22
346     44     181     216
347     15     122     661
348     9     20     114
349     48     58     96
350     38     163     640
351     35     106     138
352     27     2     21
353     24     113     487
354     24     20     0
355     43     132     619
356     23     27     187
357     16     25     28
358     10     184     554
359     29     2     96
360     20     29     410
361     29     139     117
362     20     56     51
363     29     145     674
364     12     164     69
365     17     87     647
366     16     22     131
367     28     107     668
368     2     111     48
369     9     42     141
370     13     156     173
371     47     105     560
372     9     64     7
373     34     105     137
374     13     102     88
375     18     136     548
376     45     22     7
377     24     40     432
378     7     100     116
379     18     45     552
380     7     109     171
381     38     145     750
382     31     65     91
383     34     189     638
384     38     12     150
385     12     185     708
386     8     187     132
387     22     152     43
388     46     78     252
389     17     13     564
390     11     38     32
391     6     22     170
392     20     59     395
393     35     148     43
394     1     6     267
395     14     21     308
396     45     120     659
397     34     83     19
398     30     176     587
399     15     193     121
400     48     26     716
401     31     120     11
402     22     75     593
403     35     26     181
404     22     108     241
405     40     147     198
406     25     179     178
407     30     154     662
408     47     68     129
409     47     47     61
410     2     98     314
411     49     13     520
412     36     24     74
413     46     148     218
414     20     96     267
415     14     128     501
416     46     193     85
417     29     83     182
418     29     125     733
419     6     129     169
420     30     33     465
421     1     157     117
422     6     117     664
423     19     4     94
424     48     120     524
425     32     61     42
426     33     146     688
427     6     190     21
428     32     107     504
429     34     41     125
430     39     18     282
431     28     175     676
432     17     180     131
433     43     187     726
434     25     1     150
435     22     49     321
436     6     146     709
437     20     164     78
438     4     126     179
439     49     163     568
440     13     45     2
441     37     62     725
442     10     102     116
443     19     91     153
444     33     72     63
445     41     67     135
446     10     185     251
447     29     85     99
448     31     51     146
449     25     95     448
450     11     52     188
451     15     22     457
452     6     170     31
453     7     121     397
454     12     30     78
455     25     115     481
456     6     68     39
457     21     192     721
458     42     34     166
459     34     1     387
460     7     34     52
461     31     87     182
462     46     98     476
463     38     196     108
464     2     155     153
465     7     166     426
466     24     195     36
467     25     27     17
468     45     29     553
469     15     17     186
470     42     197     490
471     37     132     72
472     18     153     688
473     49     166     124
474     28     41     706
475     16     62     40
476     45     87     105
477     30     105     474
478     25     114     91
479     39     4     312
480     21     117     478
481     18     137     65
482     48     15     47
483     34     16     623
484     8     14     48
485     9     90     564
486     8     158     121
487     1     13     84
488     43     16     282
489     10     168     172
490     27     2     243
491     8     105     37
492     19     192     740
493     29     179     96
494     5     33     260
495     29     93     419
496     12     3     105
497     31     131     597
498     33     119     172
499     46     19     583
500     49     55     97
