50.063     3105     3012.5
50.050     3107     3012.5
50.050     3107     3012.5
50.063     3105     3012.5
50.063     3107     3012.5
50.063     3107     3012.5
50.063     3105     3012.5
50.050     3107     3012.5
50.050     3107     3012.5
50.063     3107     3012.5
             
50.101     3141     3027.5
50.148     3154     3027.5
50.148     3154     3027.5
50.101     3141     3027.5
50.148     3154     3027.5
50.148     3154     3027.5
50.101     3141     3027.5
50.148     3154     3027.5
50.148     3154     3027.5
50.148     3154     3027.5
             
50.167     3186     3082.88
50.019     3200     3082.88
50.019     3200     3082.88
50.167     3186     3082.88
50.167     3200     3082.88
50.167     3200     3082.88
50.167     3186     3082.88
50.019     3200     3082.88
50.019     3200     3082.88
50.167     3200     3082.88
             
50.018     3198     3074.63
50.112     3172     3074.63
50.112     3172     3074.63
50.018     3198     3074.63
50.112     3198     3074.63
50.112     3198     3074.63
50.018     3198     3074.63
50.112     3172     3074.63
50.112     3172     3074.63
50.112     3198     3074.63
             
50.034     3147     3044.88
50.068     3131     3044.88
50.068     3131     3044.88
50.034     3147     3044.88
50.068     3147     3044.88
50.068     3147     3044.88
50.034     3147     3044.88
50.068     3131     3044.88
50.068     3131     3044.88
50.068     3147     3044.88
             
50.128     3130     3032.13
50.122     3142     3032.13
50.122     3142     3032.13
50.128     3130     3032.13
50.128     3142     3032.13
50.128     3142     3032.13
50.128     3130     3032.13
50.122     3142     3032.13
50.122     3142     3032.13
50.128     3142     3032.13
             
50.068     3063     2952.75
50.153     3078     2952.75
50.153     3078     2952.75
50.068     3063     2952.75
50.153     3078     2952.75
50.153     3078     2952.75
50.068     3063     2952.75
50.153     3078     2952.75
50.153     3078     2952.75
50.153     3078     2952.75
             
50.105     3190     3081
50.046     3208     3081
50.046     3208     3081
50.105     3190     3081
50.105     3208     3081
50.105     3208     3081
50.105     3190     3081
50.046     3208     3081
50.046     3208     3081
50.105     3208     3081
             
50.089     3101     3002.38
50.047     3091     3002.38
50.047     3091     3002.38
50.089     3101     3002.38
50.089     3101     3002.38
50.089     3101     3002.38
50.089     3101     3002.38
50.047     3091     3002.38
50.047     3091     3002.38
50.089     3101     3002.38
             
50.064     3156     3055.5
50.081     3152     3055.5
50.081     3152     3055.5
50.064     3156     3055.5
50.081     3156     3055.5
50.081     3156     3055.5
50.064     3156     3055.5
50.081     3152     3055.5
50.081     3152     3055.5
50.081     3156     3055.5
             
