50.015     3108     3012.5
50.009     3112     3012.5
50.009     3112     3012.5
50.015     3108     3012.5
50.015     3112     3012.5
50.015     3112     3012.5
50.015     3108     3012.5
50.009     3112     3012.5
50.009     3112     3012.5
50.015     3112     3012.5
             
50.012     3138     3027.5
50.008     3128     3027.5
50.008     3128     3027.5
50.012     3138     3027.5
50.012     3138     3027.5
50.012     3138     3027.5
50.012     3138     3027.5
50.008     3128     3027.5
50.008     3128     3027.5
50.012     3138     3027.5
             
50.015     3194     3082.88
50.011     3196     3082.88
50.011     3196     3082.88
50.015     3194     3082.88
50.015     3196     3082.88
50.015     3196     3082.88
50.015     3194     3082.88
50.011     3196     3082.88
50.011     3196     3082.88
50.015     3196     3082.88
             
50.003     3182     3074.63
50.015     3183     3074.63
50.015     3183     3074.63
50.003     3182     3074.63
50.015     3183     3074.63
50.015     3183     3074.63
50.003     3182     3074.63
50.015     3183     3074.63
50.015     3183     3074.63
50.015     3183     3074.63
             
50.010     3132     3044.88
50.017     3128     3044.88
50.017     3128     3044.88
50.010     3132     3044.88
50.017     3132     3044.88
50.017     3132     3044.88
50.010     3132     3044.88
50.017     3128     3044.88
50.017     3128     3044.88
50.017     3132     3044.88
             
50.014     3135     3032.13
50.002     3136     3032.13
50.002     3136     3032.13
50.014     3135     3032.13
50.014     3136     3032.13
50.014     3136     3032.13
50.014     3135     3032.13
50.002     3136     3032.13
50.002     3136     3032.13
50.014     3136     3032.13
             
50.013     3078     2952.75
50.012     3072     2952.75
50.012     3072     2952.75
50.013     3078     2952.75
50.013     3078     2952.75
50.013     3078     2952.75
50.013     3078     2952.75
50.012     3072     2952.75
50.012     3072     2952.75
50.013     3078     2952.75
             
50.007     3207     3081
50.016     3207     3081
50.016     3207     3081
50.007     3207     3081
50.016     3207     3081
50.016     3207     3081
50.007     3207     3081
50.016     3207     3081
50.016     3207     3081
50.016     3207     3081
             
50.010     3096     3002.38
50.010     3100     3002.38
50.010     3100     3002.38
50.010     3096     3002.38
50.010     3100     3002.38
50.010     3100     3002.38
50.010     3096     3002.38
50.010     3100     3002.38
50.010     3100     3002.38
50.010     3100     3002.38
             
50.008     3159     3055.5
50.007     3154     3055.5
50.007     3154     3055.5
50.008     3159     3055.5
50.008     3159     3055.5
50.008     3159     3055.5
50.008     3159     3055.5
50.007     3154     3055.5
50.007     3154     3055.5
50.008     3159     3055.5
             
