1     7     55     562
2     73     1     109
3     58     17     465
4     55     1     34
5     41     51     444
6     42     93     135
7     71     37     325
8     95     34     137
9     86     89     552
10     65     27     130
11     95     29     96
12     5     45     13
13     34     26     384
14     79     51     155
15     61     56     563
16     2     94     146
17     86     35     561
18     28     85     163
19     88     12     118
20     15     13     579
21     9     15     85
22     82     4     242
23     9     4     10
24     15     35     227
25     29     95     594
26     77     25     34
27     84     49     51
28     79     51     15
29     46     3     288
30     98     63     366
31     32     55     77
32     40     90     473
33     83     91     0
34     39     77     17
35     29     58     249
36     49     25     220
37     61     50     449
38     91     77     53
39     10     24     535
40     2     52     110
41     63     44     0
42     30     95     440
43     74     93     34
44     14     48     463
45     87     23     143
46     54     69     525
47     71     6     144
48     65     77     395
49     31     55     125
50     54     87     565
