1     12     148     13091
2     35     180     63
3     58     37     12416
4     32     32     3090
5     30     57     8306
6     98     90     1222
7     94     57     12042
8     51     141     2434
9     97     17     5122
10     14     34     7415
11     6     78     476
12     4     60     6042
13     83     58     6320
14     89     142     3296
15     6     55     11422
16     30     29     253
17     38     58     6827
18     95     8     5431
19     90     149     3004
20     5     175     7573
21     49     168     1712
22     63     13     5709
23     82     142     11496
24     18     189     1757
25     63     102     4711
26     91     118     4769
27     93     59     6653
28     8     53     13299
29     35     82     1590
30     48     179     10515
31     95     6     1451
32     30     104     10089
33     53     117     404
34     25     129     1105
35     59     141     9725
36     14     98     828
37     36     129     13587
38     69     177     810
39     36     172     2903
40     27     24     3372
41     38     24     1650
42     37     40     5254
43     28     144     7633
44     22     197     1434
45     42     63     11542
46     9     187     2641
47     60     114     5221
48     98     93     3633
49     16     94     6938
50     8     117     461
51     91     73     8652
52     5     194     2494
53     6     110     6633
54     16     41     8123
55     18     166     230
56     73     172     9738
57     91     117     388
58     96     9     115
59     33     165     4873
60     83     198     1948
61     27     15     9625
62     33     122     1952
63     66     12     12142
64     13     91     2303
65     57     169     13324
66     53     47     3183
67     98     166     639
68     58     64     11931
69     98     180     1252
70     23     178     11354
71     87     134     492
72     28     144     86
73     22     104     11973
74     31     39     1535
75     36     20     11555
76     40     137     2925
77     32     121     9024
78     94     21     283
79     55     42     10927
80     55     102     514
81     52     76     3631
82     82     60     841
83     84     162     10782
84     46     191     3286
85     47     149     12768
86     34     123     58
87     9     16     4869
88     61     132     125
89     57     199     3433
90     62     158     6562
91     21     1     6
92     55     164     1594
93     4     3     5913
94     23     5     10571
95     18     118     36
96     77     192     2958
97     51     196     6824
98     9     40     3233
99     50     9     4505
100     96     180     8972
101     73     54     2027
102     94     21     12057
103     8     78     66
104     35     21     12442
105     5     40     3201
106     68     85     259
107     19     28     11738
108     3     31     435
109     17     45     13220
110     32     134     1531
111     26     51     13710
112     20     158     1150
113     82     105     5467
114     75     52     8117
115     2     80     1112
116     43     58     10308
117     17     139     2035
118     2     176     8066
119     23     7     2867
120     18     98     7042
121     82     164     819
122     10     148     5202
123     22     78     6988
124     12     91     2707
125     8     27     3923
126     54     100     3507
127     39     199     2571
128     21     142     4443
129     87     48     8672
130     36     45     591
131     85     18     4976
132     48     98     8003
133     71     188     3003
134     16     27     6235
135     40     76     2422
136     90     23     1622
137     22     93     2952
138     5     60     12826
139     78     51     692
140     43     170     994
141     12     35     12913
142     25     90     570
143     16     17     1268
144     46     30     13570
145     78     177     630
146     25     185     2492
147     64     175     3761
148     10     103     6177
149     45     188     1725
150     77     62     3698
151     75     43     11781
152     95     42     2913
153     44     68     7556
154     18     11     1799
155     20     172     5065
156     5     42     3098
157     30     92     10492
158     35     50     3126
159     15     12     6738
160     17     132     10608
161     20     101     174
162     81     65     12235
163     43     137     1206
164     83     38     1762
165     5     139     876
166     99     37     12479
167     59     118     473
168     3     195     1760
169     95     64     12034
170     51     87     3322
171     42     122     9331
172     84     180     2431
173     28     24     4076
174     52     70     513
175     55     141     12770
176     71     86     326
177     70     115     3738
178     51     125     511
179     98     133     2737
180     60     136     6532
181     38     51     13649
182     38     81     2558
183     29     153     920
184     14     146     2366
185     9     1     13158
186     67     137     1653
187     95     11     3259
188     28     152     13598
189     60     52     1562
190     10     85     9163
191     6     19     3312
192     43     118     1971
193     15     171     8910
194     14     24     2397
195     30     86     2036
196     74     171     6061
197     45     72     6245
198     65     82     2596
199     24     85     7495
200     20     54     1832
201     51     28     5530
202     35     19     11241
203     18     111     992
204     66     15     9289
205     3     15     1932
206     48     80     9561
207     26     97     1380
208     80     68     550
209     27     196     6562
210     6     190     6559
211     74     185     1857
212     36     140     5593
213     6     7     12853
214     71     13     1519
215     29     61     9085
216     76     24     399
217     54     55     1866
218     9     72     6949
219     43     88     2911
220     93     3     12867
221     65     82     1838
222     13     109     13047
223     36     3     477
224     16     162     1425
225     39     106     10207
226     85     58     1351
227     17     12     9340
228     99     107     1212
229     63     102     884
230     59     50     396
231     5     139     181
232     81     123     672
233     9     199     7758
234     61     172     636
235     25     118     2636
236     22     12     4260
237     37     177     11632
238     93     16     3311
239     1     4     4764
240     80     24     6298
241     94     176     6813
242     99     68     9889
243     88     181     1696
244     14     26     1578
245     89     76     9467
246     88     135     1845
247     10     135     11497
248     26     3     3349
249     35     179     13299
250     95     33     176
251     98     106     3566
252     3     99     10347
253     60     182     1126
254     67     118     5152
255     8     29     2568
256     98     151     11950
257     86     61     2447
258     56     14     13491
259     25     3     1138
260     98     198     8836
261     99     118     698
262     86     56     11530
263     15     108     2877
264     35     29     12209
265     17     185     1659
266     40     111     7475
267     57     129     927
268     91     36     7410
269     26     114     869
270     43     189     3958
271     50     195     11892
272     11     108     3424
273     8     1     10790
274     30     94     2269
275     45     59     8125
276     10     156     1743
277     38     69     7667
278     95     84     238
279     4     107     9155
280     14     92     1844
281     40     168     12645
282     4     109     2678
283     80     70     5654
284     41     108     9577
285     81     151     1049
286     27     185     8105
287     93     94     2747
288     88     146     4267
289     48     195     2423
290     79     66     8159
291     94     111     2475
292     37     128     12942
293     63     101     2124
294     35     81     4526
295     58     67     12880
296     38     107     175
297     40     171     2375
298     7     114     10115
299     16     193     736
300     6     39     7181
