1       15        4       62
2       13        8       59
3       15        7       72
4        4        2      138
5       13        4       30
6        4        9       73
7       11        3       70
8        8        9       79
9       12        9       92
10        6        3       93
11        9        3       72
12       11        7       60
13       12        3      125
14        3        4        1
15       11        9      134
16       12        6       62
17       12        9      125
18        7        5       75
19        8        3       95
20       14        4       56
21        7        1       45
22       10        4       49
23       12        9       64
24       14        1      112
25       11        2        2
26       10        2      130
27       13        3       78
28       15        3       81
29       14        7       39
30       14        5       10
31       13        8       11
32        3        7      139
33       10        9       51
34       10        9      135
35        4        1       37
36       12        2       47
37       12        2       80
38       11        6      124
39        7        3        5
40       13        6       24
41       10        8      144
42        6        6       50
43        6        2       31
44       13        9       40
45       14        7       93
46       10        2       47
47       14        2       92
48       14        7       56
49        9        2      101
50        7        9       25
51       13        8       51
52        4        3      122
53        6        6      105
54        3        4       65
55       14        4       85
56       10        8      130
57       13        7      139
58       12        1       80
59       11        5       53
60       10        8       44
61        4        8      117
62        5        6        0
63       11        7       59
64        5        4       91
65       12        5       35
66        7        9      134
67        9        3       59
68        7        9      131
69        3        7       12
70        8        9       45
71        3        3       29
72        8        6       19
73        8        9       82
74       11        6       58
75       12        5      126
76        4        6       51
77       12        6       96
78        5        7       38
79        8        2       78
80       15        6       87
81        7        1       33
82        7        9       53
83        8        1       74
84       15        1       79
85        6        1       67
86       10        3       86
87        6        6      120
88       10        5       28
89        8        7      132
90       15        6       58
91       15        7      120
92       13        6       59
93       10        3       53
94       13        1       56
95       14        8       99
96       12        6       85
97        9        2      138
98        5        7       52
99        5        4       90
100        6        6       29
