1     94     27     1434
2     21     46     3465
3     59     5     939
4     67     2     3033
5     99     37     1221
6     57     5     2565
7     59     25     634
8     57     21     4701
9     96     26     951
10     9     32     2374
11     62     1     1347
12     54     9     1889
13     61     3     4331
14     84     40     1049
15     90     35     3381
16     91     49     1218
17     17     23     4539
18     35     39     386
19     35     16     727
20     91     42     899
21     87     25     2094
22     61     19     335
23     7     48     2487
24     13     49     1498
25     15     24     2150
26     20     10     4236
27     39     12     1117
28     79     44     1324
29     66     33     3644
30     47     28     894
31     7     5     2815
32     1     46     558
33     10     20     4890
34     71     29     1164
35     2     6     1181
36     25     27     2369
37     87     42     4098
38     41     20     1107
39     28     8     3893
40     25     11     520
41     56     16     185
42     7     6     2076
43     53     16     594
44     16     2     2119
45     77     22     4868
46     18     19     1169
47     47     48     4606
48     96     1     1247
49     30     9     2203
50     71     31     740
51     67     36     2313
52     69     33     3723
53     66     19     216
54     78     2     3923
55     86     12     134
56     19     17     2376
57     40     3     533
58     34     43     3834
59     85     8     1109
60     10     48     1018
61     82     22     4843
62     77     38     737
63     87     5     4734
64     72     2     848
65     98     7     2361
66     15     12     216
67     11     31     4218
68     75     49     289
69     23     33     4426
70     45     4     327
71     58     35     2034
72     36     19     3987
73     19     34     468
74     78     43     1573
75     3     40     3491
76     90     30     494
77     66     2     2563
78     17     48     122
79     39     23     3969
80     38     26     739
81     49     7     3599
82     72     11     1006
83     77     42     1858
84     31     18     2007
85     97     44     3309
86     7     23     1193
87     24     22     3657
88     33     46     1230
89     79     4     1057
90     16     30     652
91     65     46     3406
92     11     48     1014
93     92     37     4958
94     3     2     758
95     73     22     512
96     22     18     3429
97     46     38     391
98     71     10     4737
99     99     20     926
100     64     10     1986
101     17     37     280
102     28     26     2967
103     48     28     1183
104     2     16     3305
105     83     30     722
106     3     24     925
107     55     40     1775
108     21     45     3729
109     91     28     1160
110     84     5     1479
111     52     37     3734
112     47     35     170
113     33     21     2422
114     89     32     4196
115     91     39     709
116     15     32     2411
117     84     6     2972
118     25     19     500
119     38     35     621
120     27     29     802
121     38     10     4859
122     89     12     585
123     40     44     4538
124     60     43     294
125     33     15     1795
126     59     49     3197
127     93     17     1223
128     10     3     446
129     11     42     4263
130     5     26     619
131     57     38     3907
132     5     5     430
133     42     39     3153
134     44     1     712
135     13     33     1986
136     80     18     2630
137     83     1     332
138     32     29     1967
139     29     47     3751
140     35     48     1182
141     10     28     1109
142     19     28     125
143     35     1     4857
144     27     48     1203
145     8     16     4248
146     96     11     670
147     65     42     1478
148     71     24     3391
149     38     42     1022
150     24     35     696
151     5     34     4639
152     63     13     698
153     51     4     4383
154     10     31     1077
155     62     19     2537
156     93     38     677
157     64     21     2683
158     11     10     97
159     71     17     4001
160     70     19     947
161     99     32     2802
162     64     40     906
163     16     30     22
164     32     20     2254
165     71     33     2914
166     66     3     304
167     44     38     4930
168     3     49     660
169     97     32     1147
170     81     2     1005
171     55     36     662
172     12     42     294
173     65     27     2072
174     81     3     1385
175     77     32     1495
176     2     6     1902
177     89     23     3724
178     69     21     1068
179     83     6     4848
180     45     32     948
181     42     10     1905
182     74     28     3957
183     17     34     670
184     7     11     2329
185     24     35     4028
186     19     36     616
187     71     10     2768
188     95     37     641
189     10     32     1480
190     60     34     894
191     88     29     124
192     76     20     2196
193     26     7     3044
194     67     19     1030
195     72     14     32
196     72     33     3711
197     77     13     687
198     76     38     1256
199     65     4     2382
200     55     49     1298
