1     96     21     3803
2     130     5     1398
3     137     23     1691
4     128     22     13339
5     153     20     769
6     61     17     17434
7     108     9     1863
8     193     7     10562
9     73     9     3417
10     132     27     12967
11     145     37     2109
12     136     30     14861
13     103     25     4060
14     145     35     17908
15     148     29     2310
16     138     9     12368
17     35     31     3548
18     69     40     6225
19     11     26     8060
20     74     6     16826
21     173     13     4670
22     145     23     3420
23     105     14     10548
24     158     26     1749
25     51     36     11894
26     179     31     3535
27     146     4     16853
28     3     11     416
29     61     29     18169
30     48     11     2791
31     148     41     8648
32     106     3     9974
33     79     45     10569
34     196     5     2069
35     154     16     19312
36     76     9     3529
37     44     4     12109
38     99     37     1560
39     177     46     4924
40     138     12     10724
41     196     13     4371
42     46     26     13401
43     17     8     4009
44     186     21     17148
45     24     1     1137
46     73     44     10659
47     146     9     2443
48     136     38     376
49     43     2     1161
50     156     33     842
51     171     48     7543
52     198     10     9339
53     163     22     2529
54     151     4     19898
55     67     23     4076
56     22     26     16790
57     112     8     2147
58     109     34     181
59     178     7     12291
60     26     8     4339
61     104     6     2258
62     87     27     5463
63     142     19     11776
64     142     39     1997
65     72     17     13322
66     161     24     243
67     159     49     13383
68     2     17     3439
69     20     24     11500
70     60     25     1026
71     120     14     10602
72     177     15     2339
73     161     30     10226
74     98     49     418
75     10     17     11727
76     86     1     234
77     13     38     14884
78     199     2     593
79     75     33     259
80     162     13     7355
81     88     20     915
82     27     7     7787
83     79     29     15645
84     54     32     4657
85     174     7     5322
86     46     13     11075
87     69     32     4213
88     81     29     12704
89     5     7     4479
90     142     23     6614
91     73     45     17035
92     68     29     36
93     131     26     10487
94     15     44     2869
95     196     12     13869
96     75     8     3727
97     63     8     10276
98     188     26     3490
99     111     27     15991
100     98     24     3401
101     189     11     10199
102     190     41     3822
103     89     8     6108
104     179     38     20053
105     79     14     1528
106     58     47     569
107     100     16     19628
108     21     36     3726
109     154     49     6065
110     32     41     6028
111     88     24     1089
112     166     11     12986
113     17     3     1406
114     12     10     10615
115     54     15     783
116     4     8     1658
117     162     42     14939
118     86     33     2357
119     11     6     4486
120     38     12     17061
121     7     6     1748
122     186     33     4376
123     113     29     15382
124     20     31     3259
125     17     36     13755
126     55     1     2131
127     140     25     16483
128     6     1     3692
129     98     13     11102
130     91     40     3721
131     188     18     14003
132     173     37     4913
133     41     2     12133
134     74     16     4698
135     56     25     16989
136     25     18     754
137     165     28     8299
138     86     40     6473
139     48     21     7532
140     123     1     15316
141     10     14     2612
142     186     25     19124
143     118     10     345
144     87     29     18879
145     89     23     4142
146     73     48     12799
147     18     21     1007
148     75     5     10876
149     76     41     2959
150     165     16     8687
151     188     36     10589
152     96     37     4498
153     130     20     10445
154     27     10     2255
155     169     17     2074
156     48     14     519
157     157     40     12038
158     196     25     649
159     184     39     14928
160     186     16     903
161     16     18     3855
162     78     15     11604
163     55     44     4972
164     182     44     7209
165     154     5     7186
166     190     13     2451
167     98     1     11379
168     26     8     1849
169     130     28     1337
170     150     4     12865
171     159     31     3475
172     84     33     569
173     162     15     13489
174     163     21     1592
175     42     38     426
176     155     22     8206
177     94     38     1320
178     91     16     2761
179     178     49     17621
180     26     48     3294
181     11     32     7286
182     54     10     5355
183     88     36     955
184     139     4     16725
185     98     46     3754
186     137     30     6651
187     45     36     13371
188     44     4     1825
189     18     37     11707
190     5     25     510
191     31     18     12461
192     64     10     622
193     182     27     3306
194     97     44     12299
195     161     24     2650
196     187     38     9418
197     158     24     9059
198     27     16     1668
199     92     44     3340
200     103     21     18825
