1     199     43     483
2     42     9     51
3     128     95     393
4     160     42     73
5     170     16     262
6     133     73     168
7     178     89     61
8     12     7     310
9     146     51     65
10     111     71     70
11     29     33     222
12     142     97     419
13     118     70     56
14     35     75     347
15     132     14     12
16     34     49     400
17     43     45     22
18     3     24     234
19     147     14     289
20     126     95     92
21     187     70     433
22     84     59     29
23     28     42     131
24     175     56     240
25     141     43     326
26     80     87     44
27     148     28     41
28     26     75     32
29     130     70     443
30     145     89     0
31     167     21     157
32     23     68     24
33     160     78     4
34     149     31     531
35     181     58     93
36     44     98     261
37     64     87     398
38     88     28     49
39     128     72     107
40     181     87     82
41     193     26     118
42     163     98     341
43     21     90     13
44     50     10     479
45     156     75     1
46     159     79     280
47     135     73     58
48     38     34     556
49     158     82     39
50     157     30     331
