1     92     92     57
2     97     21     586
3     67     170     97
4     82     89     258
5     5     7     367
6     41     99     12
7     1     197     456
8     56     190     86
9     36     88     484
10     63     41     77
11     20     57     197
12     6     162     311
13     66     15     61
14     55     36     211
15     71     186     268
16     11     142     48
17     98     58     496
18     70     187     29
19     33     143     502
20     18     52     61
21     44     168     176
22     13     59     279
23     41     15     389
24     78     162     28
25     65     112     189
26     93     173     117
27     50     122     61
28     66     145     256
29     80     82     601
30     68     50     24
31     89     125     576
32     59     97     57
33     18     181     189
34     99     43     534
35     96     147     136
36     11     174     344
37     95     136     84
38     63     69     456
39     47     174     68
40     75     79     564
41     73     104     79
42     55     163     327
43     43     62     1
44     26     88     189
45     10     173     280
46     46     141     398
47     64     70     134
48     98     12     481
49     74     74     35
50     9     40     20
51     29     139     28
52     5     72     141
53     94     45     113
54     78     20     101
55     57     96     57
56     81     142     266
57     91     171     494
58     35     184     27
59     65     63     217
60     8     135     352
61     33     97     99
62     42     109     37
63     71     153     372
64     49     128     129
65     89     135     608
66     19     69     46
67     2     112     606
68     55     10     42
69     82     76     566
70     70     18     128
71     2     115     18
72     65     63     490
73     23     87     90
74     86     183     226
75     76     179     485
76     29     11     52
77     78     68     19
78     28     100     269
79     62     197     462
80     27     53     83
81     88     11     527
82     43     134     82
83     65     66     368
84     92     127     64
85     99     105     120
86     54     49     620
87     38     101     2
88     74     95     403
89     62     166     27
90     19     54     373
91     47     37     91
92     46     26     392
93     99     20     117
94     42     3     120
95     10     60     558
96     50     173     2
97     23     32     169
98     48     107     613
99     4     177     97
100     66     6     208
101     14     103     185
102     92     140     19
103     3     157     282
104     13     89     272
105     18     164     526
106     74     10     35
107     26     173     322
108     27     54     22
109     93     177     67
110     46     112     507
111     45     183     26
112     17     63     73
113     58     168     179
114     60     72     208
115     81     167     611
116     21     126     156
117     61     100     335
118     91     152     25
119     23     154     182
120     16     84     106
121     78     172     13
122     13     168     21
123     46     180     288
124     1     62     207
125     16     81     535
126     23     142     41
127     96     103     248
128     19     27     264
129     10     29     597
130     26     57     25
131     74     8     259
132     44     28     82
133     54     198     340
134     61     84     114
135     90     36     126
136     98     3     282
137     25     63     70
138     3     19     291
139     15     149     136
140     36     115     531
141     91     89     88
142     98     196     548
143     10     83     8
144     30     143     460
145     55     96     117
146     11     185     471
147     43     124     156
148     46     69     409
149     8     17     61
150     86     68     200
151     79     90     121
152     85     54     600
153     33     71     51
154     73     21     576
155     74     54     75
156     12     163     89
157     64     124     503
158     2     55     153
159     82     92     185
160     96     47     249
161     23     27     253
162     86     69     201
163     8     44     399
164     5     49     139
165     35     29     246
166     16     12     144
167     71     97     219
168     39     18     95
169     58     119     382
170     91     14     141
171     26     24     249
172     14     4     104
173     4     197     48
174     82     170     535
175     44     28     71
176     46     194     238
177     45     21     419
178     28     191     145
179     5     158     418
180     21     14     27
181     24     70     372
182     35     65     99
183     12     167     256
184     58     24     87
185     95     115     439
186     60     158     81
187     71     134     204
188     8     85     241
189     61     50     501
190     68     172     6
191     98     94     609
192     62     168     118
193     32     23     359
194     56     125     80
195     3     187     135
196     86     159     146
197     13     51     559
198     98     189     134
199     93     55     571
200     48     4     61
