1     45     78     165
2     5     14     49
3     10     11     171
4     37     33     49
5     42     59     61
6     2     74     71
7     10     49     123
8     29     9     228
9     35     62     16
10     4     99     164
11     5     78     6
12     26     3     235
13     6     96     61
14     38     72     110
15     5     13     3
16     43     56     125
17     16     72     169
18     5     12     25
19     28     9     215
20     7     19     66
21     15     37     94
22     21     63     32
23     37     90     193
24     2     23     1
25     43     81     257
26     44     70     60
27     31     56     8
28     45     10     153
29     7     1     5
30     32     30     57
31     39     90     223
32     7     10     72
33     32     89     207
34     20     82     31
35     5     45     142
36     33     31     223
37     45     23     52
38     13     74     125
39     7     56     30
40     23     27     53
41     4     39     71
42     22     25     223
43     6     25     10
44     38     58     126
45     45     30     4
46     34     17     44
47     19     32     124
48     38     7     187
49     36     67     55
50     27     57     194
