1     80     16     805
2     50     2     117
3     73     37     1441
4     1     1     80
5     48     29     678
6     77     49     1018
7     22     49     37
8     86     11     1434
9     53     44     320
10     78     40     115
11     24     17     1422
12     80     31     70
13     10     25     810
14     55     38     61
15     38     19     423
16     97     45     1116
17     55     2     194
18     8     15     558
19     87     11     1444
20     71     22     244
21     69     41     768
22     36     11     581
23     74     31     1140
24     50     39     339
25     12     48     1370
26     79     34     275
27     28     14     918
28     83     49     150
29     77     49     59
30     36     17     837
31     58     11     84
32     15     27     804
33     29     28     163
34     58     35     803
35     91     33     45
36     19     44     452
37     28     37     1014
38     84     3     40
39     89     38     1382
40     3     35     126
41     63     48     1296
42     22     7     129
43     95     18     1087
44     28     12     235
45     93     42     319
46     8     41     815
47     4     39     161
48     68     8     67
49     2     4     1141
50     3     38     326
51     37     14     139
52     17     8     1072
53     44     6     294
54     57     34     1279
55     90     23     377
56     6     1     1522
57     36     36     261
58     72     13     40
59     70     5     1393
60     69     8     38
61     37     48     1301
62     69     4     191
63     58     33     462
64     98     48     1265
65     82     41     44
66     30     37     686
67     44     26     404
68     55     16     1056
69     88     47     164
70     13     40     46
71     91     43     804
72     97     29     297
73     25     32     417
74     41     10     477
75     65     39     137
76     40     43     1045
77     36     25     125
78     9     21     881
79     17     47     273
80     36     27     1210
81     35     24     345
82     99     40     415
83     64     7     141
84     29     48     13
85     97     38     308
86     97     40     697
87     4     41     950
88     44     48     162
89     35     37     949
90     60     43     315
91     57     19     842
92     86     46     29
93     93     45     645
94     8     40     206
95     19     36     702
96     49     30     39
97     13     21     507
98     36     5     543
99     17     47     48
100     35     13     468
101     50     33     1407
102     35     18     82
103     89     19     106
104     4     47     148
105     81     3     462
106     24     10     1405
107     14     1     332
108     86     46     248
109     31     20     125
110     8     42     922
111     5     28     150
112     39     18     1514
113     16     29     119
114     13     8     1345
115     58     26     336
116     51     44     1415
117     61     12     96
118     62     9     839
119     32     31     350
120     22     25     542
121     84     10     1032
122     14     39     207
123     40     3     969
124     97     34     52
125     43     19     1343
126     85     28     144
127     39     37     1251
128     6     19     137
129     73     17     195
130     35     16     662
131     76     42     188
132     55     34     1406
133     28     46     183
134     81     46     1020
135     80     45     357
136     98     5     1003
137     43     14     145
138     21     5     960
139     65     3     309
140     18     3     1482
141     57     38     19
142     63     19     1194
143     95     3     55
144     76     8     787
145     29     7     264
146     88     40     1049
147     98     27     54
148     83     15     780
149     59     27     106
150     43     15     490
151     65     14     1287
152     67     35     306
153     6     45     127
154     9     48     297
155     87     13     442
156     74     34     641
157     55     36     476
158     80     18     28
159     53     30     118
160     23     6     360
161     64     11     878
162     98     35     46
163     41     27     1292
164     44     25     27
165     53     4     1434
166     92     31     268
167     30     40     252
168     97     33     814
169     3     34     48
170     82     24     216
171     79     40     404
172     15     14     205
173     84     12     669
174     75     27     1008
175     5     5     352
176     18     23     499
177     69     10     331
178     95     2     24
179     4     28     653
180     39     44     1198
181     92     2     266
182     10     9     1340
183     97     12     17
184     7     31     1329
185     27     27     145
186     47     17     1489
187     77     12     331
188     66     32     553
189     50     29     872
190     81     29     66
191     30     41     1378
192     86     40     128
193     33     43     636
194     60     45     1195
195     1     45     116
196     22     35     961
197     84     2     16
198     14     49     1132
199     16     35     162
200     27     25     398
201     70     24     1098
202     22     14     262
203     89     45     928
204     40     42     287
205     94     10     706
206     92     7     962
207     81     23     320
208     37     1     414
209     48     38     694
210     12     27     581
211     71     49     550
212     39     36     1013
213     3     43     188
214     90     20     827
215     27     39     57
216     7     6     850
217     13     40     7
218     38     6     140
219     5     29     453
220     81     26     564
221     11     27     951
222     92     22     105
223     4     44     725
224     90     32     655
225     26     29     1212
226     35     38     377
227     40     46     573
228     95     35     16
229     53     33     1358
230     1     9     198
231     78     19     97
232     93     37     112
233     72     6     1151
234     42     37     175
235     67     6     1524
236     42     5     333
237     96     26     738
238     98     47     606
239     76     35     277
240     70     25     913
241     80     8     135
242     71     22     1414
243     61     23     261
244     47     7     1270
245     1     38     343
246     17     35     620
247     82     40     311
248     98     40     1135
249     20     49     275
250     88     47     902
251     89     34     310
252     2     14     1322
253     34     25     66
254     23     19     615
255     80     42     884
256     42     16     368
257     11     5     67
258     10     32     984
259     38     40     213
260     44     20     226
261     85     24     1352
262     43     31     52
263     24     48     1456
264     98     33     360
265     91     33     737
266     8     45     680
267     35     42     1026
268     28     21     47
269     22     6     287
270     69     49     250
271     74     11     1425
272     80     19     186
273     8     36     963
274     77     19     342
275     55     43     905
276     57     30     272
277     12     28     688
278     88     20     268
279     42     26     310
280     64     9     442
281     35     41     1009
282     49     7     366
283     93     16     1015
284     76     40     25
285     85     31     888
286     1     25     26
287     93     41     4
288     68     29     1448
289     68     3     125
290     21     41     691
291     54     32     449
292     87     47     1455
293     37     42     295
294     78     32     964
295     10     38     14
296     69     39     95
297     65     26     976
298     77     26     205
299     30     11     1290
300     40     20     26
