1     54     2     973
2     89     17     2341
3     98     18     694
4     95     48     1060
5     86     7     120
6     39     42     1650
7     72     39     263
8     42     3     1022
9     32     3     2109
10     34     37     201
11     89     34     1900
12     65     34     201
13     69     27     711
14     86     1     1968
15     94     13     166
16     33     1     565
17     91     1     1473
18     59     49     402
19     36     13     535
20     3     11     2424
21     19     45     287
22     93     10     51
23     36     29     2500
24     32     49     417
25     83     46     1933
26     19     47     62
27     88     25     622
28     74     31     628
29     51     35     881
30     37     48     721
31     90     44     323
32     76     3     2710
33     51     48     570
34     71     13     1425
35     13     8     166
36     23     34     1533
37     39     42     464
38     83     42     2760
39     78     28     27
40     72     6     1949
41     81     31     414
42     44     24     520
43     81     4     1639
44     34     45     382
45     61     18     1081
46     63     45     1598
47     50     20     423
48     1     28     2103
49     79     16     423
50     86     22     1110
51     79     33     310
52     83     39     1993
53     61     31     341
54     77     29     7
55     11     29     2560
56     49     45     503
57     66     25     503
58     92     46     460
59     11     47     1865
60     22     13     251
61     44     32     2253
62     7     34     181
63     90     4     2254
64     81     18     695
65     96     21     38
66     37     48     170
67     13     18     1013
68     18     5     1408
69     51     14     487
70     67     6     136
71     93     28     2365
72     54     16     264
73     99     5     734
74     28     8     1768
75     26     45     189
76     81     12     277
77     3     8     1732
78     62     46     558
79     44     39     2002
80     50     10     384
81     39     35     2692
82     39     11     171
83     13     47     2397
84     39     48     367
85     85     26     2686
86     71     31     120
87     10     4     1273
88     52     6     361
89     84     24     2734
90     96     18     380
91     40     48     349
92     9     39     2641
93     44     31     87
94     14     33     2096
95     76     22     78
96     31     22     526
97     82     25     2272
98     87     9     267
99     53     41     2568
100     46     26     622
