10.016     5208     5056.5
10.032     5208     5056.5
10.032     5208     5056.5
10.016     5208     5056.5
10.032     5208     5056.5
10.032     5208     5056.5
10.016     5208     5056.5
10.032     5208     5056.5
10.032     5208     5056.5
10.016     5208     5056.5
             
10.016     5118     4906
10.016     5118     4906
10.016     5118     4906
10.016     5167     4906
10.016     5118     4906
10.016     5118     4906
10.016     5167     4906
10.016     5118     4906
10.016     5118     4906
10.016     5118     4906
             
10.016     5090     5035
10.016     5139     5035
10.016     5090     5035
10.016     5090     5035
10.016     5090     5035
10.016     5090     5035
10.016     5090     5035
10.016     5090     5035
10.016     5139     5035
10.016     5090     5035
             
10.016     4845     4692
10.001     4845     4692
10.001     4845     4692
10.016     4845     4692
10.016     4845     4692
10.016     4845     4692
10.016     4845     4692
10.001     4845     4692
10.001     4845     4692
10.001     4845     4692
             
10.032     5092     4982.5
10.004     5092     4982.5
10.004     5092     4982.5
10.032     5092     4982.5
10.032     5092     4982.5
10.032     5092     4982.5
10.032     5092     4982.5
10.004     5092     4982.5
10.004     5092     4982.5
10.004     5092     4982.5
             
10.031     4942     4734
10.001     4942     4734
10.001     4942     4734
10.031     4942     4734
10.031     4942     4734
10.031     4942     4734
10.031     4942     4734
10.001     4942     4734
10.001     4942     4734
10.001     4942     4734
             
10.001     5248     5120
10.031     5248     5120
10.031     5248     5120
10.001     5248     5120
10.031     5248     5120
10.031     5248     5120
10.001     5248     5120
10.031     5248     5120
10.031     5248     5120
10.001     5248     5120
             
10.016     4895     4796
10.001     4895     4796
10.001     4895     4796
10.016     4895     4796
10.016     4895     4796
10.016     4895     4796
10.016     4895     4796
10.001     4895     4796
10.001     4895     4796
10.001     4895     4796
             
10.031     4777     4676
10.016     4777     4676
10.016     4777     4676
10.031     4777     4676
10.031     4777     4676
10.031     4777     4676
10.031     4777     4676
10.016     4777     4676
10.016     4777     4676
10.016     4777     4676
             
10.031     5480     5321
10.001     5480     5321
10.001     5480     5321
10.031     5480     5321
10.031     5480     5321
10.031     5480     5321
10.031     5480     5321
10.001     5480     5321
10.001     5480     5321
10.001     5480     5321
             
