1       15        7       58
2        3        2       18
3        7        4       77
4        6        2        6
5        5        6       20
6        3        3       47
7       14        6      110
8        3        9      156
9       12        8      135
10        5        4       78
11        7        1      103
12       12        6       71
13        7        5      129
14        6        1      154
15       15        7      135
16       13        9      129
17        6        3       88
18       13        4       66
19        5        3      126
20        3        7       79
21        3        6       76
22        5        2       12
23       15        7       43
24       11        4       83
25       15        6      166
26        9        6       17
27        7        4       56
28        3        3      120
29       12        3       90
30        5        1      106
31        4        9       64
32       15        9       68
33       11        4      124
34        3        3       32
35       11        8      113
36       15        8      129
37       11        1       49
38        3        3      129
39        6        1       93
40        3        6        8
41       15        4       41
42       10        8      136
43       10        3      147
44       13        9      114
45       13        1       78
46        8        4      107
47       15        9      117
48        4        6       74
49        7        8      148
50       14        3       88
51       10        8       70
52        7        6       78
53       13        4       61
54       12        3       41
55       14        4      155
56        9        7      154
57       12        6      112
58       15        5      128
59       15        4       57
60        4        1       17
61       10        2      145
62        3        4        8
63       15        5       30
64        8        8       90
65       13        9      120
66        6        1       92
67       10        2      163
68       14        7       91
69       15        9       29
70        9        6        5
71        5        1      110
72       12        5      157
73       10        4      154
74        7        8       20
75        4        5      169
76        4        2      144
77       14        5       51
78        4        7      117
79        8        9      134
80        9        9       56
81       12        7       52
82       15        5      157
83        9        4       87
84        6        4      160
85       14        9      169
86       11        4      143
87       12        9      112
88       12        3       63
89        8        3      167
90       13        9      144
91       11        1      119
92       11        8      116
93        5        2       22
94       14        8      100
95        7        7      161
96        4        1       52
97        5        4       98
98        3        5       71
99        3        9       87
100       13        6      167
101       14        8      102
102       11        6       80
103        6        7       34
104        7        5       41
105       13        3      155
106       10        2       45
107        4        7       26
108        3        8       23
109        8        9      110
110        5        8       28
111        3        4      133
112       13        7       12
113        5        3      157
114       13        3      122
115        5        4       60
116        5        1       21
117       13        1      160
118       15        3       58
119        4        6      139
120       13        7       19
121        6        5       39
122        6        8      120
123        7        7      143
124       12        1       59
125        9        7       99
126       12        4        2
127       15        8       99
128        4        5      126
129        8        5      127
130       12        2      137
131        6        9       96
132       11        9       66
133       14        3      152
134       15        9       62
135        9        8      144
136        7        5       82
137        5        8       76
138       11        8       97
139       12        3       49
140       14        7       70
141       13        8       99
142        4        2      130
143        6        5       45
144        6        3        9
145       15        5      155
146        3        3       47
147       14        8       52
148        6        1       66
149        6        9       39
150        4        8       50
151        7        3       18
152       10        8      109
153       10        3       46
154        7        6      157
155       12        7       38
156       14        9       33
157        5        5       68
158       13        9       33
159        9        3       19
160       10        8       27
161        5        2      162
162       10        6      118
163        5        3      142
164       15        3       38
165        9        2       12
166       13        8       13
167        9        2      151
168       14        5      120
169        3        4       53
170        4        4      146
171       10        2       61
172        4        4      121
173       11        5      110
174       13        5       51
175        4        1       37
176        9        3      129
177       10        5       94
178        5        6      160
179        6        4      124
180       15        6       50
181        4        3      104
182       11        5       68
183       12        3       68
184        3        9        7
185       11        1      138
186       10        9       12
187        5        6       10
188       12        4      165
189        3        8       81
190       10        2       25
191        9        9       81
192       14        8       30
193        8        4      130
194        3        5       94
195       10        1      144
196        7        2       67
197        6        2       60
198        9        1      146
199       15        7       88
200       12        4      131
201       15        6       21
202        3        8       33
203        4        8       17
204        7        7       91
205        8        5       15
206       13        2      163
207       15        4        6
208       15        1      163
209        5        8      121
210        7        2      138
211        6        1       91
212       11        2       99
213       10        2       93
214        9        3      122
215       11        8       37
216       14        1      117
217       14        7       67
218        9        1      119
219        4        8       60
220        3        4       65
221        6        8      156
222       10        1      166
223        9        3       88
224       12        3       37
225        6        2       56
226        8        7      102
227        3        4       21
228        5        3      168
229        8        1       73
230        4        8       13
231        6        5       56
232       12        9       97
233        5        8       99
234       12        6      110
235        5        3        4
236        7        2        3
237        7        7      106
238       10        2        6
239       14        2       85
240       12        4       39
241        6        2       14
242        3        7       39
243        4        6       23
244        6        1      116
245       15        6       77
246       14        7       28
247       15        7       38
248        4        6       90
249        3        1      110
250        9        9       20
251       13        7       21
252       13        7       50
253        6        5        7
254        8        6       29
255       12        6       38
256       10        9       89
257       10        3       26
258       12        8      135
259        5        2       40
260        3        1       44
261       13        5       37
262        5        8      163
263        5        8       11
264        9        9      142
265       14        7       43
266        8        1        1
267        7        8      113
268        4        8       45
269       13        1      157
270       14        8       76
271       12        7        9
272        3        4       36
273       11        9       34
274       13        3       89
275        8        7       38
276        4        6      159
277        7        7       80
278       15        7       48
279       12        4       40
280        4        3       93
281        8        2        5
282       13        6      107
283       10        9       27
284       12        5        2
285        6        9       23
286        4        3       56
287       13        1      122
288        3        6       21
289       12        5      137
290       15        4      143
291       13        7       86
292        5        4       26
293        7        3      139
294       10        5       20
295       14        3      146
296        3        8       55
297       12        8       86
298        8        4       97
299        5        5       55
300        6        1       48
