1     3     44     115
2     45     9     43
3     4     23     108
4     28     9     34
5     27     41     117
6     4     35     43
7     12     45     156
8     7     16     40
9     3     2     180
10     1     18     36
11     27     13     105
12     10     43     28
13     1     27     30
14     26     33     146
15     20     8     42
16     2     3     155
17     13     13     28
18     9     49     34
19     43     5     128
20     16     9     37
21     34     19     74
22     4     46     178
23     39     1     34
24     49     49     90
25     44     39     65
26     42     39     189
27     26     4     0
28     12     32     31
29     27     28     103
30     27     14     22
31     15     22     125
32     38     45     20
33     6     14     60
34     17     28     88
35     9     34     83
36     6     27     29
37     10     16     106
38     29     25     32
39     19     32     152
40     49     14     0
41     43     49     140
42     1     27     8
43     7     3     23
44     40     43     97
45     25     19     192
46     25     28     26
47     11     38     7
48     2     37     8
49     8     38     57
50     4     22     36
