1     41     6     116
2     30     5     166
3     38     48     4
4     10     21     158
5     16     4     38
6     45     47     104
7     27     7     114
8     17     33     152
9     39     3     5
10     19     15     201
11     4     28     38
12     4     6     129
13     35     37     36
14     2     17     164
15     46     13     53
16     4     39     40
17     33     40     48
18     33     45     94
19     18     19     100
20     1     17     27
21     16     49     15
22     15     32     151
23     35     10     22
24     35     11     147
25     46     5     6
26     24     2     89
27     30     13     66
28     35     25     6
29     14     4     212
30     9     32     17
31     16     12     17
32     2     28     230
33     32     16     36
34     39     38     4
35     30     9     49
36     12     15     116
37     21     45     1
38     22     18     11
39     21     26     202
40     25     13     50
41     49     8     204
42     8     44     43
43     3     45     61
44     46     49     132
45     36     24     30
46     3     15     179
47     33     36     52
48     42     42     139
49     10     23     49
50     17     15     179
