20.001     4949     4822.5
20.003     4949     4822.5
20.003     4949     4822.5
20.001     4949     4822.5
20.003     4949     4822.5
20.003     4949     4822.5
20.001     4949     4822.5
20.003     4949     4822.5
20.003     4949     4822.5
20.003     4949     4822.5
             
20.003     4887     4740
20.004     4863     4740
20.004     4863     4740
20.003     4887     4740
20.004     4887     4740
20.004     4887     4740
20.003     4887     4740
20.004     4863     4740
20.004     4863     4740
20.004     4887     4740
             
20.004     5180     5054
20.002     5180     5054
20.002     5180     5054
20.004     5180     5054
20.004     5180     5054
20.004     5180     5054
20.004     5180     5054
20.002     5180     5054
20.002     5180     5054
20.004     5180     5054
             
20.002     4830     4754.5
20.002     4830     4754.5
20.002     4830     4754.5
20.002     4830     4754.5
20.002     4830     4754.5
20.002     4830     4754.5
20.002     4830     4754.5
20.002     4830     4754.5
20.002     4830     4754.5
20.002     4830     4754.5
             
20.002     4952     4854
20.003     4977     4854
20.003     4977     4854
20.002     4952     4854
20.003     4977     4854
20.003     4977     4854
20.002     4952     4854
20.003     4977     4854
20.003     4977     4854
20.003     4977     4854
             
20.001     5109     5010
20.001     5109     5010
20.001     5109     5010
20.001     5109     5010
20.001     5109     5010
20.001     5109     5010
20.001     5109     5010
20.001     5109     5010
20.001     5109     5010
20.001     5109     5010
             
20.001     4929     4778
20.003     4953     4778
20.003     4953     4778
20.001     4929     4778
20.003     4953     4778
20.003     4953     4778
20.001     4929     4778
20.003     4953     4778
20.003     4953     4778
20.003     4953     4778
             
20.001     5022     4895
20.002     5048     4895
20.002     5048     4895
20.001     5022     4895
20.002     5048     4895
20.002     5048     4895
20.001     5022     4895
20.002     5048     4895
20.002     5048     4895
20.002     5048     4895
             
20.002     5132     4983
20.002     5106     4983
20.002     5106     4983
20.002     5132     4983
20.002     5132     4983
20.002     5132     4983
20.002     5132     4983
20.002     5106     4983
20.002     5106     4983
20.002     5132     4983
             
20.001     4975     4826.5
20.001     4951     4826.5
20.001     4951     4826.5
20.001     4975     4826.5
20.001     4975     4826.5
20.001     4975     4826.5
20.001     4975     4826.5
20.001     4951     4826.5
20.001     4951     4826.5
20.001     4975     4826.5
             
