1     94     133     1917
2     12     17     468
3     4     100     1246
4     61     77     70
5     17     167     871
6     10     197     301
7     98     28     2116
8     70     125     162
9     15     90     1448
10     87     24     146
11     45     114     393
12     67     107     61
13     34     138     330
14     47     16     2404
15     14     10     352
16     77     145     537
17     66     161     70
18     80     28     2229
19     69     167     218
20     63     105     706
21     16     43     1774
22     33     179     36
23     10     160     1543
24     30     139     151
25     83     53     2290
26     79     142     470
27     12     139     1903
28     17     4     322
29     17     33     225
30     52     122     350
31     90     79     2182
32     31     160     274
33     99     183     611
34     85     49     1938
35     14     192     493
36     13     48     1719
37     66     129     519
38     74     57     302
39     47     59     1360
40     26     19     19
41     68     122     593
42     46     190     477
43     50     50     634
44     94     170     1377
45     54     64     7
46     58     60     293
47     43     119     1188
48     71     85     1006
49     69     1     1306
50     96     145     604
51     23     173     2319
52     5     115     32
53     56     81     2328
54     26     86     494
55     3     67     1135
56     23     114     1087
57     93     176     1386
58     5     23     322
59     69     98     1596
60     55     70     57
61     58     22     438
62     95     12     1105
63     33     82     1465
64     52     130     569
65     16     123     1683
66     26     25     325
67     20     148     1979
68     52     113     425
69     77     104     615
70     99     105     837
71     26     87     2031
72     99     77     526
73     4     128     607
74     27     35     2162
75     72     49     273
76     23     151     1229
77     6     79     324
78     16     171     1939
79     44     46     593
80     93     50     630
81     81     44     1763
82     92     62     85
83     67     61     755
84     98     168     794
85     15     107     1894
86     1     69     446
87     24     176     1383
88     27     7     548
89     41     27     276
90     14     164     306
91     79     173     827
92     54     21     1242
93     39     57     107
94     59     53     1289
95     4     124     142
96     52     149     1191
97     94     4     958
98     79     169     691
99     28     151     248
100     38     143     212
