1     63     18     1054
2     28     163     2342
3     3     11     112
4     81     183     894
5     61     129     1795
6     21     35     202
7     29     153     1105
8     15     2     2358
9     4     168     212
10     40     131     520
11     28     11     2416
12     26     176     521
13     47     92     477
14     76     30     740
15     34     191     283
16     91     191     255
17     38     1     1206
18     82     86     2384
19     16     89     581
20     40     21     1488
21     76     22     256
22     54     140     388
23     56     166     524
24     30     10     1909
25     55     175     360
26     39     42     496
27     53     156     1751
28     24     48     537
29     25     37     1876
30     57     150     426
31     88     94     2073
32     75     86     7
33     44     35     1796
34     72     190     610
35     75     158     245
36     89     161     1184
37     41     126     560
38     62     102     1232
39     59     162     2171
40     69     23     206
41     50     57     593
42     47     108     1405
43     98     120     543
44     87     122     1059
45     80     91     2288
46     10     16     71
47     75     43     1380
48     30     70     307
49     76     30     117
50     72     62     1465
51     50     89     136
52     9     44     285
53     55     159     760
54     19     6     1531
55     46     199     549
56     11     24     1747
57     6     104     288
58     9     44     1679
59     68     56     593
60     40     177     1085
61     46     153     757
62     27     165     1783
63     45     191     365
64     52     179     1225
65     99     80     1866
66     97     39     588
67     2     122     861
68     95     149     2217
69     52     16     355
70     50     17     1552
71     24     140     296
72     24     44     1433
73     30     57     435
74     64     178     1015
75     26     16     2021
76     93     131     164
77     91     145     2213
78     13     197     505
79     81     60     212
80     67     91     1900
81     4     104     380
82     26     161     2214
83     80     101     46
84     27     13     1523
85     99     141     85
86     73     114     848
87     14     7     2170
88     90     146     143
89     73     111     586
90     19     114     996
91     14     35     1908
92     10     152     338
93     25     93     1759
94     82     187     44
95     56     60     669
96     41     145     1902
97     71     43     418
98     60     95     455
99     28     125     1604
100     59     36     508
