1     25     95     2343
2     59     191     483
3     16     72     1009
4     79     194     2071
5     16     43     503
6     4     170     1454
7     73     121     167
8     55     35     1893
9     45     69     479
10     75     110     1202
11     12     166     258
12     82     96     1846
13     12     57     42
14     78     36     835
15     65     159     402
16     63     182     1348
17     79     54     530
18     15     9     201
19     85     83     23
20     33     144     1630
21     12     77     349
22     95     89     1640
23     23     8     310
24     28     164     7
25     31     107     1344
26     44     43     41
27     92     142     160
28     45     120     1273
29     74     35     113
30     11     187     774
31     1     92     922
32     9     160     1006
33     77     113     1635
34     88     147     540
35     97     71     193
36     36     122     826
37     47     157     397
38     64     74     1923
39     96     125     91
40     76     84     988
41     26     5     861
42     10     93     1150
43     57     4     1943
44     7     122     231
45     31     44     1071
46     93     44     1017
47     23     144     1089
48     71     17     959
49     67     90     1059
50     46     149     1350
51     19     160     39
52     11     196     1243
53     36     157     260
54     56     194     1593
55     43     166     60
56     74     58     1653
57     4     51     198
58     39     139     1098
59     65     40     1554
60     72     132     410
61     81     19     1417
62     97     133     345
63     43     53     2188
64     13     120     277
65     25     117     2053
66     79     151     92
67     14     188     980
68     35     33     258
69     80     121     527
70     17     106     1408
71     42     71     218
72     91     81     500
73     84     128     2032
74     69     6     28
75     11     174     909
76     63     17     960
77     46     24     1921
78     13     10     259
79     8     78     29
80     22     165     2345
81     59     146     320
82     14     89     2245
83     99     173     28
84     8     186     793
85     19     179     1310
86     12     67     405
87     55     19     1442
88     73     34     135
89     80     37     2061
90     59     106     381
91     73     180     2304
92     37     113     316
93     7     83     480
94     8     119     762
95     74     151     2296
96     83     82     350
97     41     133     784
98     27     95     168
99     57     22     2111
100     13     11     229
