1     46     159     738
2     46     85     492
3     48     127     1553
4     67     144     359
5     94     76     128
6     84     21     673
7     64     146     1534
8     60     28     124
9     24     119     1621
10     72     78     562
11     76     172     2194
12     74     62     407
13     13     189     2482
14     73     192     200
15     62     24     1624
16     75     97     483
17     93     27     1882
18     33     154     162
19     96     65     361
20     93     199     1276
21     10     149     581
22     68     77     2438
23     50     68     346
24     12     6     2171
25     83     23     7
26     29     159     2530
27     65     182     44
28     26     118     352
29     48     176     2530
30     44     182     418
31     91     111     1455
32     39     160     173
33     95     194     264
34     64     8     2344
35     15     91     571
36     7     23     2454
37     55     174     437
38     56     13     173
39     16     23     2360
40     86     140     207
41     22     75     412
42     65     53     1427
43     23     36     600
44     33     106     1694
45     40     41     297
46     74     55     2416
47     82     42     308
48     9     170     1948
49     40     163     354
50     61     50     341
51     34     189     1524
52     17     48     162
53     3     123     928
54     65     134     2190
55     84     80     185
56     17     99     503
57     5     163     1004
58     50     150     2454
59     21     97     118
60     43     103     2252
61     83     17     407
62     31     173     608
63     16     196     1675
64     75     23     587
65     67     123     1112
66     85     54     1445
67     90     110     293
68     45     94     1322
69     1     151     313
70     21     142     1937
71     72     68     307
72     54     181     2436
73     79     5     111
74     8     97     1165
75     8     66     291
76     27     48     1651
77     65     26     438
78     9     193     1302
79     69     123     149
80     83     106     1941
81     74     66     494
82     37     184     2033
83     56     25     222
84     5     162     2358
85     10     30     74
86     89     151     2504
87     98     16     351
88     65     138     1863
89     88     116     405
90     63     186     147
91     85     182     371
92     4     160     2257
93     6     71     19
94     63     2     738
95     28     172     2546
96     30     124     198
97     61     106     1926
98     69     194     416
99     56     69     2262
100     84     20     607
