10.001     5127     4857
10.016     5105     4857
10.016     5105     4857
10.001     5127     4857
10.016     5127     4857
10.016     5127     4857
10.001     5127     4857
10.016     5105     4857
10.016     5105     4857
10.016     5127     4857
             
10.001     4923     4761
10.016     4923     4761
10.016     4923     4761
10.001     4923     4761
10.016     4923     4761
10.016     4923     4761
10.001     4923     4761
10.016     4923     4761
10.016     4923     4761
10.016     4923     4761
             
10.001     5211     5035.5
10.016     5200     5035.5
10.016     5200     5035.5
10.001     5211     5035.5
10.016     5211     5035.5
10.016     5211     5035.5
10.001     5211     5035.5
10.016     5200     5035.5
10.016     5200     5035.5
10.016     5211     5035.5
             
10.001     5098     4879.5
10.016     5067     4879.5
10.016     5067     4879.5
10.001     5098     4879.5
10.016     5098     4879.5
10.016     5098     4879.5
10.001     5098     4879.5
10.016     5067     4879.5
10.016     5067     4879.5
10.016     5098     4879.5
             
10.001     5482     5170
10.016     5458     5170
10.016     5458     5170
10.001     5482     5170
10.016     5482     5170
10.016     5482     5170
10.001     5482     5170
10.016     5458     5170
10.016     5458     5170
10.016     5482     5170
             
10.016     5068     4800
10.016     5021     4800
10.016     5021     4800
10.016     5068     4800
10.016     5068     4800
10.016     5068     4800
10.016     5068     4800
10.016     5021     4800
10.016     5021     4800
10.016     5068     4800
             
10.016     4939     4781.5
10.016     4957     4781.5
10.016     4957     4781.5
10.016     4939     4781.5
10.016     4957     4781.5
10.016     4957     4781.5
10.016     4939     4781.5
10.016     4957     4781.5
10.016     4957     4781.5
10.016     4957     4781.5
             
10.016     5312     5081
10.016     5334     5081
10.016     5334     5081
10.016     5312     5081
10.016     5334     5081
10.016     5334     5081
10.016     5312     5081
10.016     5334     5081
10.016     5334     5081
10.016     5334     5081
             
10.016     5016     4801
10.016     5027     4801
10.016     5027     4801
10.016     5016     4801
10.016     5027     4801
10.016     5027     4801
10.016     5016     4801
10.016     5027     4801
10.016     5027     4801
10.016     5027     4801
             
10.016     5466     5197.5
10.016     5452     5197.5
10.016     5452     5197.5
10.016     5466     5197.5
10.016     5466     5197.5
10.016     5466     5197.5
10.016     5466     5197.5
10.016     5452     5197.5
10.016     5452     5197.5
10.016     5466     5197.5
             
