10.016     5109     4857
10.016     5060     4857
10.016     5060     4857
10.016     5109     4857
10.016     5109     4857
10.016     5109     4857
10.016     5109     4857
10.016     5060     4857
10.016     5060     4857
10.016     5109     4857
             
10.016     4866     4761
10.016     4866     4761
10.016     4866     4761
10.016     4866     4761
10.016     4866     4761
10.016     4866     4761
10.016     4866     4761
10.016     4866     4761
10.016     4866     4761
10.016     4866     4761
             
10.016     5186     5035.5
10.016     5152     5035.5
10.016     5152     5035.5
10.016     5186     5035.5
10.016     5186     5035.5
10.016     5186     5035.5
10.016     5186     5035.5
10.016     5152     5035.5
10.016     5152     5035.5
10.016     5186     5035.5
             
10.016     5035     4879.5
10.016     5035     4879.5
10.016     5035     4879.5
10.016     5035     4879.5
10.016     5035     4879.5
10.016     5035     4879.5
10.016     5035     4879.5
10.016     5035     4879.5
10.016     5035     4879.5
10.016     5035     4879.5
             
10.016     5426     5170
10.001     5426     5170
10.001     5426     5170
10.016     5426     5170
10.016     5426     5170
10.016     5426     5170
10.016     5426     5170
10.001     5426     5170
10.001     5426     5170
10.016     5426     5170
             
10.016     5017     4800
10.016     5017     4800
10.016     5017     4800
10.016     5017     4800
10.016     5017     4800
10.016     5017     4800
10.016     5017     4800
10.016     5017     4800
10.016     5017     4800
10.016     5017     4800
             
10.016     4938     4781.5
10.016     4938     4781.5
10.016     4938     4781.5
10.016     4938     4781.5
10.016     4938     4781.5
10.016     4938     4781.5
10.016     4938     4781.5
10.016     4938     4781.5
10.016     4938     4781.5
10.016     4938     4781.5
             
10.016     5241     5081
10.016     5291     5081
10.016     5291     5081
10.016     5241     5081
10.016     5291     5081
10.016     5291     5081
10.016     5241     5081
10.016     5291     5081
10.016     5291     5081
10.016     5291     5081
             
10.016     5001     4801
10.016     5001     4801
10.016     5001     4801
10.016     5001     4801
10.016     5001     4801
10.016     5001     4801
10.016     5001     4801
10.016     5001     4801
10.016     5001     4801
10.016     5001     4801
             
10.016     5452     5197.5
10.016     5452     5197.5
10.016     5452     5197.5
10.016     5452     5197.5
10.016     5452     5197.5
10.016     5452     5197.5
10.016     5452     5197.5
10.016     5452     5197.5
10.016     5452     5197.5
10.016     5452     5197.5
             
