1     5     126     140
2     27     16     5
3     42     103     21
4     21     169     116
5     13     15     30
6     35     2     97
7     13     23     28
8     25     170     38
9     28     186     90
10     17     101     35
11     31     190     99
12     19     50     25
13     7     119     24
14     18     191     46
15     28     30     124
16     9     113     10
17     33     85     72
18     15     103     2
19     34     111     1
20     7     3     13
21     16     195     129
22     32     81     31
23     3     121     66
24     6     46     53
25     36     45     31
26     22     107     136
27     5     124     29
28     13     98     89
29     3     90     6
30     31     76     103
31     2     143     31
32     37     151     46
33     25     159     112
34     36     52     15
35     36     189     71
36     37     150     46
37     43     136     56
38     47     192     81
39     45     110     4
40     27     20     138
41     25     76     21
42     23     71     126
43     21     35     18
44     13     117     65
45     19     139     15
46     41     153     5
47     12     4     55
48     35     54     7
49     2     71     2
50     39     183     72
51     47     65     29
52     48     20     74
53     39     130     7
54     49     126     52
55     20     3     33
56     42     32     111
57     7     113     11
58     8     34     66
59     11     44     34
60     10     189     127
61     22     17     30
62     31     47     92
63     28     129     20
64     7     49     46
65     17     71     126
66     40     177     26
67     9     82     104
68     6     188     36
69     1     163     84
70     47     128     35
71     25     195     9
72     15     77     45
73     13     29     102
74     16     124     27
75     15     30     8
76     16     69     141
77     23     81     15
78     6     194     79
79     20     174     30
80     34     127     78
81     3     16     0
82     46     54     0
83     13     2     32
84     19     158     51
85     27     90     120
86     12     29     32
87     49     140     122
88     18     124     1
89     12     162     50
90     47     144     48
91     46     42     107
92     25     36     7
93     13     11     96
94     1     189     0
95     15     83     94
96     17     24     26
97     18     153     137
98     20     179     3
99     13     75     65
100     37     90     48
