1     13     115     129
2     2     104     35
3     7     14     43
4     42     106     39
5     13     52     61
6     28     58     79
7     30     99     14
8     49     157     8
9     26     70     110
10     7     59     20
11     17     68     97
12     39     38     9
13     44     49     89
14     47     162     7
15     43     65     34
16     26     67     128
17     5     14     12
18     12     52     73
19     28     65     3
20     41     29     67
21     22     55     48
22     44     59     138
23     40     49     1
24     24     184     95
25     46     163     5
26     42     166     58
27     23     163     11
28     42     173     16
29     12     10     84
30     49     137     9
31     2     17     106
32     5     57     35
33     9     90     18
34     47     1     144
35     18     26     28
36     41     97     102
37     44     194     31
38     24     51     15
39     28     176     86
40     4     92     14
41     31     70     25
42     41     32     3
43     35     73     8
44     16     47     41
45     30     34     35
46     31     153     94
47     1     87     1
48     42     63     120
49     8     177     27
50     3     139     96
51     46     37     12
52     32     61     106
53     3     64     19
54     25     14     154
55     11     26     22
56     44     78     85
57     23     131     15
58     26     125     77
59     26     66     36
60     45     114     97
61     30     157     31
62     37     104     115
63     29     122     33
64     26     158     153
65     3     119     34
66     7     1     148
67     33     85     4
68     11     74     18
69     20     32     93
70     4     76     14
71     22     180     69
72     27     111     62
73     1     114     1
74     29     180     53
75     34     171     80
76     44     179     33
77     40     136     104
78     23     141     16
79     2     34     147
80     35     33     23
81     40     16     22
82     36     123     58
83     12     114     14
84     4     116     79
85     15     132     16
86     36     45     24
87     41     140     66
88     7     30     65
89     5     166     83
90     16     161     31
91     2     55     35
92     48     6     113
93     33     167     20
94     25     163     109
95     8     122     35
96     5     13     87
97     34     125     20
98     6     67     97
99     47     78     20
100     4     150     64
