10.761     578     555
10.495     575     555
10.495     578     555
10.761     578     555
10.761     578     555
10.761     578     555
10.761     578     555
10.495     578     555
10.495     575     555
10.761     578     555
             
10.567     618     596.375
10.847     627     596.375
10.847     627     596.375
10.567     624     596.375
10.847     627     596.375
10.847     627     596.375
10.567     624     596.375
10.847     627     596.375
10.847     627     596.375
10.847     627     596.375
             
10.375     617     593.375
10.382     620     593.375
10.382     620     593.375
10.375     617     593.375
10.382     620     593.375
10.382     620     593.375
10.375     617     593.375
10.382     620     593.375
10.382     620     593.375
10.382     620     593.375
             
10.101     570     543.75
10.991     573     543.75
10.991     570     543.75
10.101     570     543.75
10.991     573     543.75
10.991     573     543.75
10.101     570     543.75
10.991     570     543.75
10.991     573     543.75
10.991     573     543.75
             
10.670     643     608.75
10.942     643     608.75
10.942     643     608.75
10.670     632     608.75
10.942     643     608.75
10.942     643     608.75
10.670     632     608.75
10.942     643     608.75
10.942     643     608.75
10.942     643     608.75
             
10.150     579     550.5
10.685     579     550.5
10.685     577     550.5
10.150     579     550.5
10.685     579     550.5
10.685     579     550.5
10.150     579     550.5
10.685     577     550.5
10.685     579     550.5
10.685     579     550.5
             
10.646     622     587.375
10.038     619     587.375
10.038     622     587.375
10.646     622     587.375
10.646     622     587.375
10.646     622     587.375
10.646     622     587.375
10.038     622     587.375
10.038     619     587.375
10.646     622     587.375
             
10.103     558     542.5
10.480     561     542.5
10.480     561     542.5
10.103     558     542.5
10.480     561     542.5
10.480     561     542.5
10.103     558     542.5
10.480     561     542.5
10.480     561     542.5
10.480     561     542.5
             
10.326     595     569
10.500     590     569
10.500     590     569
10.326     595     569
10.500     595     569
10.500     595     569
10.326     595     569
10.500     590     569
10.500     590     569
10.500     595     569
             
10.802     620     589.875
10.301     617     589.875
10.301     617     589.875
10.802     620     589.875
10.802     620     589.875
10.802     620     589.875
10.802     620     589.875
10.301     617     589.875
10.301     617     589.875
10.802     620     589.875
             
