35     13178     12588.1
50.059     13218     12588.1
50.003     13204     12588.1
50.052     13201     12588.1
50.055     13201     12588.1
50.055     13201     12588.1
50.052     13201     12588.1
50.003     13204     12588.1
50.059     13218     12588.1
50.059     13218     12588.1
             
50.047     12391     12135
50.019     12382     12135
50.024     12400     12135
50.008     12376     12135
50.008     12376     12135
50.008     12376     12135
50.008     12376     12135
50.024     12400     12135
50.019     12382     12135
50.047     12391     12135
             
50.033     12664     12404
50.033     12716     12404
50.033     12716     12404
50.005     12653     12404
50.033     12716     12404
50.033     12716     12404
50.005     12653     12404
50.033     12716     12404
50.033     12716     12404
50.033     12716     12404
             
50.063     13247     13066
50.022     13254     13066
50.020     13276     13066
50.043     13224     13066
50.057     13264     13066
50.057     13264     13066
50.043     13224     13066
50.020     13276     13066
50.022     13254     13066
50.063     13254     13066
             
50.059     12842     12533
50.129     12802     12533
50.007     12827     12533
50.034     12778     12533
50.034     12827     12533
50.034     12827     12533
50.034     12778     12533
50.007     12827     12533
50.129     12802     12533
50.129     12842     12533
             
50.051     12771     12527
50.001     12767     12527
50.048     12795     12527
50.068     12787     12527
50.068     12787     12527
50.068     12787     12527
50.068     12787     12527
50.048     12795     12527
50.001     12767     12527
50.051     12771     12527
             
29.557     12841     12841
50.013     12841     12841
50.067     12841     12841
50.001     12841     12841
50.067     12841     12841
50.067     12841     12841
50.001     12841     12841
50.067     12841     12841
50.013     12841     12841
50.013     12841     12841
             
50.009     12780     12531
50.050     12816     12531
50.050     12816     12531
50.064     12785     12531
50.064     12816     12531
50.064     12816     12531
50.064     12785     12531
50.050     12816     12531
50.050     12816     12531
50.050     12816     12531
             
50.008     13059     12630
50.008     13040     12630
50.024     13057     12630
50.093     13040     12630
50.093     13040     12630
50.093     13040     12630
50.093     13040     12630
50.024     13057     12630
50.008     13040     12630
50.008     13059     12630
             
50.045     12751     12497
50.027     12782     12497
50.078     12776     12497
50.064     12744     12497
50.064     12766     12497
50.064     12766     12497
50.064     12744     12497
50.078     12776     12497
50.027     12782     12497
50.045     12782     12497
             
