1     41     11     1751
2     28     5     446
3     42     34     120
4     23     28     1981
5     79     39     118
6     19     32     1318
7     38     28     276
8     83     35     1479
9     62     44     383
10     81     49     1353
11     44     33     51
12     11     21     803
13     55     32     890
14     55     15     247
15     52     17     796
16     14     7     1423
17     61     40     363
18     89     24     1585
19     62     9     239
20     58     2     1055
21     25     46     285
22     81     3     122
23     87     43     1109
24     39     37     408
25     95     22     1009
26     98     4     291
27     93     3     1572
28     91     13     68
29     78     19     1406
30     53     41     103
31     40     35     45
32     67     42     1159
33     84     6     238
34     64     6     181
35     69     33     452
36     37     7     672
37     26     20     1307
38     84     21     403
39     47     34     441
40     4     18     606
41     22     4     1709
42     92     32     85
43     70     9     775
44     67     23     1574
45     54     6     317
46     70     44     271
47     11     31     1985
48     92     13     228
49     71     20     571
50     89     12     47
51     87     39     355
52     70     5     144
53     26     5     390
54     60     44     1778
55     64     5     367
56     76     20     882
57     96     11     1370
58     91     45     39
59     7     10     1551
60     16     17     270
61     91     8     0
62     52     30     208
63     19     3     1021
64     81     22     26
65     28     21     244
66     47     34     1591
67     36     21     98
68     71     30     1030
69     74     26     30
70     91     2     7
71     84     9     504
72     20     5     1221
73     41     9     386
74     23     11     1553
75     63     17     475
76     61     25     6
77     52     8     514
78     83     10     1025
79     23     40     58
80     32     1     503
81     5     10     65
82     50     5     323
83     54     18     577
84     93     25     444
85     98     25     1152
86     98     42     385
87     78     46     1922
88     82     18     318
89     4     39     1792
90     52     49     352
91     10     42     1749
92     75     28     49
93     90     20     1116
94     40     28     198
95     44     17     598
96     20     48     1697
97     18     29     88
98     40     7     326
99     24     21     1642
100     94     9     247
101     72     12     799
102     3     18     1762
103     23     10     279
104     97     6     1497
105     25     10     289
106     44     37     907
107     44     40     1712
108     83     46     92
109     28     12     1647
110     68     3     479
111     33     25     1738
112     76     44     343
113     2     11     636
114     95     26     1464
115     12     23     394
116     93     39     449
117     27     6     1612
118     50     8     61
119     96     16     1644
120     1     31     295
121     28     16     1820
122     7     1     230
123     17     47     1855
124     92     49     237
125     92     44     1123
126     5     23     347
127     95     9     563
128     51     12     1013
129     14     49     48
130     91     32     1113
131     33     32     225
132     48     19     389
133     57     13     1934
134     25     11     321
135     50     22     812
136     49     12     460
137     80     31     1258
138     86     29     181
139     25     45     1320
140     86     28     430
141     5     36     1909
142     94     29     130
143     72     37     199
144     27     10     75
145     21     14     70
146     89     7     577
147     92     23     897
148     68     5     1886
149     68     37     262
150     37     33     570
151     35     38     832
152     15     6     1093
153     74     40     412
154     69     15     887
155     44     48     962
156     13     34     238
157     31     25     1193
158     19     14     97
159     38     14     927
160     96     10     49
161     85     4     574
162     87     12     672
163     90     4     850
164     95     39     1321
165     91     44     14
166     16     35     142
167     47     18     1949
168     30     6     316
169     91     48     302
170     76     48     1269
171     8     41     162
172     21     23     1548
173     85     41     67
174     58     9     310
175     95     47     1790
176     10     23     182
177     49     39     2003
178     87     2     223
179     68     24     1089
180     59     43     40
181     69     1     655
182     42     3     1169
183     68     49     258
184     80     48     593
185     89     36     1099
186     70     32     376
187     44     1     1589
188     23     2     287
189     35     19     1061
190     90     13     292
191     6     41     1334
192     45     28     450
193     81     3     1740
194     65     49     286
195     91     35     679
196     77     44     366
197     31     48     1443
198     74     38     282
199     95     16     989
200     96     9     654
201     55     15     1109
202     59     43     357
203     51     40     262
204     56     23     1171
205     58     35     252
206     66     49     289
207     79     9     149
208     80     10     587
209     75     6     1666
210     75     38     424
211     92     17     1435
212     88     15     282
213     36     5     1402
214     99     16     205
215     20     4     1141
216     41     10     157
217     57     36     1226
218     66     31     212
219     31     1     576
220     6     19     1369
221     32     29     243
222     89     24     50
223     2     9     973
224     65     31     1966
225     53     11     156
226     41     21     1843
227     98     16     37
228     29     16     1630
229     12     41     65
230     61     19     1898
231     16     9     435
232     52     8     1004
233     49     13     444
234     8     42     273
235     29     44     1528
236     55     20     296
237     2     45     145
238     80     13     1727
239     36     37     469
240     20     8     312
241     8     34     513
242     40     8     1305
243     46     13     68
244     66     31     1026
245     73     34     41
246     82     44     1893
247     80     26     157
248     91     46     519
249     13     29     1810
250     93     41     127
251     94     17     447
252     62     19     1914
253     62     34     423
254     35     24     981
255     88     42     781
256     11     13     386
257     71     48     717
258     77     27     103
259     39     42     974
260     91     20     246
261     16     11     668
262     25     39     1436
263     27     38     75
264     10     10     977
265     20     40     246
266     39     18     1456
267     19     40     426
268     58     8     824
269     35     4     1603
270     66     29     68
271     5     49     319
272     77     9     419
273     60     5     844
274     19     16     425
275     46     19     753
276     20     7     70
277     35     42     509
278     1     43     1633
279     46     33     100
280     87     15     864
281     36     4     787
282     4     17     1332
283     69     21     286
284     79     24     738
285     25     30     1487
286     39     30     165
287     32     7     603
288     90     36     855
289     52     24     1232
290     19     19     356
291     40     9     736
292     37     17     310
293     52     49     1858
294     18     41     166
295     45     8     572
296     96     16     1088
297     21     26     348
298     48     43     263
299     23     4     1286
300     92     42     35
