1     105     8     228
2     156     36     235
3     144     49     671
4     188     15     76
5     187     13     451
6     45     3     1211
7     9     17     185
8     144     22     1178
9     34     39     158
10     74     41     186
11     32     40     512
12     51     45     1120
13     69     32     151
14     124     42     860
15     169     2     75
16     153     31     640
17     92     37     756
18     81     2     52
19     27     30     849
20     27     12     318
21     14     3     113
22     117     21     1181
23     97     3     4
24     138     16     818
25     149     36     191
26     126     30     620
27     2     7     253
28     47     39     1127
29     187     10     277
30     55     10     903
31     46     18     160
32     136     47     875
33     98     40     274
34     113     18     425
35     132     1     142
36     5     2     1265
37     188     18     72
38     53     24     1059
39     99     3     194
40     155     17     21
41     15     13     941
42     190     8     309
43     178     49     482
44     112     24     269
45     140     33     981
46     126     16     188
47     72     20     688
48     139     38     84
49     176     16     843
50     147     22     246
