5     4921     4817
5.001     4921     4817
5     4921     4817
5     4921     4817
5.001     4921     4817
5     4921     4817
5     4921     4817
5.001     4921     4817
5     4921     4817
5.001     4921     4817
             
5     5482     5181
5     5482     5181
5.001     5482     5181
5     5482     5181
5     5482     5181
5.001     5482     5181
5.001     5482     5181
5     5482     5181
5.001     5482     5181
5     5482     5181
             
5.001     4783     4675
5     4783     4675
5     4789     4675
5.001     4783     4675
5     4783     4675
5     4789     4675
5     4789     4675
5.001     4783     4675
5     4789     4675
5.001     4783     4675
             
5     5019     4819
5.001     5019     4819
5     5019     4819
5     5019     4819
5.001     5019     4819
5     5019     4819
5     5019     4819
5.001     5019     4819
5     5019     4819
5.001     5019     4819
             
5     5426     5224.5
5     5426     5224.5
5     5426     5224.5
5     5426     5224.5
5     5426     5224.5
5     5426     5224.5
5     5426     5224.5
5     5426     5224.5
5     5426     5224.5
5     5426     5224.5
             
5     4364     4358.5
5     4364     4358.5
5.001     4364     4358.5
5     4364     4358.5
5     4364     4358.5
5.001     4364     4358.5
5.001     4364     4358.5
5     4364     4358.5
5.001     4364     4358.5
5     4364     4358.5
             
5.001     4748     4683.5
5     4784     4683.5
5     4699     4683.5
5.001     4748     4683.5
5     4784     4683.5
5     4699     4683.5
5     4699     4683.5
5.001     4784     4683.5
5     4699     4683.5
5.001     4784     4683.5
             
5     4916     4805.5
5.001     4916     4805.5
5     4916     4805.5
5     4916     4805.5
5.001     4916     4805.5
5     4916     4805.5
5     4916     4805.5
5.001     4916     4805.5
5     4916     4805.5
5.001     4916     4805.5
             
5     4876     4774
5     4876     4774
5.001     4876     4774
5     4876     4774
5     4876     4774
5.001     4876     4774
5.001     4876     4774
5     4876     4774
5.001     4876     4774
5     4876     4774
             
5.001     5361     5160.5
5     5361     5160.5
5.001     5361     5160.5
5     5361     5160.5
5     5361     5160.5
5     5361     5160.5
5.001     5361     5160.5
5     5361     5160.5
5     5361     5160.5
5.001     5361     5160.5
             
