1     14     51     574
2     41     65     108
3     5     186     267
4     28     122     490
5     1     101     63
6     10     198     565
7     7     31     116
8     32     86     516
9     7     1     137
10     36     102     417
11     9     138     667
12     2     183     158
13     34     160     868
14     36     132     85
15     12     125     803
16     14     26     175
17     24     146     794
18     37     72     19
19     27     43     458
20     19     59     605
21     47     150     71
22     46     181     385
23     13     168     231
24     25     126     893
25     47     184     164
26     30     80     828
27     29     131     87
28     2     71     600
29     40     77     173
30     5     49     132
31     32     136     510
32     1     38     192
33     7     130     241
34     36     128     170
35     2     55     379
36     46     94     525
37     4     119     99
38     28     158     153
39     41     23     302
40     2     198     696
41     21     58     146
42     6     44     760
43     37     169     166
44     36     190     248
45     30     54     222
46     25     12     514
47     30     177     98
48     16     168     72
49     10     61     191
50     22     155     676
51     44     113     237
52     25     101     121
53     4     133     30
54     6     107     206
55     1     51     522
56     37     148     220
57     49     189     842
58     47     7     104
59     28     95     495
60     37     96     33
61     7     54     653
62     5     179     164
63     5     138     710
64     48     38     113
65     13     122     87
66     10     81     648
67     4     185     195
68     2     155     942
69     44     76     202
70     49     126     861
71     19     77     22
72     22     66     446
73     35     198     90
74     31     38     675
75     47     55     3
76     1     95     524
77     44     55     147
78     36     133     402
79     22     75     712
80     9     196     222
81     14     142     386
82     49     196     112
83     9     18     293
84     48     72     257
85     5     49     73
86     24     9     347
87     41     116     474
88     19     162     641
89     45     163     211
90     24     127     894
91     4     119     226
92     33     41     70
93     31     156     198
94     32     88     84
95     2     69     169
96     1     117     674
97     37     51     116
98     45     118     879
99     14     173     73
100     17     62     21
101     25     196     636
102     5     117     184
103     48     43     401
104     46     5     719
105     40     7     205
106     23     156     459
107     33     91     866
108     15     39     136
109     3     149     419
110     45     79     766
111     16     18     38
112     13     70     863
113     37     48     0
114     3     185     599
115     48     146     171
116     30     100     714
117     17     49     18
118     20     126     741
119     21     2     161
120     37     4     616
121     8     37     204
122     46     31     277
123     29     135     50
124     15     17     790
125     2     37     231
126     3     196     538
127     5     87     102
128     23     182     21
129     14     175     280
130     7     41     590
131     40     66     205
132     31     166     37
133     21     187     156
134     48     34     682
135     10     133     24
136     16     2     952
137     21     160     230
138     28     123     6
139     19     19     145
140     17     166     908
141     22     3     232
142     10     194     91
143     48     46     420
144     34     194     99
145     29     161     764
146     8     79     131
147     11     165     370
148     22     99     777
149     45     72     7
150     29     128     850
151     25     21     31
152     3     80     103
153     37     3     577
154     5     67     186
155     26     190     289
156     36     126     575
157     48     76     85
158     15     115     661
159     26     80     183
160     41     67     424
161     30     197     304
162     2     65     767
163     1     105     41
164     24     118     367
165     3     20     86
166     26     156     882
167     40     111     91
168     49     160     701
169     5     147     186
170     24     86     45
171     21     115     556
172     14     109     35
173     41     96     27
174     45     31     849
175     2     196     221
176     28     120     570
177     34     145     49
178     4     182     96
179     42     169     45
180     43     7     242
181     34     125     931
182     8     14     141
183     15     123     834
184     24     69     173
185     31     147     218
186     28     177     711
187     46     131     176
188     13     132     391
189     30     188     512
190     22     25     110
191     20     199     933
192     40     11     47
193     24     27     300
194     30     65     165
195     9     90     93
196     33     114     880
197     16     17     224
198     23     173     499
199     49     123     231
200     1     185     183
