1     10     34     586
2     36     20     231
3     37     19     24
4     9     193     339
5     30     89     611
6     17     15     128
7     3     63     46
8     13     76     138
9     30     27     473
10     29     190     739
11     21     83     29
12     11     58     243
13     28     98     983
14     25     165     122
15     17     133     804
16     25     11     25
17     42     145     110
18     14     96     192
19     47     7     315
20     19     47     258
21     6     178     126
22     13     154     383
23     43     47     457
24     24     108     536
25     3     94     144
26     19     16     152
27     26     86     564
28     16     65     42
29     44     188     135
30     49     76     229
31     42     54     407
32     21     65     705
33     31     183     8
34     45     103     560
35     37     14     1
36     26     118     842
37     25     120     234
38     20     7     785
39     14     119     234
40     8     68     967
41     32     78     38
42     48     36     715
43     2     82     176
44     28     101     309
45     27     58     165
46     14     65     304
47     26     34     700
48     18     174     36
49     19     63     710
50     39     140     124
51     6     167     451
52     1     176     362
53     2     93     611
54     24     168     108
55     41     146     77
56     44     165     78
57     18     69     526
58     29     1     30
59     21     168     128
60     35     189     465
61     38     86     31
62     35     48     938
63     6     97     173
64     16     195     221
65     46     155     435
66     37     6     278
67     21     76     861
68     47     95     154
69     35     85     251
70     7     48     503
71     37     117     27
72     39     183     225
73     5     8     947
74     6     9     145
75     5     58     379
76     38     115     218
77     49     155     242
78     28     186     752
79     20     197     146
80     17     155     116
81     22     112     516
82     25     61     189
83     27     73     639
84     8     182     97
85     24     177     734
86     4     174     126
87     15     15     736
88     32     182     63
89     45     68     109
90     33     148     419
91     21     146     718
92     14     39     156
93     13     186     271
94     10     124     364
95     34     144     343
96     26     151     265
97     8     162     424
98     41     178     187
99     31     130     271
100     26     188     956
101     4     122     55
102     32     184     348
103     34     108     172
104     7     152     378
105     27     117     848
106     12     139     166
107     31     97     579
108     26     147     89
109     37     68     994
110     27     32     15
111     33     174     471
112     43     142     103
113     47     177     140
114     40     22     86
115     49     191     423
116     46     57     395
117     3     187     852
118     47     173     145
119     18     38     600
120     11     68     155
121     34     77     75
122     28     78     772
123     45     160     101
124     26     15     609
125     31     4     193
126     17     199     158
127     5     133     646
128     1     94     110
129     20     43     32
130     25     177     628
131     22     109     213
132     20     191     689
133     5     58     0
134     31     162     179
135     49     53     649
136     47     141     22
137     40     14     588
138     8     153     76
139     14     122     47
140     20     106     972
141     13     42     219
142     2     157     675
143     9     42     236
144     34     39     4
145     5     95     487
146     40     119     393
147     11     95     170
148     33     80     265
149     43     70     688
150     47     187     0
151     4     68     196
152     45     155     364
153     28     174     510
154     44     176     102
155     38     178     335
156     45     95     193
157     31     128     989
158     10     163     161
159     30     141     141
160     26     65     261
161     40     110     19
162     31     71     348
163     49     86     390
164     14     182     638
165     34     186     44
166     34     13     132
167     34     14     785
168     16     154     36
169     5     53     81
170     1     156     547
171     12     35     134
172     23     188     902
173     43     30     224
174     32     8     261
175     41     144     203
176     26     69     319
177     27     91     349
178     25     53     188
179     14     32     689
180     28     22     180
181     33     191     491
182     32     2     111
183     3     16     661
184     4     84     138
185     18     148     221
186     19     168     29
187     5     27     789
188     33     15     18
189     45     123     478
190     26     137     443
191     25     188     941
192     42     5     168
193     4     91     318
194     10     104     188
195     1     125     900
196     24     132     183
197     30     195     647
198     38     178     173
199     14     193     803
200     26     142     243
