1     29     86     1052
2     38     19     172
3     14     24     979
4     41     199     78
5     40     66     750
6     6     103     5
7     44     157     377
8     26     171     652
9     38     192     38
10     12     114     690
11     24     83     218
12     29     190     66
13     29     121     414
14     17     103     994
15     1     193     130
16     41     188     951
17     6     50     241
18     28     140     646
19     11     22     112
20     6     25     654
21     49     81     70
22     16     79     410
23     18     88     186
24     34     19     707
25     5     173     122
26     12     63     287
27     21     145     660
28     24     156     139
29     37     11     363
30     4     181     416
31     28     48     784
32     7     72     24
33     28     91     938
34     18     107     57
35     2     124     667
36     24     150     56
37     14     3     412
38     4     3     404
39     2     123     1042
40     22     195     30
41     24     97     850
42     37     22     15
43     39     195     696
44     33     9     22
45     43     79     856
46     37     180     65
47     43     50     279
48     5     162     378
49     35     138     921
50     3     15     177
51     15     158     411
52     29     52     575
53     13     104     193
54     15     47     201
55     1     118     346
56     14     123     435
57     26     92     1022
58     47     133     126
59     20     94     715
60     32     137     4
61     5     110     475
62     47     108     311
63     48     99     578
64     15     43     224
65     47     153     447
66     44     49     674
67     21     85     94
68     30     154     990
69     27     139     146
70     41     73     464
71     42     192     888
72     37     90     215
73     37     113     358
74     33     20     57
75     2     55     758
76     18     80     182
77     20     23     168
78     35     11     1016
79     17     166     141
80     47     30     511
81     35     97     128
82     7     62     457
83     42     160     99
84     31     126     744
85     7     5     7
86     24     194     19
87     30     38     711
88     2     125     263
89     18     126     142
90     16     62     877
91     10     196     68
92     3     31     672
93     47     111     58
94     11     184     171
95     45     71     814
96     38     122     211
97     10     86     870
98     12     110     260
99     6     184     409
100     8     45     359
101     49     181     880
102     47     65     40
103     9     148     874
104     40     149     150
105     45     44     998
106     22     71     192
107     38     141     632
108     27     38     23
109     47     103     1033
110     27     73     262
111     4     150     166
112     43     146     1032
113     43     191     174
114     22     136     622
115     25     25     118
116     43     38     815
117     43     81     174
118     31     57     195
119     21     5     236
120     25     100     937
121     9     177     8
122     37     169     761
123     7     22     122
124     9     24     640
125     24     22     31
126     36     171     163
127     14     78     440
128     17     172     556
129     21     90     132
130     38     191     291
131     25     18     0
132     19     30     84
133     36     20     218
134     35     2     81
135     35     139     330
136     32     155     652
137     42     19     77
138     34     19     781
139     32     129     56
140     3     117     998
141     36     39     228
142     42     44     322
143     34     81     303
144     38     125     594
145     49     166     46
146     25     4     740
147     41     98     119
148     48     122     999
149     30     112     151
150     19     39     776
151     18     51     238
152     23     61     281
153     38     120     1052
154     45     92     97
155     45     22     533
156     5     164     59
157     42     17     96
158     3     127     12
159     20     64     836
160     17     121     111
161     4     26     339
162     45     139     922
163     28     59     229
164     40     10     58
165     38     70     48
166     46     99     1026
167     33     143     13
168     1     71     616
169     31     98     46
170     49     140     340
171     31     37     4
172     36     161     129
173     3     184     418
174     37     23     750
175     21     77     205
176     22     152     167
177     36     143     48
178     48     169     404
179     32     153     500
180     9     88     368
181     25     134     306
182     43     73     53
183     16     152     662
184     7     51     4
185     7     106     400
186     11     24     694
187     47     10     173
188     15     63     904
189     48     130     107
190     15     108     745
191     48     20     212
192     17     42     246
193     48     88     1025
194     17     96     86
195     32     38     355
196     44     26     715
197     15     118     102
198     13     53     983
199     13     47     50
200     36     118     504
