1     29     45     69
2     6     47     491
3     4     35     79
4     4     19     453
5     12     3     21
6     15     7     240
7     4     27     341
8     48     13     79
9     14     32     293
10     44     24     148
11     37     16     449
12     41     30     150
13     1     47     352
14     18     26     9
15     49     25     267
16     35     4     319
17     6     13     23
18     43     40     262
19     43     14     516
20     11     33     121
21     46     17     190
22     11     37     362
23     9     48     80
24     44     37     54
25     1     44     522
26     20     22     31
27     37     10     404
28     5     19     94
29     31     27     568
30     33     11     108
31     31     44     49
32     10     40     557
33     4     29     136
34     47     3     522
35     31     28     20
36     42     38     575
37     31     26     143
38     48     11     1
39     28     32     499
40     27     32     76
41     30     3     210
42     30     49     190
43     36     21     388
44     24     10     141
45     16     48     198
46     12     11     208
47     33     31     392
48     25     41     153
49     12     49     559
50     41     20     1
51     46     49     67
52     3     45     597
53     18     43     25
54     35     31     517
55     24     7     77
56     25     1     194
57     44     19     87
58     11     2     58
59     39     18     618
60     17     31     92
61     12     14     310
62     33     35     292
63     15     46     246
64     43     1     325
65     9     34     110
66     39     18     191
67     33     46     326
68     26     28     10
69     15     5     146
70     32     48     277
71     30     16     542
72     1     3     16
73     28     42     104
74     14     22     203
75     26     6     498
76     32     39     2
77     34     34     597
78     33     49     150
79     6     43     321
80     7     46     93
81     7     18     346
82     40     41     8
83     14     10     52
84     38     27     162
85     30     39     443
86     9     41     42
87     1     35     538
88     16     34     44
89     37     7     483
90     7     9     11
91     31     13     499
92     6     23     64
93     18     45     420
94     15     42     113
95     29     34     439
96     43     17     17
97     25     8     578
98     41     35     49
99     39     6     89
100     21     12     58
101     1     10     192
102     34     14     344
103     41     47     3
104     31     17     563
105     4     11     156
106     44     28     551
107     28     31     137
108     3     22     346
109     24     22     137
110     35     45     621
111     46     5     62
112     28     13     382
113     48     1     140
114     26     10     127
115     14     35     289
116     43     10     59
117     40     41     626
118     31     40     13
119     44     25     300
120     7     28     504
121     6     31     43
122     3     32     136
123     42     10     510
124     45     26     103
125     24     42     324
126     14     10     90
127     25     44     322
128     35     17     106
129     31     13     252
130     20     47     9
131     45     38     114
132     40     9     125
133     20     39     387
134     22     36     59
135     26     44     181
136     37     32     230
137     17     31     192
138     29     48     549
139     45     5     75
140     9     40     628
141     9     20     37
142     43     9     336
143     28     21     52
144     43     28     274
145     12     14     321
146     15     21     33
147     19     15     67
148     10     24     300
149     5     46     223
150     30     40     61
151     15     35     31
152     20     4     390
153     26     37     112
154     12     19     173
155     39     34     433
156     27     4     62
157     20     27     74
158     45     2     345
159     45     6     134
160     47     44     246
161     3     23     380
162     13     39     105
163     8     30     72
164     30     46     191
165     41     1     101
166     14     19     478
167     13     48     155
168     38     15     330
169     39     13     40
170     19     19     503
171     42     4     124
172     31     32     473
173     4     14     149
174     47     17     350
175     17     38     32
176     24     42     559
177     15     6     9
178     42     26     99
179     23     26     511
180     49     3     77
181     9     2     247
182     37     13     622
183     39     46     134
184     25     46     162
185     12     20     326
186     12     40     138
187     23     21     217
188     37     8     162
189     37     14     174
190     49     48     289
191     21     45     465
192     14     6     111
193     17     25     555
194     24     37     135
195     13     12     422
196     37     48     26
197     45     47     272
198     25     28     277
199     16     21     192
200     8     19     445
