1     25     46     293
2     45     12     7
3     27     7     354
4     32     48     159
5     6     24     360
6     23     37     71
7     21     25     110
8     43     41     531
9     16     18     163
10     49     4     432
11     20     11     116
12     17     28     198
13     33     37     74
14     14     44     441
15     6     42     135
16     23     26     407
17     30     49     148
18     13     8     20
19     20     14     189
20     15     30     45
21     20     36     47
22     1     10     90
23     36     41     107
24     30     40     218
25     27     26     524
26     26     9     32
27     25     41     100
28     8     22     601
29     13     46     67
30     22     15     70
31     22     45     355
32     43     17     113
33     26     5     253
34     1     49     274
35     17     42     38
36     21     8     44
37     13     47     424
38     42     35     162
39     42     9     229
40     26     7     281
41     48     44     559
42     24     29     25
43     45     4     367
44     47     12     20
45     31     42     609
46     19     2     116
47     21     41     264
48     21     42     421
49     40     46     92
50     22     26     372
51     16     30     85
52     34     19     369
53     3     2     55
54     11     11     642
55     7     26     117
56     35     39     400
57     20     48     89
58     37     13     402
59     47     19     156
60     11     17     460
61     28     26     16
62     12     37     210
63     34     15     453
64     45     11     101
65     34     9     447
66     32     16     30
67     16     17     220
68     20     37     86
69     7     28     45
70     26     27     395
71     26     13     129
72     17     30     576
73     6     2     0
74     29     4     297
75     21     11     205
76     37     35     330
77     14     27     103
78     38     11     243
79     2     22     203
80     20     32     631
81     38     28     43
82     36     4     226
83     30     18     158
84     34     21     378
85     26     47     19
86     19     21     306
87     23     33     574
88     30     17     84
89     8     34     362
90     24     46     145
91     5     34     251
92     45     2     531
93     15     15     156
94     47     42     545
95     13     47     54
96     1     31     177
97     38     33     122
98     43     48     240
99     26     28     303
100     13     39     597
101     41     7     79
102     22     16     224
103     42     14     348
104     23     10     12
105     43     20     347
106     9     12     114
107     47     28     568
108     40     38     149
109     5     41     310
110     38     12     351
111     43     6     40
112     19     35     581
113     5     10     75
114     24     42     502
115     49     13     21
116     39     48     549
117     45     35     160
118     40     26     495
119     11     16     51
120     4     14     138
121     39     47     100
122     11     32     342
123     29     34     113
124     46     41     208
125     25     22     382
126     46     46     110
127     48     31     277
128     4     44     635
129     19     46     153
130     20     38     252
131     44     4     53
132     2     5     495
133     42     27     129
134     36     9     638
135     41     43     141
136     12     35     386
137     5     45     37
138     35     31     20
139     15     28     607
140     8     38     151
141     4     16     497
142     48     4     86
143     23     46     550
144     32     19     160
145     10     9     434
146     14     12     73
147     30     21     313
148     47     27     379
149     39     32     3
150     36     32     449
151     2     15     51
152     44     43     109
153     33     34     612
154     15     45     108
155     11     23     16
156     33     32     193
157     23     37     82
158     49     10     551
159     7     21     97
160     30     32     24
161     38     9     591
162     19     9     26
163     48     18     628
164     37     17     50
165     20     47     326
166     27     36     133
167     30     38     84
168     27     37     444
169     13     22     88
170     35     10     316
171     44     19     13
172     26     45     270
173     12     33     484
174     41     47     52
175     47     8     145
176     22     25     299
177     30     22     224
178     36     29     494
179     39     4     117
180     38     38     641
181     1     25     121
182     28     21     194
183     21     47     149
184     5     17     283
185     18     39     228
186     46     33     513
187     27     22     153
188     46     25     496
189     47     14     81
190     28     29     360
191     10     27     150
192     1     26     311
193     30     18     114
194     47     10     359
195     17     2     29
196     5     6     131
197     8     14     286
198     34     7     20
199     25     19     51
200     14     23     449
