10.047     10048     9936.5
10.578     10056     9936.5
10.578     10056     9936.5
10.047     10048     9936.5
10.578     10056     9936.5
10.578     10056     9936.5
10.047     10048     9936.5
10.578     10056     9936.5
10.578     10056     9936.5
10.578     10056     9936.5
             
10.125     9090     8981.5
10.094     8991     8981.5
10.094     8991     8981.5
10.125     9090     8981.5
10.125     9090     8981.5
10.125     9090     8981.5
10.125     9090     8981.5
10.094     8991     8981.5
10.094     8991     8981.5
10.125     9090     8981.5
             
10.032     11001     10660.5
10.344     10980     10660.5
10.344     10980     10660.5
10.032     11001     10660.5
10.344     11001     10660.5
10.344     11001     10660.5
10.032     11001     10660.5
10.344     10980     10660.5
10.344     10980     10660.5
10.344     11001     10660.5
             
10.100     10293     10176
10.656     10412     10176
10.656     10412     10176
10.100     10293     10176
10.656     10412     10176
10.656     10412     10176
10.100     10293     10176
10.656     10412     10176
10.656     10412     10176
10.656     10412     10176
             
10.235     9889     9729.5
10.312     9873     9729.5
10.312     9873     9729.5
10.235     9889     9729.5
10.312     9889     9729.5
10.312     9889     9729.5
10.235     9889     9729.5
10.312     9873     9729.5
10.312     9873     9729.5
10.312     9889     9729.5
             
10.266     10316     10064
10.047     10296     10064
10.047     10296     10064
10.266     10316     10064
10.266     10316     10064
10.266     10316     10064
10.266     10316     10064
10.047     10296     10064
10.047     10296     10064
10.266     10316     10064
             
10.078     9438     9330.5
10.251     9444     9330.5
10.251     9444     9330.5
10.078     9438     9330.5
10.251     9444     9330.5
10.251     9444     9330.5
10.078     9438     9330.5
10.251     9444     9330.5
10.251     9444     9330.5
10.251     9444     9330.5
             
10.375     9617     9415
10.235     9619     9415
10.235     9619     9415
10.375     9617     9415
10.375     9619     9415
10.375     9619     9415
10.375     9617     9415
10.235     9619     9415
10.235     9619     9415
10.375     9619     9415
             
10.063     10759     10253
10.505     10759     10253
10.505     10759     10253
10.063     10759     10253
10.505     10759     10253
10.505     10759     10253
10.063     10759     10253
10.505     10759     10253
10.505     10759     10253
10.505     10759     10253
             
10.516     9923     9810.5
10.156     9922     9810.5
10.156     9922     9810.5
10.516     9923     9810.5
10.516     9923     9810.5
10.516     9923     9810.5
10.516     9923     9810.5
10.156     9922     9810.5
10.156     9922     9810.5
10.516     9923     9810.5
             
