1     39     77     2845
2     9     152     865
3     197     139     2390
4     59     107     471
5     68     138     2693
6     74     37     403
7     131     187     635
8     9     17     988
9     158     45     2866
10     90     145     258
11     67     100     2089
12     152     33     649
13     189     161     317
14     107     5     2759
15     77     176     654
16     120     102     3225
17     111     122     838
18     197     24     575
19     101     95     1551
20     101     176     1253
21     142     188     2484
22     12     115     631
23     76     17     734
24     103     91     2324
25     31     76     670
26     107     142     3311
27     83     62     493
28     87     35     2863
29     92     95     788
30     8     136     68
31     51     158     290
32     39     193     663
33     117     43     2403
34     144     20     842
35     143     61     357
36     167     194     1633
37     24     27     3357
38     83     52     851
39     192     141     2823
40     159     169     564
41     153     170     2524
42     79     64     468
43     96     116     424
44     95     195     3238
45     151     23     829
46     146     198     88
47     128     3     2064
48     172     188     270
49     166     165     1352
50     117     95     683
51     14     184     129
52     68     127     65
53     7     4     3271
54     81     20     137
55     71     20     1537
56     142     101     1986
57     63     98     406
58     32     100     1315
59     36     99     289
60     92     38     2762
61     83     134     757
62     14     74     1941
63     22     185     841
64     20     95     1525
65     45     69     1029
66     196     195     2530
67     198     53     680
68     130     111     2341
69     136     169     723
70     49     14     79
71     12     174     3007
72     126     116     439
73     129     73     1558
74     192     74     2693
75     91     7     507
76     100     66     3251
77     88     66     515
78     42     130     2589
79     93     115     820
80     21     147     1071
81     46     109     1328
82     187     45     3251
83     115     111     851
84     63     99     2326
85     67     120     272
86     14     64     808
87     94     54     1154
88     75     97     3390
89     198     90     51
90     27     160     1584
91     163     170     1857
92     18     123     180
93     146     11     1714
94     159     49     2310
95     41     107     158
96     49     146     2840
97     180     13     707
98     117     181     2426
99     159     188     596
100     176     146     1310
101     49     99     1880
102     33     109     675
103     172     12     1073
104     43     86     648
105     75     41     357
106     24     95     1074
107     134     120     20
108     120     160     1689
109     162     158     2336
110     148     61     26
111     80     5     720
112     20     112     1963
113     35     47     41
114     30     152     2252
115     62     193     474
116     157     124     651
117     157     156     2501
118     86     101     217
119     148     60     2162
120     90     165     420
121     37     181     2643
122     190     84     579
123     26     29     3194
124     135     59     419
125     88     96     1571
126     82     185     2347
127     163     128     759
128     14     173     1962
129     189     69     625
130     174     101     2693
131     134     78     600
132     197     186     2829
133     52     77     715
134     83     39     556
135     93     34     1977
136     106     134     242
137     13     77     821
138     164     104     46
139     86     61     1475
140     186     8     655
141     46     133     3355
142     197     146     364
143     14     74     578
144     126     48     1164
145     132     15     2851
146     27     122     106
147     177     34     2100
148     14     73     430
149     153     120     1301
150     134     106     3029
151     144     198     11
152     93     42     2611
153     32     71     20
154     78     195     3472
155     147     146     285
156     196     5     3091
157     58     159     844
158     102     33     3353
159     182     49     414
160     151     146     288
161     149     19     2524
162     29     59     418
163     57     42     3076
164     178     22     27
165     115     73     3287
166     63     59     452
167     23     28     1940
168     142     130     437
169     116     73     2001
170     83     106     276
171     132     47     488
172     96     58     1483
173     49     101     1016
174     93     95     510
175     92     133     2297
176     33     148     401
177     126     165     1388
178     7     134     2058
179     44     152     609
180     125     48     3218
181     117     98     575
182     103     138     2493
183     95     135     461
184     31     126     990
185     11     73     1255
186     75     37     2282
187     141     39     58
188     45     7     293
189     134     39     124
190     67     100     1696
191     114     151     1735
192     173     76     1175
193     164     74     2691
194     68     28     401
195     53     119     1258
196     193     118     1427
197     20     81     2778
198     24     30     677
199     109     7     2092
200     105     141     58
201     93     150     680
202     141     198     2990
203     34     195     43
204     59     148     1353
205     45     65     1194
206     53     170     3478
207     138     135     405
208     102     73     2435
209     143     165     844
210     2     175     2995
211     87     9     5
212     86     127     521
213     102     182     1994
214     50     115     522
215     133     113     603
216     108     5     2238
217     194     72     91
218     17     80     3268
219     53     65     107
220     41     196     310
221     95     129     134
222     136     134     2196
223     114     48     537
224     33     127     1293
225     167     126     1682
226     106     171     2563
227     120     7     203
228     180     196     3375
229     108     82     487
230     72     46     2874
231     52     136     509
232     25     33     3266
233     174     17     123
234     125     66     1472
235     80     187     3004
236     71     70     132
237     33     46     2629
238     28     197     169
239     17     152     1579
240     195     104     1566
241     32     180     916
242     54     63     1806
243     100     70     811
244     71     13     535
245     25     70     1305
246     129     89     1605
247     162     20     1812
248     92     113     646
249     108     80     2645
250     9     140     571
251     53     92     684
252     170     152     3238
253     102     46     64
254     68     5     1576
255     25     145     456
256     150     45     597
257     61     8     2798
258     102     183     203
259     69     129     1601
260     164     55     1278
261     91     135     2068
262     20     79     574
263     16     188     2798
264     28     53     809
265     51     130     2523
266     52     76     123
267     17     82     2619
268     114     52     584
269     91     193     1094
270     43     59     1018
271     55     88     277
272     19     114     107
273     24     41     2206
274     84     158     43
275     1     126     2060
276     22     125     253
277     159     93     3104
278     121     67     242
279     117     179     353
280     156     87     1738
281     15     46     50
282     188     118     3222
283     20     135     169
284     100     117     307
285     102     196     2841
286     130     45     269
287     67     107     3072
288     91     60     597
289     49     136     2771
290     83     94     777
291     111     29     311
292     95     156     3095
293     66     156     235
294     175     152     2463
295     64     118     124
296     150     78     298
297     33     106     2715
298     105     83     670
299     104     67     1089
300     90     132     3474
