1     37     8     872
2     118     14     73
3     99     20     902
4     160     37     253
5     150     3     1149
6     32     9     147
7     149     9     220
8     164     9     623
9     86     6     180
10     155     22     1088
11     27     4     208
12     41     46     1157
13     70     18     189
14     176     44     1179
15     145     7     45
16     151     42     269
17     148     25     96
18     147     35     47
19     72     6     460
20     151     13     1199
21     50     1     261
22     46     30     810
23     19     41     208
24     66     22     175
25     151     8     56
26     70     28     881
27     106     12     293
28     105     19     418
29     74     5     517
30     58     18     92
31     175     30     690
32     37     11     201
33     99     43     546
34     181     37     285
35     44     40     349
36     189     34     18
37     152     15     1193
38     132     26     194
39     17     14     39
40     169     38     901
41     19     35     178
42     75     22     75
43     10     1     98
44     28     37     565
45     96     16     176
46     126     28     429
47     150     45     964
48     36     23     239
49     125     13     356
50     49     25     1040
51     20     6     137
52     8     3     1056
53     25     33     32
54     1     20     1050
55     61     12     60
56     169     2     469
57     153     36     398
58     34     43     199
59     133     43     483
60     132     28     1004
61     159     39     308
62     148     37     645
63     93     31     194
64     155     14     6
65     133     8     843
66     126     47     141
67     162     18     798
68     131     25     305
69     171     36     215
70     197     23     274
71     149     10     887
72     195     41     67
73     99     18     115
74     166     28     46
75     161     46     101
76     165     43     366
77     59     49     60
78     110     43     525
79     156     21     124
80     74     46     252
81     184     40     474
82     104     32     552
83     174     39     602
84     29     5     267
85     108     29     614
86     9     45     1166
87     139     42     244
88     101     13     167
89     93     16     894
90     43     36     146
91     188     14     78
92     162     6     61
93     131     3     919
94     187     36     309
95     187     25     514
96     171     5     32
97     120     13     1020
98     149     18     92
99     179     37     131
100     34     42     453
101     92     14     1131
102     6     11     71
103     65     12     685
104     4     32     287
105     159     3     115
106     18     22     1116
107     171     39     160
108     15     36     1097
109     151     1     65
110     27     49     1093
111     29     33     87
112     142     27     825
113     49     35     299
114     49     19     435
115     177     21     269
116     157     38     1215
117     91     10     239
118     43     37     1047
119     199     44     86
120     63     19     578
121     98     31     189
122     126     5     699
123     130     8     67
124     137     22     795
125     35     42     148
126     140     29     1092
127     9     42     52
128     170     33     265
129     89     13     418
130     82     23     870
131     45     4     242
132     80     38     351
133     48     6     887
134     15     28     83
135     172     1     993
136     45     22     250
137     121     36     228
138     87     43     736
139     138     33     93
140     101     17     713
141     145     6     297
142     30     12     177
143     33     40     449
144     83     1     557
145     121     46     506
146     92     38     109
147     72     45     261
148     78     1     221
149     174     25     192
150     195     8     243
151     35     27     812
152     177     38     107
153     100     44     319
154     136     11     663
155     52     1     161
156     23     23     794
157     151     8     78
158     50     48     1219
159     150     6     221
160     27     44     1167
161     26     33     173
162     25     32     191
163     1     45     863
164     137     5     151
165     104     32     409
166     93     31     71
167     62     11     615
168     60     10     724
169     180     41     301
170     2     8     651
171     22     35     62
172     36     37     272
173     50     26     257
174     95     38     822
175     137     17     228
176     68     31     1205
177     56     29     95
178     80     24     706
179     57     41     243
180     31     19     757
181     159     49     233
182     149     45     975
183     101     13     196
184     146     16     1018
185     90     10     224
186     169     49     301
187     137     20     1071
188     7     13     197
189     188     34     1212
190     43     13     180
191     48     4     164
192     72     33     173
193     169     20     119
194     106     32     625
195     109     33     291
196     97     43     188
197     43     34     557
198     76     47     1132
199     14     39     187
200     93     31     931
