20.001     4902     4721.25
20.001     4935     4721.25
20.001     4935     4721.25
20.001     4902     4721.25
20.001     4935     4721.25
20.001     4935     4721.25
20.001     4902     4721.25
20.001     4935     4721.25
20.001     4935     4721.25
20.001     4935     4721.25
             
20.001     5145     4948.88
20.001     5101     4948.88
20.001     5101     4948.88
20.001     5145     4948.88
20.001     5145     4948.88
20.001     5145     4948.88
20.001     5145     4948.88
20.001     5101     4948.88
20.001     5101     4948.88
20.001     5145     4948.88
             
20.001     5128     4844.88
20.007     5095     4844.88
20.007     5095     4844.88
20.001     5128     4844.88
20.007     5128     4844.88
20.007     5128     4844.88
20.001     5128     4844.88
20.007     5095     4844.88
20.007     5095     4844.88
20.007     5128     4844.88
             
20.001     5219     4978.88
20.001     5228     4978.88
20.001     5228     4978.88
20.001     5219     4978.88
20.001     5228     4978.88
20.001     5228     4978.88
20.001     5219     4978.88
20.001     5228     4978.88
20.001     5228     4978.88
20.001     5228     4978.88
             
20.016     5148     4968.88
20.001     5146     4968.88
20.001     5146     4968.88
20.016     5148     4968.88
20.016     5148     4968.88
20.016     5148     4968.88
20.016     5148     4968.88
20.001     5146     4968.88
20.001     5146     4968.88
20.016     5148     4968.88
             
20.001     5186     5062.75
20.001     5217     5062.75
20.001     5217     5062.75
20.001     5186     5062.75
20.001     5217     5062.75
20.001     5217     5062.75
20.001     5186     5062.75
20.001     5217     5062.75
20.001     5217     5062.75
20.001     5217     5062.75
             
20.001     5220     5060.13
20.001     5270     5060.13
20.001     5270     5060.13
20.001     5220     5060.13
20.001     5270     5060.13
20.001     5270     5060.13
20.001     5220     5060.13
20.001     5270     5060.13
20.001     5270     5060.13
20.001     5270     5060.13
             
20.006     5061     4858.13
20.016     5053     4858.13
20.016     5053     4858.13
20.006     5061     4858.13
20.016     5061     4858.13
20.016     5061     4858.13
20.006     5061     4858.13
20.016     5053     4858.13
20.016     5053     4858.13
20.016     5061     4858.13
             
20.001     5033     4851.75
20.016     5090     4851.75
20.016     5090     4851.75
20.001     5033     4851.75
20.016     5090     4851.75
20.016     5090     4851.75
20.001     5033     4851.75
20.016     5090     4851.75
20.016     5090     4851.75
20.016     5090     4851.75
             
20.001     4899     4709.5
20.001     4897     4709.5
20.001     4897     4709.5
20.001     4899     4709.5
20.001     4899     4709.5
20.001     4899     4709.5
20.001     4899     4709.5
20.001     4897     4709.5
20.001     4897     4709.5
20.001     4899     4709.5
             
