1        8        6      402
2       14        3      254
3       13        8      697
4       13        7       43
5       10        8      305
6        4        6      592
7       12        6      566
8       15        3      602
9        3        8       89
10        5        3      387
11        9        4      227
12        8        8      606
13       14        1      625
14        8        6      329
15        6        1      647
16        6        9      296
17       13        5       46
18        5        1      415
19       10        4      585
20        7        5      493
21       12        9      482
22       15        5      349
23        3        1      108
24       12        1      627
25       12        2      199
26        6        4      244
27       12        7      638
28       13        8      664
29       14        3      463
30       13        5      583
31       12        9      222
32        8        4       80
33        4        4      402
34       15        1       94
35        9        8      434
36       12        8       72
37        6        1      128
38       15        8      344
39        6        4      650
40       13        3      107
41        5        1      641
42        9        9      487
43        7        5      456
44       10        4      697
45        4        3       75
46        8        7      598
47        3        8      616
48       13        1       58
49       12        3       71
50        3        7      686
51       15        7      532
52       10        3       68
53        6        3      386
54        4        8      409
55       12        6      451
56        9        2      176
57       15        2      165
58        8        2       91
59       11        8      451
60       11        5      331
61       14        4      390
62        4        8      142
63        5        1      150
64       11        6      615
65       11        9      257
66       15        7      453
67       14        5       69
68        5        3      687
69       11        5      272
70       15        8      186
71       10        2      184
72        9        1       28
73        6        7      315
74       12        9      324
75        7        2      286
76        6        7      229
77        4        3      446
78        3        7      195
79        7        1      510
80        3        5      577
81        3        3       31
82       10        1      695
83        3        7      360
84        5        9      266
85       14        7      206
86       10        4      400
87        5        3      204
88       10        8      686
89        7        2      164
90       15        2       70
91       12        9      123
92       15        6      350
93       15        1      348
94        8        7      333
95        7        4      471
96       11        2      533
97        7        1      552
98       11        7      465
99        5        8      586
100       15        8       90
101       13        1      379
102        7        3      240
103       10        3      134
104        3        1      460
105       15        7      145
106        7        6       40
107       15        2      475
108       13        5      345
109       11        8       68
110        9        4      562
111        3        1      132
112       10        6      135
113        6        6      242
114        5        5      117
115       11        8      135
116       14        2      463
117        4        5      511
118        4        8      207
119        8        5       36
120        3        5      246
121        6        3      112
122        8        2      582
123        9        6       44
124       14        5      353
125       15        7      572
126       14        5      413
127       10        9      673
128       14        8       24
129       13        3      634
130       13        8      216
131        7        8      256
132       10        9      627
133       13        3      411
134        6        6      589
135        7        5      434
136       13        1      555
137       15        7      501
138       11        5       29
139        7        2      473
140       11        5      130
141       13        7       80
142        8        3      606
143        5        5       56
144       12        4        1
145       15        7       49
146       14        9      582
147        6        9       99
148        5        8      338
149       15        4      612
150       11        1      680
151       13        5      550
152       13        2       75
153        9        2      526
154       12        2      477
155        3        8      120
156       15        9      277
157        8        2      438
158       10        6       38
159       12        8       48
160        4        8      608
161        6        5      411
162        6        2      340
163       11        5      637
164        9        3      182
165       11        1      299
166       10        5       53
167        4        1      257
168        7        5      226
169        3        7      343
170       10        3      533
171        9        5       78
172        3        2      675
173       13        3      235
174       13        9      295
175        4        9      392
176        8        4      373
177       12        1      490
178       10        1      597
179       11        6      626
180        6        7      616
181        6        5      270
182        9        1      272
183       13        6      452
184        8        5        6
185       10        5      645
186       12        8      389
187       13        2      176
188        9        6      402
189       14        9      471
190        5        6       96
191       12        4      492
192       14        8      590
193        6        2      220
194        5        6      151
195        3        6      439
196        7        2       48
197        4        1      596
198       11        4      479
199       14        8      243
200        7        9      105
201        8        4      193
202       15        6      474
203        9        2      143
204       11        3      445
205       11        6      692
206       13        3       37
207       15        3      185
208        6        4      635
209       10        2      500
210       10        7      449
211       13        7      430
212       13        5      224
213       14        7      219
214       14        3      199
215       15        8      652
216       11        8      374
217        4        7      441
218        8        4      364
219       12        9      428
220       12        6      479
221       15        6      506
222       14        9       40
223       12        1      600
224        6        3      170
225        9        9      124
226        4        1      516
227        9        4      259
228        8        4      593
229        3        1      689
230       11        9      353
231        7        8      572
232        9        1       51
233        8        6      569
234        6        1      194
235        6        2      207
236        3        5      480
237       11        3      527
238       12        8      599
239        4        8      118
240        5        9      230
241       11        2      440
242        9        5      148
243       10        7      456
244        6        2       99
245       10        3      509
246        6        7      242
247        8        8      164
248        7        4      697
249        4        3       11
250        5        3      568
251        5        4      307
252        8        9      301
253        4        7      524
254        5        7      156
255        7        3       41
256        7        5      135
257        4        5      351
258       12        7       15
259       14        4      649
260        3        2      256
261       11        6      150
262       13        6      354
263        5        9      356
264       10        5      513
265        4        9      182
266       10        5      379
267        5        4      600
268        8        3      591
269        6        6      493
270       13        4      351
271        3        5      245
272        6        1      327
273       14        8      668
274        4        4      213
275        5        5      163
276        9        2      688
277        9        6       64
278       15        2      315
279       15        4      602
280       15        4      251
281       15        9      314
282       13        7      448
283        6        8      167
284        4        3      135
285       11        1      647
286        3        9      130
287       10        3      519
288        6        1      197
289        9        8      553
290       14        7      276
291       14        8      412
292        3        2      317
293       10        6      359
294        8        2       30
295        6        4      346
296       14        5      162
297       14        5      141
298       11        1      336
299        3        4      164
300        3        6      234
301        7        7       84
302        7        6      160
303       11        7      288
304        7        1      318
305       15        3      435
306       10        7      316
307        6        6      197
308        8        7      472
309        7        3      222
310        6        6      300
311        9        3       18
312        7        6      605
313        9        9      506
314       14        3      663
315       13        8      446
316        8        7      554
317       15        9      445
318       11        3      176
319        9        6      610
320        5        5      394
321        4        2      547
322        8        6      111
323        7        5      370
324       13        8      434
325       12        8      213
326        3        7      161
327        7        1      531
328        9        2      663
329       15        8      581
330        8        8      148
331        3        7      500
332       14        8        2
333       14        3       79
334        3        1      159
335        5        4      172
336        9        2      314
337       11        1      386
338       15        7      509
339       15        9      192
340        7        1      547
341        7        7       65
342        3        5       40
343       12        2      470
344        5        7      151
345       15        2      435
346       11        1      459
347       12        2      537
348       13        8      241
349       13        3      634
350        3        8       80
351        9        6      621
352        5        9      119
353        7        4      576
354        9        7      548
355        3        6      201
356       10        8      300
357       14        8      679
358        8        3      356
359        7        1      399
360       13        7      635
361        8        8      230
362        5        1      321
363       12        8      192
364        3        7      699
365        3        5      127
366       15        5      614
367        6        7      325
368        9        5      223
369       12        5      364
370        9        7      128
371        8        1      401
372        6        4      476
373        3        5      521
374       12        8      478
375       14        9      448
376       14        7      272
377       15        1      246
378        3        7      463
379       15        8       52
380        8        1      417
381        6        5      236
382       12        7      421
383        7        7      402
384       12        2      191
385       10        9      613
386        9        8       63
387        4        8      334
388       13        6      222
389        9        4      110
390        8        2      661
391        7        2      378
392        5        9      291
393       10        2       81
394        3        8      602
395       11        6      448
396       10        9       64
397        9        9      462
398        9        6      622
399       11        7      147
400        4        4      410
401        6        4      469
402       10        8      290
403       11        6      464
404       15        2      167
405       15        2      692
406        9        4       28
407       12        4      614
408        3        5      141
409        3        9      642
410        5        4      283
411       10        5       90
412        5        6      546
413        7        4      125
414       15        6      515
415       11        1      435
416       11        6      216
417       11        8      356
418        6        2       48
419        9        3      585
420        3        8      238
421        3        4      329
422        3        2       85
423        5        8        0
424       10        2      167
425       13        9      285
426       10        2      327
427        5        3      292
428        3        2      250
429       14        5      627
430        6        2      247
431        8        9      506
432        5        8      559
433       12        5        1
434        9        4      693
435        6        4      373
436       15        6      534
437       15        8      396
438       11        2      697
439       12        1      466
440        4        7      521
441       15        6      260
442        7        7      211
443       13        2      401
444       11        2      263
445       15        2       48
446        5        6      473
447       12        5        5
448        6        7      694
449        6        4       67
450       15        6       44
451       11        8      422
452        3        7      336
453        6        4      412
454        6        5      268
455       11        5      660
456       14        2      118
457       12        5      458
458       12        2      612
459       13        7      367
460       11        9      344
461       13        9      442
462        4        7       86
463       15        9      105
464        4        4       17
465       10        7      617
466       13        5      322
467       10        2      340
468       10        9       30
469        4        5      596
470        5        6      125
471        9        9      273
472       13        5      401
473        4        5      659
474        4        7      219
475       14        4      159
476        5        9      512
477        3        8      598
478        5        3      241
479        3        8      604
480        9        7      482
481       14        7      170
482       12        1      273
483       11        4      536
484        3        2      241
485       11        1      107
486        8        1      187
487        7        7      232
488       10        6      365
489        3        1      340
490        8        2      285
491        4        3      138
492       14        2      347
493        3        5      572
494       12        1      697
495        8        4      253
496        9        1      649
497       15        4      372
498       14        7      205
499        4        3       96
500       11        5       86
