1        6        5       98
2        3        7      373
3        5        8       81
4       10        2       16
5        9        4      285
6        7        3      543
7       15        3      524
8       13        7      387
9        8        3      502
10        7        8      295
11        7        4      323
12       15        7      136
13       15        2      204
14       15        5      298
15        3        7      288
16        8        8      537
17       13        8      387
18        8        6       71
19        4        8      440
20       10        8      293
21       15        2      479
22       10        4      470
23        3        9      131
24        5        5      243
25        7        9      307
26        5        6      508
27        9        4      151
28        8        3      524
29        9        4      247
30        6        8      188
31        8        2      482
32       13        5      414
33       12        4      153
34       14        7      235
35       10        7       23
36        8        6      446
37        7        2       83
38        4        4      203
39       14        1      100
40        5        8      341
41        8        5      342
42        7        1      283
43       14        2      473
44        3        9      527
45        8        9      149
46       11        4       52
47        4        9      307
48        6        1      312
49       15        3      341
50        8        4      463
51        3        8       81
52        4        9      424
53       12        8      307
54       15        4       77
55       10        4      447
56        4        4      137
57       11        3      119
58        3        2      199
59        6        8      537
60       12        6      118
61       12        3      439
62        6        1      112
63        3        8       66
64        7        4      126
65        6        2      191
66        4        5       87
67       15        8      142
68        6        4      369
69        5        3      376
70       15        7        1
71        8        4        5
72        9        8      530
73       14        1      222
74        5        2      126
75       15        1      274
76        4        5      398
77       13        1      279
78        4        9      315
79        8        4       26
80       13        2      372
81       10        1      137
82       14        8      392
83        7        1      456
84       12        9      469
85       14        3       74
86        7        6      419
87       15        8      368
88        7        3      414
89        5        5      286
90       13        3      333
91        3        2      170
92       10        3       84
93        5        9        5
94        7        5      499
95        8        2       90
96       10        8      543
97        8        7      323
98       14        9      256
99        7        9      214
100        9        6      218
101       15        8      276
102       13        4      409
103       13        2      448
104       13        3      193
105        5        4      327
106        4        3      289
107        7        1      405
108        3        7      132
109        8        6      410
110        5        8      141
111       13        8      436
112       13        8      364
113        6        4      495
114       12        2      419
115       14        1      499
116       11        2      372
117       10        9      317
118       10        9      551
119        8        2      127
120       11        2      186
121        6        9       74
122        7        1      174
123       13        8      522
124       14        1      437
125        4        8      112
126        8        7       23
127       11        3      442
128       13        9      104
129        4        8      173
130        4        7       78
131       15        3      143
132       12        9      248
133       14        5       87
134       10        8      323
135       14        5      181
136        5        2      323
137        4        6      504
138        3        1      538
139        8        4      219
140        8        5       82
141        7        5      351
142        4        5      476
143       11        1      523
144        9        3      481
145       11        3      495
146       11        5      206
147       10        9      379
148        5        4      244
149        4        4      507
150       10        6      265
151        5        1      259
152       13        5      516
153       14        7      514
154        3        6      146
155        8        2      129
156       10        8      513
157       10        1        8
158        8        8       42
159       10        1      209
160        9        3      106
161        8        4      534
162        3        1      449
163        6        7      409
164       13        5      332
165       12        1      154
166        7        6       78
167       10        5       68
168        8        4      352
169       12        3      513
170       14        7      251
171       14        2      196
172        6        9      472
173       13        7      197
174       11        6      439
175        5        8      429
176        7        5       10
177        3        6       34
178        7        1      331
179       10        3       88
180       14        1       69
181        8        3      205
182       11        7       89
183        8        7      150
184       11        1      308
185        9        9      447
186        9        4       81
187        5        5       62
188       11        2      370
189        4        9       86
190       12        9      398
191       13        5      137
192        6        8      285
193        7        9      404
194        9        5      369
195       11        6      315
196        9        9       61
197       12        3      508
198       14        8      396
199        8        4      420
200       11        2      407
201        4        8      531
202        4        1      314
203        6        6      144
204        6        8      389
205        5        1       84
206       10        5      237
207       14        8      148
208       11        5      240
209       14        5      527
210       15        5      120
211        7        9      298
212        9        2      305
213        6        3      466
214        3        5      383
215        3        6       87
216        8        3      116
217       10        6      431
218       11        4      419
219        3        5       66
220        9        8      486
221       15        5      424
222        4        6       10
223        3        5      168
224       12        2      520
225        3        5      505
226       11        9      398
227        6        5       46
228        7        2       52
229       12        4      318
230       11        2      173
231        6        1       46
232       15        1      464
233        6        4      197
234       12        3      321
235        7        7      447
236        6        4       97
237        5        6      388
238        4        8      112
239        9        7      174
240        8        4      346
241        3        2      542
242        3        4       15
243       12        8      353
244        8        9       69
245        8        6      426
246       10        9      235
247       14        9      157
248        8        3      537
249        3        9      341
250        8        1      304
251       14        4       13
252        8        6      357
253        4        1      393
254       12        9       38
255       10        4      247
256        7        4      388
257        8        4      517
258        3        2      104
259       11        8      114
260        6        1      289
261       15        5       95
262       12        8      543
263        8        1      267
264        8        3      492
265       15        6       15
266        7        2       70
267        8        1      360
268        4        3      334
269        9        2      470
270        9        9      487
271        5        3       52
272       11        5      505
273        4        1      119
274        9        5      263
275       14        4      476
276       10        2      212
277       12        2      517
278        5        5      221
279       14        3      201
280        7        3      110
281        8        2      158
282       13        3      544
283        9        7      151
284       10        3      504
285       15        7      398
286        3        4      218
287        3        6      221
288        7        2      312
289       10        9      135
290       10        2       63
291        3        5      503
292       14        6      475
293       10        2      239
294        4        5      419
295       15        8      193
296        8        5      155
297       11        7      106
298        6        6      475
299        8        3      324
300        4        9      297
301       15        9      433
302        3        7      162
303        4        4      181
304       13        3      485
305        6        7      115
306        7        1      215
307        4        9      316
308       11        4       44
309        8        4      356
310       10        1      549
311       10        7      211
312       11        6      377
313        4        5      388
314        8        5      300
315        3        7      104
316       12        5      263
317       13        7      489
318        7        9      222
319        3        6      540
320       14        3      261
321        7        5      271
322       15        6       60
323        3        6      525
324       10        5      435
325        9        6      286
326        3        3        1
327       14        1      544
328       14        9      316
329       15        4      349
330        7        8      447
331       10        8       99
332       15        9      365
333       13        6      118
334        4        2      329
335       14        4       59
336        8        4      101
337       15        8      194
338       12        9      337
339        4        7       49
340       12        4      453
341        4        9      102
342        5        1      355
343       10        8      530
344        7        2       66
345       13        6      390
346       10        9      442
347       15        2       23
348       14        2      545
349       15        4      249
350        5        2      154
351        9        1      450
352        6        4      346
353        4        9      397
354        3        4      133
355        5        2       67
356        8        8      464
357        5        2      165
358        3        8      473
359       15        4      338
360        4        2      328
361        4        5      440
362       12        6      162
363        4        9      429
364        4        6      528
365       12        4      108
366        7        3      508
367       14        5      188
368        6        4       66
369       11        6      186
370        7        7      196
371        4        9      179
372       15        6       40
373        4        3       52
374       11        1       64
375        3        8        0
376        8        2      210
377        5        2      444
378       13        8      499
379       15        9      238
380       15        8      326
381       15        8      207
382        7        1      502
383        9        1      457
384       14        6      376
385       10        1       50
386       11        5      284
387       10        2      450
388       14        2      227
389        9        2       91
390        3        2       44
391        6        3      245
392       10        5      142
393        3        1      339
394        5        8      204
395       12        6      426
396        5        7       50
397       15        1      171
398        7        4      451
399        8        1      369
400       15        7      435
401        6        9      237
402        9        9      272
403        6        1      234
404        9        8      437
405       13        1      140
406       14        9       82
407       12        3      323
408        3        9      129
409        9        9      191
410        9        2      256
411       14        8       99
412        6        4      360
413       10        9       73
414        5        2      434
415        6        6      159
416       10        6      455
417       15        6       85
418        9        5       15
419        8        7       10
420       10        6       11
421        3        8      120
422        3        1       64
423        4        7      290
424       11        6       55
425       14        7      271
426        5        6      261
427        9        2      433
428        5        5      420
429       14        5      115
430       11        1      295
431        3        1      506
432        8        3      257
433        5        9      306
434       11        2      149
435        4        3      117
436        3        5       83
437       15        7      544
438       13        3      147
439        3        1      292
440        3        6      494
441       15        4      390
442       13        4        7
443       14        2      191
444        8        5      412
445        6        5      306
446       11        6      102
447        8        6      164
448        5        3      230
449        6        3      366
450       15        4      296
451        7        8      323
452        6        8      273
453       14        7      397
454        8        8       63
455       14        8      545
456        6        6      258
457        6        5      475
458        8        7      181
459       14        7      220
460       13        6       38
461       11        7      341
462       15        8      158
463        5        9      103
464       10        3      331
465        6        4      466
466        3        1      171
467        9        8      365
468        8        4      451
469       14        1      224
470        3        7      129
471        8        2      259
472       11        5       66
473       12        3      409
474       10        6      258
475        4        4      169
476       13        9      125
477        7        2      543
478       12        7      346
479        6        2      178
480        3        1      397
481       11        9       22
482        6        2       45
483        6        5      229
484        3        1       37
485       12        9      153
486        7        8      151
487        7        6      434
488        7        3      288
489        5        4      352
490       13        5       20
491       11        2      433
492       14        3      383
493       10        8      232
494       15        2      545
495       15        8      119
496        9        4      298
497       15        7       51
498       13        9       90
499        9        2      282
500        9        9       20
