5     2382     2328.5
5     2382     2328.5
5     2382     2328.5
5     2382     2328.5
5     2382     2328.5
5     2382     2328.5
5     2382     2328.5
5     2382     2328.5
5     2382     2328.5
5     2382     2328.5
             
5     2399     2348.5
5     2399     2348.5
5     2399     2348.5
5     2399     2348.5
5     2399     2348.5
5     2399     2348.5
5     2399     2348.5
5     2399     2348.5
5     2399     2348.5
5     2399     2348.5
             
5     2731     2574
5     2731     2574
5     2731     2574
5     2731     2574
5     2731     2574
5     2731     2574
5     2731     2574
5     2731     2574
5     2731     2574
5     2731     2574
             
5     2632     2548.5
5     2650     2548.5
5     2632     2548.5
5     2632     2548.5
5     2650     2548.5
5     2650     2548.5
5     2632     2548.5
5     2632     2548.5
5     2650     2548.5
5     2650     2548.5
             
5     2490     2390
5     2447     2390
5     2487     2390
5     2487     2390
5     2490     2390
5     2490     2390
5     2487     2390
5     2487     2390
5     2447     2390
5     2490     2390
             
5     2366     2289.5
5     2357     2289.5
5     2357     2289.5
5     2357     2289.5
5     2366     2289.5
5     2366     2289.5
5     2357     2289.5
5     2357     2289.5
5     2357     2289.5
5     2366     2289.5
             
5.001     2208     2153
5     2214     2153
5     2203     2153
5     2214     2153
5.001     2208     2153
5.001     2208     2153
5     2214     2153
5     2203     2153
5     2214     2153
5.001     2214     2153
             
5     2523     2508.5
5.001     2562     2508.5
5     2520     2508.5
5     2520     2508.5
5.001     2562     2508.5
5.001     2562     2508.5
5     2520     2508.5
5     2520     2508.5
5.001     2562     2508.5
5.001     2562     2508.5
             
5.002     2585     2492.5
5     2579     2492.5
5     2574     2492.5
5     2585     2492.5
5.002     2579     2492.5
5.002     2579     2492.5
5     2585     2492.5
5     2574     2492.5
5     2579     2492.5
5.002     2585     2492.5
             
5     2260     2251.5
5     2267     2251.5
5     2259     2251.5
5     2259     2251.5
5     2267     2251.5
5     2267     2251.5
5     2259     2251.5
5     2259     2251.5
5     2267     2251.5
5     2267     2251.5
             
