1     5     25     967
2     23     4     4665
3     48     40     1449
4     45     30     1912
5     1     23     374
6     20     25     1404
7     4     30     1854
8     48     34     838
9     25     8     3024
10     31     41     2702
11     32     2     230
12     6     48     1578
13     29     29     2040
14     3     8     4745
15     2     1     109
16     15     34     4822
17     5     18     31
18     20     35     5482
19     35     48     355
20     2     29     6277
21     39     11     1466
22     40     27     1766
23     15     15     4430
24     40     4     1102
25     13     23     2894
26     42     34     3714
27     12     20     653
28     38     13     3438
29     49     24     17
30     30     19     3205
31     43     10     781
32     30     14     1918
33     3     5     1071
34     43     27     6043
35     36     1     118
36     45     22     4946
37     14     45     552
38     37     25     299
39     43     41     6001
40     44     5     181
41     30     22     5432
42     17     31     1435
43     2     16     1129
44     13     16     2787
45     1     4     157
46     4     19     522
47     20     32     1227
48     8     2     896
49     28     40     5551
50     48     40     50
51     7     41     2817
52     31     19     2538
53     14     33     1771
54     16     16     4911
55     21     34     633
56     22     48     5000
57     1     33     1443
58     5     33     2616
59     43     41     2988
60     43     12     3001
61     36     38     1078
62     1     36     3055
63     34     12     689
64     32     22     4021
65     37     1     682
66     6     1     494
67     39     6     1840
68     16     8     5223
69     8     48     509
70     48     24     4313
71     7     21     747
72     43     19     5721
73     46     25     768
74     21     47     6269
75     11     41     935
76     14     19     986
77     5     22     243
78     6     12     5088
79     46     15     564
80     40     34     701
81     40     6     5018
82     46     27     410
83     20     15     2514
84     27     31     2167
85     8     33     5032
86     16     32     463
87     1     7     1713
88     14     10     4209
89     27     29     90
90     44     48     568
91     6     37     3674
92     46     33     694
93     12     7     6082
94     44     23     34
95     19     26     3387
96     32     5     1406
97     24     19     4142
98     41     44     1161
99     34     47     23
100     11     19     3387
101     30     22     599
102     28     25     1080
103     44     47     394
104     16     6     3305
105     41     20     527
106     9     27     1288
107     37     30     3369
108     3     13     558
109     47     2     2713
110     26     29     3565
111     35     22     552
112     39     23     6154
113     6     41     589
114     1     30     4699
115     29     4     1043
116     26     44     4031
117     3     47     1163
118     3     25     972
119     1     30     5940
120     28     8     839
121     33     8     1128
122     9     31     2885
123     17     29     826
124     42     18     4053
125     28     47     1507
126     22     5     3658
127     28     30     1176
128     8     13     431
129     7     40     3654
130     44     47     63
131     30     3     4956
132     3     17     743
133     3     11     113
134     36     44     3240
135     30     14     38
136     39     37     3028
137     12     32     1176
138     44     49     4115
139     47     11     271
140     24     1     3425
141     31     5     1479
142     25     33     4281
143     2     34     353
144     12     34     4935
145     13     46     633
146     35     6     3738
147     11     24     896
148     7     41     4783
149     35     32     357
150     23     43     1942
151     46     3     6166
152     33     6     1010
153     40     7     1428
154     18     43     2331
155     38     47     1895
156     49     7     3544
157     11     16     1510
158     22     11     5925
159     42     41     1094
160     13     26     4621
161     30     4     1258
162     7     44     4323
163     29     49     1075
164     34     48     3471
165     33     39     583
166     10     26     748
167     35     15     5372
168     11     29     954
169     13     23     4491
170     31     6     127
171     21     28     2662
172     24     31     2607
173     22     45     2102
174     12     23     2222
175     33     37     693
176     31     38     4131
177     22     15     1389
178     13     17     5169
179     17     20     1339
180     39     3     1101
181     31     15     4840
182     46     35     448
183     38     12     452
184     48     22     473
185     36     3     5854
186     45     18     224
187     19     43     2626
188     22     28     2627
189     12     34     1026
190     17     12     865
191     25     39     484
192     24     37     2677
193     3     16     1642
194     1     27     6267
195     9     32     1504
196     21     17     4075
197     4     10     1078
198     2     49     4233
199     48     10     407
200     47     25     3112
201     17     42     5662
202     12     39     1232
203     12     44     3554
204     9     3     1040
205     38     42     3545
206     36     45     1464
207     17     26     5181
208     24     14     44
209     28     6     4658
210     31     46     660
211     44     1     5537
212     44     41     1394
213     28     37     2090
214     39     43     1684
215     48     20     2328
216     21     35     2011
217     35     26     3962
218     48     4     647
219     35     2     2399
220     38     13     4447
221     45     34     615
222     3     49     4944
223     23     21     247
224     47     30     1479
225     7     11     2996
226     30     24     6055
227     44     45     1222
228     42     6     4386
229     27     44     83
230     32     41     2557
231     21     12     5440
232     23     40     184
233     49     3     6043
234     10     22     410
235     25     24     398
236     17     40     2606
237     7     10     642
238     9     49     5324
239     43     44     1225
240     21     26     3403
241     42     3     609
242     13     4     626
243     6     10     4374
244     39     27     1507
245     31     45     4472
246     16     10     980
247     20     9     5953
248     37     49     479
249     39     22     3777
250     45     21     721
251     43     41     5331
252     39     33     57
253     31     16     3427
254     12     6     86
255     14     3     6207
256     44     14     486
257     17     37     3644
258     39     29     1452
259     26     5     2000
260     45     17     1268
261     6     28     3046
262     38     35     6014
263     22     39     866
264     22     21     2846
265     11     6     5318
266     3     24     975
267     28     38     1346
268     34     16     5613
269     7     12     107
270     11     47     1378
271     25     37     5040
272     22     2     755
273     27     19     5634
274     27     14     456
275     48     33     959
276     13     32     5679
277     39     23     256
278     34     9     5554
279     37     19     529
280     1     18     4659
281     41     29     547
282     44     9     6286
283     5     32     1523
284     45     48     5714
285     48     8     1177
286     37     46     730
287     43     17     2327
288     3     11     4113
289     38     30     383
290     22     48     5875
291     43     27     791
292     17     14     5071
293     6     42     1005
294     38     35     425
295     23     48     4618
296     6     34     133
297     14     4     4626
298     32     35     1256
299     43     9     5633
300     34     24     1404
301     39     43     5643
302     5     41     730
303     35     36     2144
304     40     32     3215
305     39     15     657
306     18     29     2043
307     34     47     5744
308     12     39     1210
309     9     48     3990
310     44     7     1155
311     4     13     4133
312     23     25     1548
313     49     36     4413
314     44     42     1536
315     40     38     1729
316     10     37     3023
317     1     28     2283
318     17     21     1766
319     14     18     4750
320     11     39     1033
321     35     34     2848
322     32     15     2828
323     34     16     3898
324     8     2     1407
325     12     32     5033
326     26     39     65
327     14     33     5021
328     11     48     695
329     17     21     902
330     45     23     4350
331     19     49     581
332     24     18     3108
333     41     25     677
334     46     22     4395
335     7     18     138
336     13     36     2025
337     38     6     97
338     10     21     5647
339     40     48     457
340     6     32     3357
341     17     3     182
342     10     40     5509
343     4     8     518
344     15     18     2883
345     40     29     35
346     38     32     4372
347     39     26     1452
348     47     46     376
349     32     41     3148
350     21     31     4418
351     9     41     1048
352     33     16     786
353     15     30     4971
354     48     27     1551
355     9     36     2665
356     39     38     1486
357     37     13     784
358     41     22     4397
359     10     35     1489
360     24     21     984
361     45     5     4662
362     1     37     903
363     44     27     2809
364     48     14     142
365     10     22     4863
366     4     5     1551
367     35     48     4805
368     47     27     1010
369     19     18     793
370     4     22     2285
371     15     14     6009
372     21     34     1299
373     14     29     5895
374     48     33     1481
375     1     13     3946
376     3     9     172
377     42     27     3709
378     7     13     319
379     42     43     6072
380     48     13     278
381     32     43     2356
382     10     28     2284
383     6     8     4645
384     43     43     919
385     26     39     123
386     7     23     3817
387     12     7     1042
388     38     33     3254
389     20     42     402
390     17     1     6247
391     10     3     466
392     23     12     1181
393     34     25     5872
394     17     23     537
395     30     21     4203
396     45     46     1093
397     15     34     4772
398     47     22     1433
399     20     14     4697
400     49     36     27
401     11     4     3907
402     44     12     1119
403     4     39     5392
404     46     7     1115
405     27     49     4832
406     15     3     293
407     45     48     2815
408     13     20     2429
409     25     38     2544
410     13     12     1339
411     26     15     3541
412     35     30     1052
413     35     29     4947
414     10     45     209
415     9     1     19
416     22     11     2168
417     48     46     40
418     49     22     5905
419     38     34     1198
420     37     6     362
421     46     19     571
422     48     9     1478
423     10     34     411
424     25     32     6184
425     24     23     620
426     11     6     5199
427     37     36     245
428     15     7     3400
429     44     29     127
430     47     17     4720
431     9     21     906
432     27     46     4119
433     9     30     624
434     11     30     6311
435     5     17     783
436     8     43     4239
437     31     48     355
438     46     10     2637
439     18     48     846
440     49     12     4838
441     14     32     1120
442     43     49     3501
443     31     43     189
444     44     12     4949
445     14     10     1573
446     37     18     1510
447     28     11     353
448     46     28     4741
449     22     15     1514
450     27     28     4114
451     45     21     1086
452     5     40     541
453     3     41     5118
454     46     48     502
455     41     29     2792
456     28     33     4603
457     13     10     1082
458     20     26     6053
459     39     13     833
460     8     18     1132
461     41     6     5391
462     15     42     625
463     30     14     3767
464     37     5     65
465     29     37     5792
466     33     37     539
467     41     46     5772
468     27     20     1021
469     9     13     493
470     13     38     742
471     5     5     4031
472     10     15     589
473     7     6     1867
474     35     34     5704
475     7     38     1479
476     6     1     4653
477     14     20     571
478     3     28     4953
479     48     24     1505
480     26     13     3816
481     39     40     388
482     8     47     6075
483     25     1     1147
484     42     7     2043
485     48     45     1273
486     45     28     2949
487     22     1     236
488     26     27     6
489     25     31     4552
490     38     26     244
491     23     39     1871
492     9     12     188
493     7     7     117
494     7     13     4317
495     17     41     626
496     3     20     5824
497     19     34     1455
498     40     48     4261
499     24     27     896
500     20     45     844
