1     17     33     413
2     30     25     91
3     30     46     379
4     24     43     26
5     18     29     89
6     12     6     397
7     25     44     54
8     44     8     7
9     11     28     493
10     9     22     14
11     26     46     319
12     49     2     87
13     49     46     41
14     10     3     264
15     40     21     92
16     7     2     262
17     6     4     46
18     16     10     410
19     9     9     122
20     18     48     76
21     45     29     127
22     25     46     407
23     36     33     69
24     45     19     486
25     46     40     4
26     26     49     42
27     28     14     231
28     14     12     394
29     19     38     18
30     11     45     422
31     4     47     33
32     44     1     174
33     6     3     80
34     29     15     137
35     19     49     238
36     15     15     266
37     21     1     67
38     34     43     447
39     4     40     11
40     29     3     135
41     39     45     398
42     3     10     7
43     2     44     266
44     28     28     67
45     33     29     469
46     2     10     100
47     23     35     191
48     5     2     376
49     29     13     72
50     39     49     143
51     17     10     172
52     40     6     181
53     15     46     464
54     11     39     25
55     21     16     314
56     6     13     114
57     43     27     113
58     4     12     106
59     5     16     43
60     40     16     146
61     30     6     401
62     24     13     64
63     30     47     16
64     40     44     228
65     44     17     192
66     26     29     187
67     39     18     486
68     41     10     38
69     7     32     27
70     15     44     19
71     46     44     451
72     10     22     103
73     8     20     272
74     34     24     95
75     33     10     91
76     12     40     386
77     21     20     105
78     36     48     160
79     36     16     50
80     10     1     362
81     23     34     5
82     18     2     57
83     19     39     365
84     44     47     102
85     5     48     141
86     6     42     180
87     5     26     323
88     32     8     37
89     36     28     381
90     34     12     16
91     21     22     396
92     40     2     13
93     43     41     485
94     18     45     12
95     42     5     457
96     9     18     15
97     43     41     283
98     8     19     89
99     14     10     149
100     49     48     388
101     33     34     64
102     11     29     264
103     25     43     15
104     11     39     190
105     4     8     243
106     13     47     90
107     5     35     19
108     8     14     257
109     42     6     19
110     3     45     117
111     20     18     329
112     29     23     34
113     16     38     249
114     11     34     55
115     39     21     200
116     1     40     403
117     34     31     112
118     7     22     366
119     48     25     80
120     36     11     239
121     5     6     140
122     23     18     467
123     15     14     16
124     12     25     332
125     29     12     9
126     20     10     488
127     36     29     33
128     1     43     34
129     29     17     358
130     12     44     50
131     46     31     198
132     25     17     97
133     25     17     376
134     46     26     107
135     7     3     248
136     11     25     13
137     25     27     401
138     31     21     93
139     45     1     134
140     29     47     307
141     36     6     29
142     24     39     220
143     36     46     117
144     20     13     259
145     5     21     20
146     25     25     6
147     40     26     368
148     22     17     72
149     11     11     255
150     34     1     29
151     30     28     338
152     44     24     44
153     40     1     58
154     26     41     187
155     7     28     36
156     29     44     267
157     23     42     54
158     18     41     285
159     46     40     53
160     32     49     234
161     35     25     97
162     37     31     455
163     36     43     111
164     34     42     427
165     5     16     85
166     15     20     363
167     34     20     39
168     11     23     323
169     19     24     28
170     49     41     265
171     35     7     74
172     34     18     149
173     7     30     176
174     17     10     489
175     20     3     10
176     22     23     92
177     12     17     279
178     14     20     108
179     21     36     431
180     23     13     17
181     31     10     197
182     39     29     325
183     48     30     80
184     32     36     309
185     37     17     110
186     40     49     244
187     31     39     37
188     18     1     245
189     3     40     296
190     28     9     52
191     29     10     269
192     41     34     3
193     44     9     261
194     48     14     113
195     35     15     318
196     5     39     85
197     46     45     160
198     28     15     93
199     37     29     285
200     5     5     51
