1     20     24     995
2     78     26     313
3     35     17     200
4     62     8     415
5     31     13     1338
6     60     34     166
7     90     45     1430
8     10     6     215
9     53     28     105
10     34     32     169
11     17     23     332
12     36     11     798
13     44     38     388
14     87     14     771
15     71     35     1218
16     76     47     4
17     70     26     1099
18     44     37     177
19     56     37     1005
20     51     45     107
21     36     20     1482
22     13     49     225
23     28     42     921
24     89     21     252
25     70     5     993
26     23     15     383
27     65     49     1343
28     4     32     200
29     26     2     889
30     23     40     33
31     62     6     1335
32     30     36     186
33     52     11     155
34     21     37     458
35     84     23     1484
36     96     1     124
37     83     22     153
38     90     26     1222
39     93     46     293
40     58     9     692
41     18     16     1088
42     62     20     156
43     29     30     567
44     12     36     570
45     95     21     1149
46     68     2     117
47     86     46     286
48     56     10     1084
49     40     20     164
50     95     9     822
51     6     10     368
52     31     35     1323
53     34     14     7
54     78     17     1340
55     11     12     273
56     90     3     671
57     79     17     331
58     32     40     639
59     4     38     673
60     96     20     32
61     62     1     1532
62     69     38     356
63     62     11     1494
64     93     32     190
65     77     25     1318
66     19     4     252
67     96     19     1110
68     80     18     237
69     2     28     645
70     47     41     1105
71     94     33     119
72     69     37     180
73     64     24     1481
74     70     2     223
75     83     15     665
76     82     48     1184
77     3     28     310
78     34     14     215
79     38     44     1567
80     43     13     93
81     4     23     292
82     18     33     856
83     10     31     245
84     86     4     1152
85     49     17     97
86     15     21     1128
87     24     36     16
88     39     41     274
89     23     4     992
90     53     8     322
91     31     37     353
92     99     14     528
93     73     31     1531
94     38     12     180
95     46     19     355
96     8     36     217
97     61     47     890
98     79     6     13
99     73     20     505
100     23     16     1210
101     40     2     85
102     99     14     1507
103     53     24     286
104     72     49     0
105     97     42     161
106     49     45     378
107     6     45     1374
108     79     49     52
109     76     42     453
110     20     48     288
111     54     18     501
112     9     36     49
113     8     5     1115
114     59     36     27
115     12     47     618
116     41     30     900
117     2     21     267
118     46     37     901
119     53     15     3
120     20     23     33
121     60     22     1062
122     88     42     71
123     37     43     1302
124     53     29     161
125     54     45     651
126     97     19     1435
127     50     43     36
128     65     47     963
129     55     31     299
130     90     30     1059
131     95     4     363
132     95     39     1000
133     38     23     273
134     58     49     1146
135     80     11     102
136     50     3     923
137     89     24     138
138     30     13     725
139     44     24     667
140     13     31     389
141     78     13     1470
142     13     8     221
143     56     4     818
144     89     10     19
145     90     18     317
146     29     1     862
147     35     1     296
148     5     7     407
149     36     44     42
150     88     11     1541
151     70     18     39
152     46     25     1017
153     58     10     150
154     83     3     237
155     4     21     131
156     58     24     1268
157     45     41     129
158     62     18     770
159     65     48     176
160     14     47     687
161     72     16     404
162     28     36     199
163     88     29     168
164     93     14     102
165     51     31     151
166     6     8     855
167     22     40     208
168     46     36     682
169     40     30     1093
170     13     14     251
171     72     37     191
172     74     12     1335
173     34     9     274
174     67     33     278
175     64     35     573
176     86     4     1104
177     21     40     112
178     45     18     310
179     27     11     1386
180     21     49     177
181     71     37     982
182     28     21     107
183     96     35     107
184     47     30     41
185     78     46     833
186     68     18     144
187     38     44     1564
188     25     43     335
189     44     33     956
190     57     9     38
191     10     16     1260
192     41     24     370
193     95     29     1373
194     51     20     375
195     63     27     1387
196     95     9     24
197     73     17     311
198     31     48     1564
199     18     27     187
200     96     33     444
201     51     8     93
202     67     34     1066
203     80     40     269
204     73     26     628
205     68     49     676
206     79     3     448
207     15     9     29
208     94     18     787
209     62     27     272
210     65     25     1527
211     3     19     262
212     75     8     1386
213     73     5     196
214     50     11     402
215     26     22     1365
216     78     8     322
217     85     36     1368
218     31     11     328
219     97     9     94
220     27     27     727
221     33     37     80
222     32     22     930
223     2     41     228
224     37     17     726
225     95     26     1107
226     23     14     10
227     19     47     133
228     27     47     1498
229     81     8     72
230     27     26     726
231     15     15     1187
232     19     21     284
233     82     30     1199
234     2     19     391
235     82     47     1396
236     51     33     113
237     71     39     1277
238     78     30     30
239     35     24     1065
240     2     5     363
241     9     31     1489
242     84     31     19
243     28     29     162
244     48     31     204
245     71     31     755
246     75     3     587
247     26     49     513
248     30     1     1398
249     66     42     61
250     2     5     2
251     29     16     615
252     34     10     1187
253     62     29     163
254     5     17     1478
255     97     44     362
256     38     24     486
257     65     19     39
258     48     6     1514
259     68     7     367
260     56     11     1153
261     17     39     100
262     82     31     1467
263     72     37     343
264     29     43     178
265     52     22     898
266     49     16     341
267     39     15     514
268     86     47     401
269     86     1     54
270     50     28     742
271     27     37     103
272     8     4     1041
273     69     11     128
274     91     1     1380
275     73     25     0
276     60     48     862
277     95     11     134
278     61     1     1493
279     79     33     247
280     24     17     697
281     77     8     224
282     64     49     1540
283     55     5     339
284     44     5     793
285     98     27     248
286     95     22     834
287     80     9     352
288     49     19     621
289     70     33     113
290     12     12     692
291     54     47     680
292     63     47     1158
293     45     21     209
294     10     47     738
295     95     2     1459
296     99     48     218
297     3     20     17
298     65     46     1123
299     86     32     387
300     36     30     741
