30.033     14713     14414.5
30.097     14713     14414.5
30.097     14713     14414.5
30.033     14713     14414.5
30.097     14713     14414.5
30.097     14713     14414.5
30.033     14713     14414.5
30.097     14713     14414.5
30.097     14713     14414.5
30.097     14713     14414.5
             
30.003     15206     14790
30.096     15241     14790
30.096     15241     14790
30.003     15206     14790
30.096     15241     14790
30.096     15241     14790
30.003     15206     14790
30.096     15241     14790
30.096     15241     14790
30.096     15241     14790
             
30.048     15629     15215
30.066     15628     15215
30.066     15628     15215
30.048     15629     15215
30.066     15629     15215
30.066     15629     15215
30.048     15629     15215
30.066     15628     15215
30.066     15628     15215
30.066     15629     15215
             
30.050     15291     14763.5
30.049     15270     14763.5
30.049     15270     14763.5
30.050     15291     14763.5
30.050     15291     14763.5
30.050     15291     14763.5
30.050     15291     14763.5
30.049     15270     14763.5
30.049     15270     14763.5
30.050     15291     14763.5
             
30.050     14740     14590
30.017     14740     14590
30.017     14740     14590
30.050     14740     14590
30.050     14740     14590
30.050     14740     14590
30.050     14740     14590
30.017     14740     14590
30.017     14740     14590
30.050     14740     14590
             
30.097     16118     15545.5
30.062     15992     15545.5
30.062     15992     15545.5
30.097     16118     15545.5
30.097     16118     15545.5
30.097     16118     15545.5
30.097     16118     15545.5
30.062     15992     15545.5
30.062     15992     15545.5
30.097     16118     15545.5
             
30.037     15480     14934
30.001     15480     14934
30.001     15480     14934
30.037     15480     14934
30.037     15480     14934
30.037     15480     14934
30.037     15480     14934
30.001     15480     14934
30.001     15480     14934
30.037     15480     14934
             
30.062     15254     14857
30.035     15303     14857
30.035     15303     14857
30.062     15254     14857
30.062     15303     14857
30.062     15303     14857
30.062     15254     14857
30.035     15303     14857
30.035     15303     14857
30.062     15303     14857
             
30.049     14754     14404.5
30.097     14704     14404.5
30.097     14704     14404.5
30.049     14754     14404.5
30.097     14754     14404.5
30.097     14754     14404.5
30.049     14754     14404.5
30.097     14704     14404.5
30.097     14704     14404.5
30.097     14754     14404.5
             
30.064     15120     14570.5
30.035     15120     14570.5
30.035     15120     14570.5
30.064     15120     14570.5
30.064     15120     14570.5
30.064     15120     14570.5
30.064     15120     14570.5
30.035     15120     14570.5
30.035     15120     14570.5
30.064     15120     14570.5
             
