1     178     1     399
2     73     4     742
3     69     49     258
4     31     20     804
5     130     42     45
6     184     16     902
7     191     19     43
8     18     30     763
9     164     21     315
10     117     24     989
11     76     18     226
12     27     1     20
13     198     24     544
14     45     9     170
15     86     42     276
16     61     10     680
17     53     47     194
18     65     17     75
19     106     42     705
20     76     21     72
21     28     29     594
22     33     39     1191
23     166     12     88
24     73     46     527
25     80     34     510
26     42     23     1031
27     169     14     70
28     105     39     171
29     87     18     573
30     24     24     153
31     164     24     702
32     109     3     44
33     111     21     1028
34     38     47     175
35     78     23     211
36     109     35     689
37     193     46     31
38     183     33     1091
39     9     40     307
40     83     5     614
41     130     5     1077
42     76     43     39
43     173     8     19
44     134     40     83
45     48     16     930
46     97     43     285
47     199     39     151
48     153     6     1054
49     43     21     206
50     154     33     823
