5     1400     1299
5     1436     1299
5     1403     1299
5     1403     1299
5     1436     1299
5     1436     1299
5     1403     1299
5     1403     1299
5     1436     1299
5     1436     1299
             
3.375     1423     1423
5.001     1437     1423
3.656     1423     1423
3.656     1423     1423
5.001     1437     1423
5.001     1437     1423
3.656     1423     1423
3.656     1423     1423
5.001     1437     1423
5.001     1437     1423
             
5.001     1480     1418
5     1445     1418
5     1482     1418
5     1482     1418
5.001     1480     1418
5.001     1480     1418
5     1482     1418
5     1482     1418
5     1445     1418
5.001     1480     1418
             
5     1444     1355
5     1413     1355
5     1435     1355
5     1435     1355
5     1444     1355
5     1444     1355
5     1435     1355
5     1435     1355
5     1413     1355
5     1444     1355
             
5.007     1426     1395
5     1448     1395
4.563     1395     1395
4.563     1395     1395
5.007     1448     1395
5.007     1448     1395
4.563     1395     1395
4.563     1395     1395
5     1448     1395
5.007     1448     1395
             
5     1282     1111
5     1282     1111
5.001     1282     1111
5.001     1282     1111
5     1282     1111
5     1282     1111
5.001     1282     1111
5.001     1282     1111
5     1282     1111
5     1282     1111
             
5     1283     1202
5.001     1326     1202
5     1302     1202
5     1302     1202
5.001     1326     1202
5.001     1326     1202
5     1302     1202
5     1302     1202
5.001     1326     1202
5.001     1326     1202
             
0.015     1285     1285
0     1285     1285
0     1285     1285
0     1285     1285
0.015     1285     1285
0.015     1285     1285
0     1285     1285
0     1285     1285
0     1285     1285
0.015     1285     1285
             
5     1353     1203
5     1345     1203
5     1372     1203
5     1372     1203
5     1353     1203
5     1353     1203
5     1372     1203
5     1372     1203
5     1345     1203
5     1353     1203
             
5.001     1423     1274
5     1427     1274
5     1408     1274
5     1408     1274
5.001     1427     1274
5.001     1427     1274
5     1408     1274
5     1408     1274
5     1427     1274
5.001     1427     1274
             
