1     184     88     3164
2     46     18     810
3     187     29     2871
4     188     49     652
5     139     23     2074
6     84     83     399
7     82     5     2631
8     109     74     759
9     31     85     5150
10     114     65     546
11     117     98     1270
12     146     75     4086
13     41     73     498
14     129     60     4154
15     85     17     991
16     45     55     209
17     177     39     1185
18     119     25     2126
19     24     4     1851
20     162     68     3066
21     123     59     537
22     96     13     3753
23     24     29     586
24     153     44     2281
25     19     82     2569
26     179     72     2242
27     168     97     3437
28     193     38     1221
29     164     43     4516
30     23     99     459
31     26     67     2931
32     178     46     1342
33     37     64     4113
34     111     7     44
35     84     51     3770
36     73     46     386
37     117     92     3614
38     139     86     926
39     195     5     3823
40     199     4     901
41     9     51     853
42     4     14     4832
43     136     89     1068
44     199     42     3771
45     70     17     116
46     58     2     3448
47     153     49     1298
48     46     31     4986
49     81     94     322
50     172     79     3393
