1        74        65
1        74        65
1        74        65
1        74        65
1        74        65
1        74        65
1        74        65
1        74        65
1        74        65
1        74        65

1        85        68
1        85        68
1        85        68
1        85        68
1        85        68
1        85        68
1        85        68
1        85        68
1        85        68
1        85        68

0.002        84        84
0.002        84        84
0.001        84        84
0        84        84
0.001        84        84
0        84        84
0        84        84
0        84        84
0.002        84        84
0        84        84

1       156       102
1       156       102
1.001       156       102
1       156       102
1       156       102
1       156       102
1       156       102
1       156       102
1       156       102
1       156       102

1       166       107
1       166       107
1       166       107
1       166       107
1       166       107
1       166       107
1       166       107
1       166       107
1       166       107
1       166       107

1       148        98
1       148        98
1       148        98
1       148        98
1       148        98
1       148        98
1       148        98
1       148        98
1.001       148        98
1       148        98

1       129        60
1       129        60
1       129        60
1       129        60
1       129        60
1       129        60
1       129        60
1       129        60
1       129        60
1       129        60

1       157      92.8
1       157      92.8
1       157      92.8
1       157      92.8
1       157      92.8
1       157      92.8
1       157      92.8
1       157      92.8
1       157      92.8
1       157      92.8

1       153      88.8
1       153      88.8
1       153      88.8
1       153      88.8
1       153      88.8
1       153      88.8
1       153      88.8
1       153      88.8
1       153      88.8
1       153      88.8

1       125        77
1.001       125        77
1       125        77
1       125        77
1       125        77
1       125        77
1       125        77
1       125        77
1       125        77
1       125        77

