50.218     52020     51018
50.030     52020     51018
50.030     52020     51018
50.218     52020     51018
50.218     52020     51018
50.218     52020     51018
50.218     52020     51018
50.030     52020     51018
50.030     52020     51018
50.030     52020     51018
             
50.074     50143     48945
50.095     50044     48945
50.095     50044     48945
50.074     50143     48945
50.095     50044     48945
50.095     50044     48945
50.074     50143     48945
50.095     50044     48945
50.095     50044     48945
50.074     50044     48945
             
50.032     49694     48896.5
50.152     49694     48896.5
50.152     49594     48896.5
50.032     49694     48896.5
50.152     49594     48896.5
50.152     49594     48896.5
50.032     49694     48896.5
50.152     49594     48896.5
50.152     49694     48896.5
50.032     49694     48896.5
             
50.235     51119     49917
50.203     51219     49917
50.203     51219     49917
50.235     51119     49917
50.235     51119     49917
50.235     51119     49917
50.235     51119     49917
50.203     51219     49917
50.203     51219     49917
50.203     51119     49917
             
50.042     50758     49648
50.164     51057     49648
50.164     50758     49648
50.042     50758     49648
50.164     50805     49648
50.164     50805     49648
50.042     50758     49648
50.164     50758     49648
50.164     51057     49648
50.042     50758     49648
             
50.101     50389     49181
50.218     50378     49181
50.218     50378     49181
50.101     50389     49181
50.218     50389     49181
50.218     50389     49181
50.101     50389     49181
50.218     50378     49181
50.218     50378     49181
50.101     50378     49181
             
50.180     50516     49718
50.085     50715     49718
50.085     50516     49718
50.180     50516     49718
50.180     50516     49718
50.180     50516     49718
50.180     50516     49718
50.085     50516     49718
50.085     50715     49718
50.085     50516     49718
             
50.007     51174     50078
50.009     51174     50078
50.009     51174     50078
50.007     51174     50078
50.009     51174     50078
50.009     51174     50078
50.007     51174     50078
50.009     51174     50078
50.009     51174     50078
50.007     51174     50078
             
50.208     51981     50782.5
50.194     51981     50782.5
50.194     51981     50782.5
50.208     51981     50782.5
50.208     51981     50782.5
50.208     51981     50782.5
50.208     51981     50782.5
50.194     51981     50782.5
50.194     51981     50782.5
50.194     51981     50782.5
             
50.051     50769     50029
50.002     50627     50029
50.002     50627     50029
50.051     50769     50029
50.051     50627     50029
50.051     50627     50029
50.051     50769     50029
50.002     50627     50029
50.002     50627     50029
50.002     50627     50029
             
