1     11     24     209
2     24     7     2005
3     30     47     437
4     15     23     2112
5     21     40     270
6     49     24     2210
7     3     7     221
8     15     30     502
9     21     25     1508
10     46     1     247
11     10     13     2421
12     16     3     417
13     13     46     1202
14     13     29     48
15     20     8     1949
16     39     12     362
17     22     12     849
18     29     6     647
19     28     22     246
20     35     48     1820
21     15     33     590
22     23     6     2133
23     29     42     222
24     25     5     908
25     48     36     2198
26     33     32     72
27     28     38     1340
28     5     15     298
29     44     26     2451
30     19     10     646
31     30     9     1661
32     13     23     4
33     41     38     2496
34     8     41     237
35     6     34     2033
36     12     20     582
37     35     3     1424
38     46     33     244
39     35     7     2060
40     5     47     142
41     32     28     889
42     27     18     1536
43     44     12     397
44     43     47     1405
45     5     29     133
46     20     19     541
47     24     14     1659
48     32     40     397
49     49     40     1595
50     34     41     442
51     38     44     1330
52     14     21     401
53     33     25     1848
54     12     15     117
55     42     17     1214
56     49     46     1463
57     20     30     348
58     47     15     151
59     7     37     1588
60     32     25     621
61     7     30     908
62     38     24     470
63     42     26     1909
64     49     5     529
65     46     45     867
66     48     5     1713
67     14     22     524
68     25     14     326
69     2     25     2507
70     39     47     501
71     5     28     2515
72     23     33     570
73     34     43     1664
74     14     47     541
75     30     49     1259
76     41     5     2364
77     16     21     204
78     22     29     234
79     41     27     2260
80     23     17     453
81     12     42     1203
82     13     45     2392
83     11     20     261
84     7     37     653
85     32     31     2016
86     36     35     226
87     47     8     1478
88     13     16     526
89     2     16     2188
90     38     39     175
91     2     10     2508
92     43     11     608
93     44     45     2349
94     45     4     155
95     13     23     1042
96     4     23     2172
97     7     8     497
98     26     32     363
99     47     3     814
100     39     38     2490
