10.001     2714     2663
10.001     2713     2663
10     2710     2663
10     2707     2663
10     2710     2663
10     2710     2663
10     2707     2663
10     2710     2663
10.001     2713     2663
10.001     2714     2663
             
10.001     2761     2759
10.001     2761     2759
10     2761     2759
10     2761     2759
10     2761     2759
10     2761     2759
10     2761     2759
10     2761     2759
10.001     2761     2759
10.001     2761     2759
             
10.001     2395     2309.5
10.001     2395     2309.5
10     2395     2309.5
10     2395     2309.5
10     2395     2309.5
10     2395     2309.5
10     2395     2309.5
10     2395     2309.5
10.001     2395     2309.5
10.001     2395     2309.5
             
10.001     2703     2537
10.002     2703     2537
10     2707     2537
10     2707     2537
10     2707     2537
10     2707     2537
10     2707     2537
10     2707     2537
10.002     2703     2537
10.002     2703     2537
             
10.001     2500     2449
10     2500     2449
10     2500     2449
10     2493     2449
10     2500     2449
10     2500     2449
10     2493     2449
10     2500     2449
10     2500     2449
10.001     2500     2449
             
10.001     2699     2614
10     2680     2614
10     2680     2614
10     2680     2614
10     2680     2614
10     2680     2614
10     2680     2614
10     2680     2614
10     2680     2614
10.001     2699     2614
             
10.001     2786     2745
10     2786     2745
10     2786     2745
10     2786     2745
10     2786     2745
10     2786     2745
10     2786     2745
10     2786     2745
10     2786     2745
10.001     2786     2745
             
10.001     2748     2561.5
10.001     2748     2561.5
10     2748     2561.5
10     2768     2561.5
10     2768     2561.5
10     2768     2561.5
10     2768     2561.5
10     2748     2561.5
10.001     2748     2561.5
10.001     2748     2561.5
             
10     2393     2301
10     2398     2301
10.001     2393     2301
10.001     2393     2301
10.001     2393     2301
10.001     2393     2301
10.001     2393     2301
10.001     2393     2301
10     2398     2301
10     2398     2301
             
10.001     2810     2655
10.001     2810     2655
10     2801     2655
10     2799     2655
10     2801     2655
10     2801     2655
10     2799     2655
10     2801     2655
10.001     2810     2655
10.001     2810     2655
             
