1        6        2        7
2       13        9       10
3       15        8       13
4        5        9       11
5       13        3       25
6       10        2        9
7        3        2        2
8        7        3       25
9       11        4       15
10        7        3       17
11        7        6        6
12        7        3        1
13       15        3       14
14        9        3        5
15       12        7       12
16       12        7       17
17        4        4       16
18        6        6       18
19        6        2        1
20        4        4        8
21        6        7       25
22       14        5        1
23       13        6       15
24       14        7       25
25       12        2       19
26       14        4       15
27       10        2        4
28        4        9        5
29        5        1        0
30       11        5        6
31       13        5       15
32        6        4       15
33        6        8        5
34       12        6        2
35        4        9        6
36        8        4        5
37        5        7       19
38        5        4       10
39        7        3        5
40        4        7       23
41        3        2       11
42        6        7        6
43       10        9        9
44        8        2       13
45        6        8       19
46        7        9       10
47        9        2       22
48        6        3       18
49        3        3        6
50       15        3       23
