1     54     4     1860
2     64     35     683
3     90     35     1225
4     25     23     1307
5     29     47     1183
6     89     30     1262
7     89     48     4019
8     28     26     738
9     82     30     3594
10     8     25     410
11     54     20     838
12     98     37     3166
13     76     40     37
14     48     28     1072
15     83     26     1554
16     94     13     3990
17     86     29     5
18     1     34     2500
19     54     3     137
20     1     45     1286
21     43     20     746
22     18     10     1626
23     85     4     574
24     45     4     608
25     96     21     1428
26     46     29     111
27     13     12     3990
28     70     21     154
29     25     37     992
30     51     34     2662
31     42     35     974
32     35     29     3157
33     82     35     389
34     30     12     2467
35     18     14     349
36     29     32     1225
37     84     8     515
38     45     31     983
39     7     30     421
40     33     19     829
41     75     39     2916
42     53     29     182
43     23     24     3194
44     72     49     68
45     88     42     1750
46     69     35     2366
47     53     24     944
48     38     30     2822
49     3     42     878
50     93     28     3895
51     69     44     100
52     48     21     485
53     77     4     500
54     44     22     224
55     9     35     427
56     74     33     509
57     62     46     914
58     51     33     843
59     68     30     2412
60     23     24     195
61     16     39     2565
62     67     8     192
63     9     42     3461
64     35     28     206
65     57     10     1473
66     48     23     2591
67     12     26     337
68     47     21     1452
69     14     35     1656
70     32     28     525
71     45     27     112
72     52     34     3284
73     43     44     262
74     71     4     1427
75     37     36     2214
76     11     29     520
77     79     13     197
78     79     47     110
79     78     10     2499
80     35     25     349
81     1     46     566
82     10     40     1757
83     90     4     1887
84     50     16     1537
85     58     4     1051
86     93     6     3498
87     97     9     552
88     4     37     2032
89     56     22     1045
90     1     47     3945
91     84     5     26
92     43     10     728
93     74     24     2654
94     44     47     658
95     81     48     1264
96     89     14     3447
97     54     18     491
98     70     29     3118
99     1     10     673
100     22     14     1566
101     35     40     4032
102     24     22     556
103     13     17     22
104     37     48     2831
105     42     49     580
106     43     21     3181
107     33     41     901
108     58     46     2844
109     56     20     189
110     93     17     1252
111     56     17     3284
112     82     2     530
113     29     22     1378
114     67     21     4029
115     14     38     238
116     62     17     3366
117     37     44     648
118     40     16     3786
119     7     2     531
120     22     41     2381
121     90     26     139
122     42     42     572
123     71     33     1384
124     27     25     329
125     4     23     205
126     19     44     3137
127     49     20     435
128     77     33     3331
129     20     31     390
130     65     35     3170
131     92     17     937
132     74     9     835
133     71     41     3133
134     43     49     940
135     9     47     2999
136     68     17     377
137     50     31     1531
138     31     15     660
139     2     16     1174
140     4     24     1703
141     45     21     2646
142     88     18     299
143     71     3     3571
144     30     13     18
145     96     19     494
146     52     45     386
147     50     22     812
148     56     22     2041
149     51     13     1339
150     88     21     251
151     98     17     998
152     56     17     3407
153     92     6     726
154     90     31     223
155     62     17     1879
156     13     49     2213
157     88     21     141
158     29     45     1237
159     87     30     3265
160     49     48     389
161     30     29     3434
162     94     48     1020
163     52     35     2292
164     56     19     224
165     46     17     859
166     2     35     1631
167     62     40     2126
168     67     2     145
169     10     21     3298
170     91     34     89
171     40     31     1809
172     70     28     3486
173     86     5     474
174     31     35     3443
175     31     26     114
176     15     13     1186
177     25     30     808
178     38     33     498
179     83     34     1856
180     8     16     2784
181     61     13     393
182     15     48     442
183     62     3     2413
184     30     47     53
185     37     29     1575
186     82     12     2034
187     24     13     2986
188     78     38     168
189     79     26     3345
190     32     44     2
191     79     48     8
192     97     5     3934
193     90     9     584
194     63     23     416
195     78     45     3083
196     70     9     675
197     7     22     1209
198     99     49     361
199     75     11     3250
200     49     28     425
