1     65     2     1946
2     63     31     547
3     29     3     927
4     7     8     3134
5     19     8     480
6     85     35     1679
7     22     48     3020
8     19     28     543
9     57     10     286
10     51     3     3738
11     71     9     870
12     84     20     1408
13     87     41     583
14     52     24     3757
15     35     42     453
16     68     33     2999
17     39     41     507
18     78     38     2893
19     39     49     789
20     33     44     1387
21     78     46     1441
22     26     26     2462
23     34     5     266
24     79     18     386
25     58     45     920
26     30     31     1396
27     89     15     1094
28     17     44     346
29     36     5     119
30     90     44     3483
31     73     33     229
32     68     45     902
33     24     10     2327
34     82     10     581
35     51     46     2774
36     76     19     20
37     22     4     3182
38     46     17     545
39     29     39     3379
40     2     36     118
41     43     19     1984
42     75     39     492
43     71     25     41
44     34     25     3373
45     43     6     519
46     26     20     1817
47     40     13     274
48     58     38     183
49     20     49     3553
50     15     35     132
51     16     49     590
52     69     22     2199
53     3     30     614
54     39     20     1902
55     56     45     103
56     99     39     1266
57     14     1     318
58     25     9     1288
59     52     32     1894
60     34     27     231
61     31     8     3459
62     62     40     662
63     53     13     2073
64     83     34     586
65     94     34     3783
66     29     36     60
67     20     30     1587
68     43     35     3430
69     19     11     718
70     28     36     2524
71     51     21     422
72     52     23     510
73     65     1     1233
74     47     43     2615
75     34     39     218
76     99     46     3580
77     97     24     916
78     69     36     3065
79     62     21     707
80     15     26     2543
81     3     1     14
82     27     13     2205
83     89     6     780
84     8     5     732
85     37     20     3128
86     73     44     856
87     13     30     1444
88     58     22     2342
89     85     18     525
90     55     44     3767
91     66     24     868
92     41     28     3654
93     1     35     761
94     78     18     1815
95     22     39     2393
96     48     39     801
97     50     4     669
98     51     48     517
99     25     16     594
100     71     6     3020
101     27     44     388
102     11     20     3178
103     80     7     242
104     67     45     697
105     56     33     2796
106     43     23     686
107     28     27     276
108     28     1     3335
109     12     37     514
110     82     22     1636
111     73     41     2030
112     68     24     278
113     7     35     3176
114     22     12     423
115     56     9     2346
116     27     31     916
117     15     22     1206
118     63     10     2264
119     61     45     425
120     97     37     2176
121     94     9     479
122     67     5     2327
123     81     16     725
124     93     38     3600
125     69     19     608
126     76     8     3142
127     94     1     135
128     57     19     918
129     88     25     355
130     32     36     756
131     64     7     2952
132     7     2     596
133     58     25     553
134     42     5     1693
135     94     46     470
136     30     7     2350
137     21     46     243
138     91     10     1772
139     27     48     2486
140     48     3     361
141     66     17     946
142     21     44     127
143     20     4     3762
144     24     40     148
145     53     21     2937
146     82     37     872
147     45     4     960
148     15     47     3281
149     36     12     55
150     7     17     3469
151     20     20     364
152     58     9     1249
153     95     27     356
154     51     41     1856
155     13     28     549
156     93     43     3780
157     39     2     291
158     82     42     1910
159     29     31     456
160     10     5     3700
161     2     7     356
162     37     45     3065
163     82     49     671
164     3     23     3399
165     50     27     597
166     22     43     2056
167     74     25     45
168     34     28     3315
169     19     44     190
170     91     28     2625
171     20     11     771
172     93     31     1571
173     19     20     1433
174     89     18     2966
175     41     40     711
176     41     37     458
177     24     36     2793
178     77     25     615
179     71     44     3518
180     62     16     596
181     14     17     843
182     12     35     3193
183     45     2     784
184     31     13     26
185     50     8     1090
186     4     33     2910
187     44     46     195
188     35     23     2296
189     36     14     554
190     11     17     1434
191     83     48     3709
192     73     28     322
193     12     3     664
194     81     40     611
195     46     27     2566
196     6     6     240
197     33     21     2970
198     34     26     465
199     37     34     3209
200     11     22     645
