20.079     4348     4108
20.766     4353     4108
20.766     4353     4108
20.079     4348     4108
20.766     4353     4108
20.766     4353     4108
20.079     4348     4108
20.766     4353     4108
20.766     4353     4108
20.766     4353     4108
             
20.079     4177     3877
20.673     4138     3877
20.673     4138     3877
20.079     4177     3877
20.673     4177     3877
20.673     4177     3877
20.079     4177     3877
20.673     4138     3877
20.673     4138     3877
20.673     4177     3877
             
20.516     3889     3678
20.517     3893     3678
20.517     3893     3678
20.516     3889     3678
20.517     3893     3678
20.517     3893     3678
20.516     3889     3678
20.517     3893     3678
20.517     3893     3678
20.517     3893     3678
             
20.615     3883     3785
20.736     3883     3785
20.736     3883     3785
20.615     3883     3785
20.736     3883     3785
20.736     3883     3785
20.615     3883     3785
20.736     3883     3785
20.736     3883     3785
20.736     3883     3785
             
20.579     4061     3836.2
20.142     4092     3836.2
20.142     4092     3836.2
20.579     4061     3836.2
20.579     4092     3836.2
20.579     4092     3836.2
20.579     4061     3836.2
20.142     4092     3836.2
20.142     4092     3836.2
20.579     4092     3836.2
             
20.861     4261     3963.4
20.017     4185     3963.4
20.017     4185     3963.4
20.861     4261     3963.4
20.861     4261     3963.4
20.861     4261     3963.4
20.861     4261     3963.4
20.017     4185     3963.4
20.017     4185     3963.4
20.861     4261     3963.4
             
20.579     4206     3949
20.445     4269     3949
20.445     4269     3949
20.579     4206     3949
20.579     4269     3949
20.579     4269     3949
20.579     4206     3949
20.445     4269     3949
20.445     4269     3949
20.579     4269     3949
             
20.532     4457     4160.6
20.001     4425     4160.6
20.001     4425     4160.6
20.532     4457     4160.6
20.532     4457     4160.6
20.532     4457     4160.6
20.532     4457     4160.6
20.001     4425     4160.6
20.001     4425     4160.6
20.532     4457     4160.6
             
20.814     3958     3830
20.704     3939     3830
20.704     3939     3830
20.814     3958     3830
20.814     3958     3830
20.814     3958     3830
20.814     3958     3830
20.704     3939     3830
20.704     3939     3830
20.814     3958     3830
             
0.031     4324     4324
0.047     4324     4324
0.047     4324     4324
0.031     4324     4324
0.047     4324     4324
0.047     4324     4324
0.031     4324     4324
0.047     4324     4324
0.047     4324     4324
0.047     4324     4324
             
