20.001     4330     4108
20.001     4362     4108
20.001     4362     4108
20.001     4330     4108
20.001     4362     4108
20.001     4362     4108
20.001     4330     4108
20.001     4362     4108
20.001     4362     4108
20.001     4362     4108
             
20.016     4192     3877
20.016     4192     3877
20.016     4192     3877
20.016     4192     3877
20.016     4192     3877
20.016     4192     3877
20.016     4192     3877
20.016     4192     3877
20.016     4192     3877
20.016     4192     3877
             
20.001     3897     3678
20.006     3897     3678
20.006     3897     3678
20.001     3897     3678
20.006     3897     3678
20.006     3897     3678
20.001     3897     3678
20.006     3897     3678
20.006     3897     3678
20.006     3897     3678
             
20.016     3883     3785
20.001     3880     3785
20.001     3880     3785
20.016     3883     3785
20.016     3883     3785
20.016     3883     3785
20.016     3883     3785
20.001     3880     3785
20.001     3880     3785
20.016     3883     3785
             
20.001     4094     3836.2
20.016     4094     3836.2
20.016     4094     3836.2
20.001     4094     3836.2
20.016     4094     3836.2
20.016     4094     3836.2
20.001     4094     3836.2
20.016     4094     3836.2
20.016     4094     3836.2
20.016     4094     3836.2
             
20.016     4288     3963.4
20.017     4288     3963.4
20.017     4288     3963.4
20.016     4288     3963.4
20.017     4288     3963.4
20.017     4288     3963.4
20.016     4288     3963.4
20.017     4288     3963.4
20.017     4288     3963.4
20.017     4288     3963.4
             
20.016     4269     3949
20.017     4269     3949
20.017     4269     3949
20.016     4269     3949
20.017     4269     3949
20.017     4269     3949
20.016     4269     3949
20.017     4269     3949
20.017     4269     3949
20.017     4269     3949
             
20.005     4467     4160.6
20.016     4467     4160.6
20.016     4467     4160.6
20.005     4467     4160.6
20.016     4467     4160.6
20.016     4467     4160.6
20.005     4467     4160.6
20.016     4467     4160.6
20.016     4467     4160.6
20.016     4467     4160.6
             
20.001     3971     3830
20.001     3971     3830
20.001     3971     3830
20.001     3971     3830
20.001     3971     3830
20.001     3971     3830
20.001     3971     3830
20.001     3971     3830
20.001     3971     3830
20.001     3971     3830
             
0.031     4324     4324
0.031     4324     4324
0.031     4324     4324
0.031     4324     4324
0.031     4324     4324
0.031     4324     4324
0.031     4324     4324
0.031     4324     4324
0.031     4324     4324
0.031     4324     4324
             
