1     6     33     3286
2     61     24     2559
3     73     43     1581
4     32     25     5661
5     51     46     2156
6     80     39     4912
7     50     45     112
8     104     29     1784
9     111     3     234
10     43     13     3930
11     44     49     8520
12     153     15     161
13     8     16     425
14     58     31     5228
15     14     21     382
16     139     40     5833
17     119     2     70
18     48     15     5772
19     98     5     841
20     126     6     4584
21     196     46     1956
22     158     44     3974
23     25     9     2267
24     58     7     250
25     113     34     6753
26     100     17     906
27     11     46     4797
28     184     12     1357
29     132     5     2642
30     72     9     6822
31     74     37     893
32     162     6     8339
33     22     29     2063
34     66     48     5891
35     150     38     1666
36     164     2     7328
37     169     45     757
38     15     48     6447
39     20     28     712
40     92     10     8065
41     76     30     1531
42     106     49     9009
43     135     6     2120
44     2     11     3453
45     101     6     2757
46     199     29     4323
47     54     30     5096
48     4     38     671
49     42     44     2568
50     8     41     5840
51     172     23     2118
52     125     46     7294
53     71     1     242
54     152     5     7651
55     126     42     476
56     12     31     3840
57     174     42     7178
58     189     31     1585
59     28     36     645
60     83     17     178
61     181     40     3794
62     43     26     2797
63     29     29     4985
64     105     15     1008
65     9     9     5483
66     50     36     1212
67     93     45     6591
68     45     47     1038
69     96     33     699
70     35     40     4164
71     147     13     3790
72     167     19     4971
73     35     19     930
74     14     4     2858
75     17     18     6101
76     71     13     1269
77     64     44     5177
78     162     39     1169
79     164     35     7474
80     130     30     709
81     170     21     6935
82     199     49     2201
83     121     11     2692
84     66     28     7293
85     190     46     674
86     22     6     2079
87     26     40     9081
88     103     8     2239
89     7     37     7460
90     23     39     355
91     26     45     1043
92     192     26     7401
93     74     41     2198
94     172     17     1935
95     76     2     1217
96     65     36     4664
97     96     19     457
98     136     33     3247
99     70     40     698
100     9     8     8705
101     14     23     1975
102     14     26     2635
103     78     40     7211
104     63     40     1586
105     23     45     8545
106     139     26     922
107     94     32     7247
108     64     43     1228
109     37     13     3406
110     169     9     6750
111     42     25     2182
112     166     26     5142
113     120     38     20
114     6     32     6549
115     10     19     898
116     141     3     6922
117     146     21     26
118     198     46     2899
119     32     14     436
120     62     17     7762
121     78     30     1073
122     32     17     2682
123     86     34     3149
124     30     27     148
125     194     41     4327
126     175     19     2739
127     158     32     1733
128     168     30     1394
129     143     40     2363
130     49     17     1354
131     123     7     8325
132     29     44     1281
133     14     20     2370
134     97     3     5174
135     128     22     311
136     157     39     7918
137     167     44     2045
138     51     44     8406
139     30     7     2135
140     125     47     2199
141     188     21     3876
142     37     27     2378
143     78     27     2950
144     179     49     7456
145     59     14     618
146     15     45     6017
147     43     24     357
148     29     43     5303
149     33     20     666
150     63     45     6290
151     12     43     1767
152     139     48     5738
153     60     12     2081
154     194     30     6903
155     114     35     900
156     139     37     9056
157     175     19     1155
158     61     34     570
159     167     40     4741
160     41     21     1575
161     151     1     3086
162     151     46     4466
163     152     13     2972
164     64     18     2894
165     13     43     8298
166     147     10     459
167     136     43     1428
168     146     36     9040
169     61     48     1173
170     82     40     1933
171     91     45     5984
172     52     45     1714
173     170     30     2308
174     129     27     2989
175     177     47     3154
176     87     17     8580
177     107     10     252
178     168     34     9075
179     173     48     995
180     75     37     5941
181     28     10     1368
182     158     19     8378
183     47     31     1309
184     114     27     6923
185     31     32     1306
186     129     18     1336
187     26     48     5672
188     13     46     90
189     70     43     4143
190     165     21     865
191     179     31     422
192     6     11     6799
193     48     36     404
194     191     11     6155
195     17     31     1772
196     32     8     753
197     60     19     5585
198     161     19     1195
199     58     2     33
200     110     13     2649
