1     74     21     1531
2     171     35     4269
3     189     24     3686
4     132     3     1360
5     195     37     3116
6     199     25     3643
7     71     17     2265
8     136     35     6398
9     154     36     2355
10     146     1     7082
11     27     4     2058
12     134     25     5780
13     196     40     2269
14     138     35     69
15     41     40     8239
16     58     27     469
17     163     10     8378
18     135     30     318
19     128     32     3180
20     137     2     7832
21     149     35     2090
22     128     31     7107
23     89     22     287
24     194     39     1853
25     22     43     3966
26     60     19     989
27     3     7     6784
28     35     25     1747
29     14     3     1681
30     16     29     9305
31     143     48     269
32     97     40     122
33     158     43     3411
34     56     13     7660
35     78     16     897
36     112     35     8499
37     121     5     1644
38     64     25     9444
39     102     45     1442
40     27     32     6042
41     74     5     331
42     68     49     5759
43     7     40     2384
44     62     34     1531
45     101     41     475
46     39     20     3947
47     174     34     6431
48     129     47     1
49     39     12     3955
50     18     32     8276
51     63     2     1596
52     113     19     1526
53     144     41     266
54     123     24     4785
55     178     20     1332
56     56     35     5729
57     43     19     2085
58     25     37     509
59     69     17     5735
60     195     32     1920
61     17     31     6357
62     29     21     2316
63     91     29     3372
64     28     28     8394
65     138     49     1265
66     58     9     1552
67     28     41     4369
68     61     17     406
69     56     9     9726
70     91     2     1192
71     194     6     4203
72     127     38     3211
73     33     12     4894
74     31     22     44
75     58     35     9366
76     119     7     75
77     149     25     4948
78     73     37     410
79     164     25     8466
80     26     35     13
81     146     35     9328
82     83     46     2072
83     96     13     4896
84     138     8     622
85     110     1     5455
86     172     35     2237
87     82     43     727
88     137     45     987
89     94     31     6726
90     199     45     1747
91     158     6     6692
92     64     35     228
93     163     5     7031
94     84     46     1324
95     6     14     9586
96     67     7     2210
97     109     20     3952
98     160     31     6933
99     124     32     593
100     23     23     1797
101     119     37     4029
102     10     26     4873
103     50     42     2162
104     193     49     6880
105     46     20     2337
106     65     43     5450
107     166     37     1763
108     89     31     1946
109     1     10     4941
110     120     48     766
111     61     36     4241
112     101     39     5771
113     78     30     1431
114     76     30     3665
115     99     21     9222
116     51     24     1244
117     156     40     4207
118     7     43     106
119     101     42     6137
120     180     8     750
121     117     39     4523
122     54     11     8866
123     131     14     2278
124     50     47     5685
125     111     44     2419
126     144     19     6846
127     95     7     141
128     177     27     5008
129     128     2     1641
130     119     21     9503
131     78     29     2395
132     196     40     6179
133     5     9     1480
134     22     2     6132
135     187     39     1014
136     49     25     6927
137     78     21     579
138     134     43     4966
139     39     37     1869
140     20     12     6985
141     184     26     1570
142     117     36     6930
143     131     8     888
144     47     18     2731
145     138     13     7363
146     189     4     2184
147     82     2     8885
148     87     41     1364
149     169     10     5491
150     174     36     630
151     15     2     4441
152     193     16     9423
153     67     17     1012
154     65     40     9396
155     20     7     1791
156     158     46     8945
157     167     37     83
158     14     33     16
159     9     13     513
160     45     31     3093
161     163     48     3031
162     111     20     6967
163     16     33     57
164     38     29     7586
165     159     9     2251
166     183     7     8951
167     177     17     1137
168     64     24     6344
169     72     26     1696
170     83     46     3423
171     92     5     7146
172     144     42     304
173     112     27     3991
174     133     1     2070
175     177     8     4537
176     175     26     8764
177     14     44     1363
178     166     48     3833
179     124     49     5443
180     14     5     1215
181     65     9     3786
182     117     30     2638
183     12     6     8410
184     58     26     941
185     15     47     8860
186     110     10     1367
187     192     33     1656
188     26     7     7154
189     59     46     213
190     183     11     2632
191     116     2     5729
192     123     29     1673
193     79     5     9676
194     7     39     1512
195     95     14     4234
196     25     8     9681
197     121     11     1857
198     51     7     5410
199     75     22     1682
200     135     9     4162
