20.001     20010     19597
20.016     20109     19597
20.016     20109     19597
20.001     20010     19597
20.016     20109     19597
20.016     20109     19597
20.001     20010     19597
20.016     20109     19597
20.016     20109     19597
20.016     20109     19597
             
20.001     21360     20262.5
20.005     21360     20262.5
20.005     21360     20262.5
20.001     21360     20262.5
20.005     21360     20262.5
20.005     21360     20262.5
20.001     21360     20262.5
20.005     21300     20262.5
20.005     21360     20262.5
20.005     21360     20262.5
             
20.001     19209     18986.5
20.016     19209     18986.5
20.016     19209     18986.5
20.001     19209     18986.5
20.016     19209     18986.5
20.016     19209     18986.5
20.001     19250     18986.5
20.016     19209     18986.5
20.016     19209     18986.5
20.016     19209     18986.5
             
20.001     20387     19985.5
20.001     20486     19985.5
20.001     20486     19985.5
20.001     20387     19985.5
20.001     20486     19985.5
20.001     20486     19985.5
20.001     20387     19985.5
20.001     20486     19985.5
20.001     20486     19985.5
20.001     20486     19985.5
             
20.006     20579     19876.5
20.016     20579     19876.5
20.016     20579     19876.5
20.006     20579     19876.5
20.016     20579     19876.5
20.016     20579     19876.5
20.006     20579     19876.5
20.016     20579     19876.5
20.016     20579     19876.5
20.016     20597     19876.5
             
20.001     19914     19510
20.001     19914     19510
20.001     19914     19510
20.001     19914     19510
20.001     19914     19510
20.001     19914     19510
20.001     19914     19510
20.001     19814     19510
20.001     19914     19510
20.001     19914     19510
             
20.016     21249     20744.5
20.001     21249     20744.5
20.001     21249     20744.5
20.016     21249     20744.5
20.016     21249     20744.5
20.016     21249     20744.5
20.016     21249     20744.5
20.001     21249     20744.5
20.001     21249     20744.5
20.016     21249     20744.5
             
20.001     20969     20634.5
20.001     21069     20634.5
20.001     20969     20634.5
20.001     20969     20634.5
20.001     20969     20634.5
20.001     20969     20634.5
20.001     20969     20634.5
20.001     20969     20634.5
20.001     20969     20634.5
20.001     20969     20634.5
             
20.001     20875     20171
20.016     20871     20171
20.016     20871     20171
20.001     20875     20171
20.016     20875     20171
20.016     20875     20171
20.001     20875     20171
20.016     20871     20171
20.016     20871     20171
20.016     20875     20171
             
20.001     20101     19791.5
20.016     20101     19791.5
20.016     20009     19791.5
20.001     20101     19791.5
20.016     20101     19791.5
20.016     20101     19791.5
20.001     20101     19791.5
20.016     20101     19791.5
20.016     20101     19791.5
20.016     20101     19791.5
             
