1     79     196     7985
2     63     151     1476
3     86     17     5209
4     43     158     541
5     72     172     4300
6     67     141     4611
7     26     99     2387
8     29     3     5033
9     53     111     1593
10     63     39     2280
11     92     157     4276
12     90     60     3463
13     64     2     2335
14     84     100     7886
15     78     105     342
16     26     190     8428
17     74     82     726
18     18     40     6808
19     50     78     833
20     74     90     7828
21     75     103     2147
22     56     49     1109
23     22     141     4090
24     78     60     1589
25     10     143     8553
26     35     82     1301
27     6     34     8144
28     49     136     716
29     60     45     7937
30     91     128     412
31     43     50     3564
32     2     134     1437
33     64     83     388
34     99     55     1384
35     76     105     3659
36     21     192     4373
37     69     176     9583
38     64     99     622
39     17     160     1453
40     80     29     2264
41     77     132     221
42     40     28     7295
43     68     116     1214
44     40     173     2358
45     1     40     6860
46     99     140     403
47     77     94     3318
48     99     79     3106
49     67     132     5871
50     14     192     1841
51     79     17     8664
52     10     41     1225
53     57     125     7217
54     35     189     1499
55     7     145     881
56     28     24     2183
57     5     101     6538
58     57     148     1676
59     45     191     2437
60     40     175     1922
61     35     58     3428
62     63     103     1759
63     56     38     7733
64     34     104     2388
65     64     51     2816
66     92     64     1660
67     87     63     3050
68     1     3     3832
69     28     68     1288
70     76     95     5864
71     78     86     483
72     26     62     4099
73     21     26     7363
74     9     133     1656
75     22     92     6222
76     47     45     600
77     14     62     5228
78     66     30     1984
79     52     159     7124
80     40     66     134
81     3     175     6344
82     71     146     155
83     83     4     507
84     71     47     4805
85     15     180     6322
86     68     195     1730
87     14     194     2619
88     2     21     2160
89     38     123     6277
90     36     21     971
91     27     171     5778
92     29     137     2069
93     4     197     3336
94     80     70     1227
95     20     188     1287
96     1     144     2730
97     62     135     5164
98     45     136     732
99     99     123     5161
100     4     142     2
101     32     129     2506
102     96     112     5782
103     6     18     893
104     42     119     5292
105     3     1     1527
106     55     54     9650
107     98     117     1693
108     54     70     3444
109     82     42     2694
110     46     189     963
111     2     8     1078
112     4     171     629
113     76     62     4917
114     6     26     8752
115     28     59     1939
116     11     1     7542
117     43     70     2075
118     91     173     1522
119     15     179     1316
120     31     116     6666
121     2     93     2086
122     93     52     586
123     50     5     7221
124     20     91     2157
125     93     104     6580
126     55     117     32
127     20     196     4562
128     84     145     5720
129     87     195     1843
130     6     23     3423
131     20     20     9517
132     51     45     895
133     32     53     5425
134     68     62     714
135     16     29     3659
136     44     192     4693
137     66     30     5566
138     49     101     105
139     27     146     1372
140     84     185     8214
141     16     150     614
142     35     50     1872
143     28     154     3609
144     68     119     7409
145     84     162     1463
146     27     69     7470
147     65     61     192
148     12     69     778
149     70     129     4825
150     14     101     2972
151     66     114     388
152     14     12     7106
153     43     190     1733
154     90     14     4956
155     92     68     546
156     14     158     4442
157     79     97     3900
158     37     54     2338
159     31     186     6251
160     78     169     329
161     31     33     4010
162     91     74     9377
163     47     21     2135
164     59     128     5412
165     28     94     27
166     90     75     5556
167     44     105     1094
168     28     41     707
169     84     136     9409
170     96     131     2444
171     23     3     9435
172     84     121     956
173     20     39     2496
174     31     173     6035
175     42     135     2304
176     1     199     6793
177     15     148     1940
178     11     62     108
179     76     128     6828
180     94     192     2332
181     30     64     9054
182     67     89     2388
183     2     86     4008
184     65     59     3449
185     90     117     3585
186     22     122     2833
187     74     149     1413
188     45     174     3291
189     13     159     8015
190     88     114     2306
191     3     77     3409
192     24     36     7277
193     78     117     1226
194     95     100     1989
195     63     181     3272
196     68     7     7856
197     84     91     962
198     80     83     4565
199     13     75     6180
200     65     65     12
201     23     80     4165
202     39     111     5077
203     44     18     865
204     42     83     655
205     8     8     6635
206     75     117     1994
207     5     92     570
208     55     136     8210
209     89     46     290
210     29     58     2178
211     7     39     1656
212     98     81     6846
213     50     50     444
214     76     23     4646
215     87     35     6597
216     6     121     237
217     60     56     6219
218     27     141     1388
219     1     167     9292
220     50     5     597
221     69     114     9749
222     52     34     1196
223     71     145     8129
224     55     126     1848
225     60     193     581
226     13     144     4304
227     93     92     1479
228     40     69     1916
229     68     89     1541
230     64     3     8619
231     49     86     2435
232     22     173     62
233     18     142     7005
234     94     198     1305
235     47     32     5197
236     46     119     1443
237     9     113     9587
238     49     180     2455
239     32     55     4929
240     18     114     1377
241     48     115     7528
242     22     35     1518
243     72     57     2908
244     35     181     8372
245     85     175     1148
246     35     29     6402
247     58     188     1694
248     44     29     8913
249     78     7     1529
250     93     109     7688
251     87     1     1882
252     90     120     325
253     44     19     3730
254     92     139     1320
255     69     152     8920
256     52     11     143
257     98     112     6220
258     65     55     2453
259     80     126     3406
260     72     123     3727
261     42     31     9040
262     12     184     1648
263     16     84     7970
264     66     141     1063
265     44     4     6807
266     19     32     1278
267     76     42     2128
268     44     156     6394
269     88     128     72
270     20     165     3702
271     98     141     9398
272     75     111     730
273     72     38     7335
274     69     25     1341
275     88     108     4297
276     75     150     1080
277     41     75     7695
278     13     44     444
279     17     174     9583
280     83     118     930
281     45     140     7179
282     87     14     1457
283     34     159     6729
284     84     118     110
285     27     16     3614
286     19     65     1631
287     30     107     3234
288     87     17     9559
289     75     111     989
290     39     177     9473
291     24     37     613
292     59     119     2478
293     72     44     6021
294     93     102     1900
295     1     106     5792
296     96     128     207
297     8     173     7183
298     62     37     66
299     96     147     8391
300     16     188     437
301     89     186     8549
302     76     37     2289
303     44     114     656
304     64     34     2626
305     8     164     1578
306     36     2     3073
307     80     150     1863
308     94     167     2081
309     79     92     7516
310     94     157     1025
311     4     123     6143
312     17     99     1484
313     66     99     2089
314     9     119     60
315     7     142     273
316     71     193     4347
317     79     81     1403
318     69     124     7226
319     34     64     2120
320     54     138     1286
321     63     89     2249
322     9     177     186
323     14     30     7232
324     16     146     558
325     82     134     7575
326     47     98     2445
327     12     36     6291
328     71     114     1270
329     55     164     6519
330     48     122     1954
331     23     78     9382
332     77     8     1737
333     69     195     938
334     73     43     3750
335     6     169     1462
336     74     94     678
337     81     49     1281
338     24     164     3320
339     44     102     9748
340     50     22     546
341     60     148     4476
342     81     181     2588
343     52     19     4704
344     84     142     2083
345     23     135     6299
346     37     182     1535
347     47     23     4451
348     14     137     3796
349     95     104     2323
350     61     82     7864
351     70     29     1879
352     31     154     1891
353     18     46     4327
354     24     17     760
355     57     166     2237
356     82     36     7048
357     55     105     292
358     92     146     418
359     4     106     4802
360     68     193     6126
361     91     144     1361
362     92     123     9425
363     6     86     835
364     20     136     6653
365     82     197     1203
366     19     187     8647
367     80     124     641
368     79     115     8584
369     43     73     741
370     95     51     7315
371     12     26     1802
372     66     151     5500
373     24     159     1751
374     12     118     3556
375     26     17     4272
376     78     147     9051
377     24     117     1241
378     91     142     5323
379     31     190     379
380     88     58     2450
381     99     59     327
382     2     29     1076
383     39     140     2042
384     64     124     2462
385     22     99     1067
386     72     84     2481
387     5     162     1427
388     54     169     6820
389     32     199     1067
390     55     109     5011
391     60     28     136
392     38     99     8594
393     45     19     2069
394     57     58     3599
395     76     117     8734
396     17     151     1702
397     69     158     4325
398     4     140     3587
399     11     91     7257
400     99     91     2410
401     39     182     3498
402     64     174     4863
403     22     74     5624
404     81     180     2420
405     95     158     4847
406     88     113     768
407     84     29     2657
408     84     77     3304
409     28     131     7721
410     27     164     548
411     27     157     2282
412     6     146     1822
413     48     87     5675
414     24     57     431
415     18     183     279
416     35     66     9523
417     8     99     683
418     12     42     2284
419     81     162     4905
420     4     20     8523
421     55     128     2247
422     60     65     232
423     23     43     8469
424     20     52     2412
425     44     193     5061
426     54     196     1868
427     36     189     8600
428     62     52     34
429     19     116     940
430     67     108     2965
431     67     48     5047
432     82     66     109
433     27     177     3992
434     97     125     9566
435     68     108     1997
436     58     172     2017
437     67     177     6956
438     18     153     2289
439     25     107     4216
440     61     135     7975
441     7     46     1126
442     20     46     2416
443     92     13     2543
444     67     62     2974
445     90     90     3829
446     74     194     8083
447     34     122     1480
448     44     159     8796
449     25     113     2354
450     24     32     3526
451     4     167     8426
452     16     26     293
453     31     187     6
454     26     97     2427
455     1     114     491
456     71     128     4813
457     25     183     951
458     82     168     1916
459     49     82     2151
460     11     154     7180
461     52     43     2053
462     84     174     9386
463     17     156     1560
464     58     42     8193
465     7     29     2342
466     3     48     6447
467     16     80     1565
468     89     44     3367
469     44     104     4569
470     53     171     5394
471     41     142     1267
472     10     57     9841
473     1     133     102
474     91     85     9453
475     35     162     2402
476     86     66     4614
477     46     24     6132
478     8     104     970
479     57     8     2812
480     90     20     4988
481     22     8     2177
482     16     38     6758
483     65     87     424
484     64     96     5170
485     7     87     834
486     63     28     142
487     18     117     2251
488     84     9     5626
489     93     121     324
490     9     30     2543
491     58     80     757
492     38     32     1404
493     53     62     6681
494     85     182     2289
495     61     191     7345
496     69     129     2372
497     86     84     3151
498     30     137     5737
499     83     12     2136
500     24     188     2980
