1     64     182     732
2     87     161     3783
3     63     162     12994
4     45     93     2190
5     15     13     13085
6     49     135     2624
7     19     2     3586
8     58     171     9144
9     97     55     270
10     45     125     13368
11     71     14     262
12     16     65     12581
13     2     59     1892
14     8     82     9677
15     68     113     328
16     41     35     13401
17     76     84     3481
18     26     52     6473
19     15     175     12455
20     30     106     1608
21     17     186     1118
22     84     76     10401
23     66     135     1911
24     57     75     6944
25     40     68     8943
26     34     141     1848
27     12     180     2626
28     54     58     9769
29     50     100     329
30     9     146     11821
31     99     24     3275
32     21     192     4293
33     69     199     4516
34     13     85     9072
35     18     170     2109
36     55     14     11200
37     32     30     3368
38     4     157     9392
39     95     3     2890
40     92     149     4114
41     35     26     4243
42     88     91     3719
43     26     159     14387
44     6     168     3180
45     80     128     12054
46     34     124     1199
47     74     29     10971
48     57     169     3401
49     26     4     10860
50     5     159     1509
51     99     121     926
52     67     51     1325
53     81     67     13017
54     43     138     246
55     8     98     10595
56     59     103     880
57     46     13     9058
58     7     164     1272
59     70     71     2715
60     24     93     10760
61     90     19     1920
62     29     145     11625
63     44     30     1888
64     26     88     9763
65     7     123     218
66     89     16     2209
67     58     23     13417
68     36     69     1431
69     7     193     12646
70     75     73     2619
71     82     185     13084
72     1     127     3404
73     75     167     7980
74     78     45     2816
75     48     76     6947
76     22     22     9661
77     44     141     916
78     42     138     10740
79     96     107     1305
80     98     111     14272
81     6     167     2277
82     99     28     3954
83     88     174     4278
84     95     72     13009
85     52     116     2651
86     50     146     3632
87     54     23     4967
88     20     95     14245
89     39     165     967
90     5     57     508
91     99     25     12288
92     8     100     821
93     40     198     11468
94     23     30     3569
95     91     116     3145
96     24     132     2361
97     55     18     4398
98     3     104     5869
99     2     165     11983
100     79     57     201
101     99     99     1521
102     47     166     1040
103     36     93     8737
104     40     38     295
105     71     118     7089
106     4     39     2195
107     74     95     11255
108     4     181     1898
109     71     113     4079
110     98     128     6002
111     63     7     7659
112     14     9     1457
113     56     92     2976
114     72     5     3606
115     94     39     8547
116     23     174     1202
117     47     92     11357
118     91     178     3535
119     59     66     13787
120     67     162     1623
121     6     183     10980
122     22     10     2121
123     56     172     7473
124     78     94     316
125     56     42     8923
126     8     20     1402
127     1     128     8772
128     50     151     157
129     60     31     7901
130     43     109     565
131     11     145     4495
132     49     24     5191
133     93     37     13016
134     80     118     874
135     32     110     5586
136     8     24     5100
137     81     157     8170
138     86     192     2071
139     89     87     13648
140     86     90     367
141     50     193     6759
142     20     89     7380
143     19     42     1945
144     98     33     11616
145     3     148     1317
146     87     184     2748
147     39     113     6168
148     18     116     3520
149     8     95     5209
150     36     94     12702
151     47     117     887
152     63     109     124
153     27     98     2919
154     32     172     12288
155     18     138     2492
156     78     116     9049
157     92     83     2198
158     38     176     10247
159     43     136     461
160     42     1     5597
161     75     111     11125
162     77     166     888
163     26     126     8301
164     99     180     3510
165     46     35     10425
166     36     38     1657
167     3     30     2715
168     97     10     11093
169     92     197     3102
170     93     84     2929
171     70     92     489
172     26     78     692
173     61     7     4181
174     64     152     3776
175     65     195     7478
176     48     44     1342
177     1     152     3767
178     25     94     13774
179     57     63     589
180     24     157     13089
181     10     150     596
182     34     47     5772
183     38     16     11352
184     92     184     3239
185     59     64     4448
186     90     189     6671
187     7     41     2826
188     17     140     6038
189     44     24     1038
190     84     127     3881
191     84     60     2858
192     84     26     3732
193     50     27     5115
194     20     40     6197
195     26     133     7190
196     18     9     10075
197     31     84     2085
198     11     61     2443
199     75     123     8773
200     61     123     1146
201     67     149     13475
202     68     63     2257
203     33     195     13578
204     46     97     3395
205     99     170     12177
206     76     193     1614
207     39     66     3352
208     3     49     617
209     17     35     721
210     71     55     7382
211     21     103     3026
212     80     41     2610
213     21     93     9034
214     33     165     1056
215     92     13     11337
216     4     149     887
217     27     163     12328
218     86     198     3534
219     82     164     78
220     66     17     6009
221     49     176     11749
222     68     121     3357
223     44     23     2884
224     33     101     8080
225     21     59     3260
226     46     11     14360
227     67     162     3426
228     78     113     11735
229     25     96     3573
230     15     150     8764
231     45     6     3115
232     95     191     6547
233     3     2     13719
234     83     93     943
235     64     21     3028
236     4     160     8527
237     30     9     163
238     22     74     10279
239     4     79     3535
240     14     164     6994
241     37     171     1643
242     18     83     1730
243     36     68     5101
244     32     123     13564
245     81     163     2076
246     83     138     6838
247     21     56     5258
248     88     53     592
249     71     66     3472
250     26     97     13406
251     49     16     2373
252     73     1     10622
253     41     95     2003
254     35     102     7804
255     68     170     1826
256     73     25     7168
257     30     136     13547
258     68     106     3169
259     99     116     1004
260     29     180     9687
261     67     2     3591
262     20     36     4056
263     49     163     3947
264     82     173     3616
265     47     84     13183
266     27     67     2794
267     26     198     13394
268     68     29     2766
269     89     147     2344
270     65     181     5990
271     19     112     9437
272     32     71     2687
273     21     55     4828
274     27     179     8532
275     72     198     2710
276     92     122     1050
277     43     145     12901
278     30     138     1984
279     41     50     8817
280     60     31     124
281     91     56     13754
282     36     78     2391
283     79     49     10791
284     48     171     3008
285     91     10     294
286     55     171     13660
287     13     26     3226
288     79     49     7418
289     18     71     1240
290     22     69     11622
291     1     47     495
292     10     58     6387
293     13     83     6089
294     11     3     13689
295     40     91     1583
296     63     131     12614
297     89     135     2887
298     19     152     12148
299     4     197     253
300     79     74     13161
