1     148     22     29
2     76     21     442
3     56     18     476
4     91     42     519
5     185     32     225
6     172     10     197
7     55     10     828
8     124     35     24
9     155     15     1140
10     188     44     195
11     9     11     1159
12     193     7     186
13     68     21     1223
14     5     29     47
15     1     19     477
16     129     49     307
17     191     15     355
18     26     11     610
19     171     7     958
20     100     26     239
21     181     14     163
22     115     45     649
23     160     29     118
24     65     44     432
25     136     28     568
26     85     4     310
27     56     31     1191
28     115     47     283
29     164     21     475
30     89     13     928
31     88     13     23
32     198     20     1225
33     49     27     45
34     48     15     13
35     21     49     281
36     42     24     218
37     66     46     1022
38     104     32     53
39     128     13     23
40     34     37     1155
41     13     41     38
42     50     32     307
43     31     29     1200
44     119     24     211
45     107     1     453
46     102     26     1034
47     133     27     62
48     109     15     929
49     142     41     132
50     119     27     588
