20.063     8345     8132
20.064     8352     8132
20.064     8352     8132
20.063     8353     8132
20.064     8352     8132
20.064     8352     8132
20.063     8353     8132
20.064     8352     8132
20.064     8352     8132
20.063     8345     8132
             
20.032     7959     7888
20.083     8012     7888
20.083     7959     7888
20.032     7959     7888
20.083     8000     7888
20.083     8000     7888
20.032     7959     7888
20.083     7959     7888
20.083     8012     7888
20.032     7959     7888
             
20.078     8240     7842
20.064     8242     7842
20.064     8242     7842
20.078     8240     7842
20.078     8237     7842
20.078     8237     7842
20.078     8240     7842
20.064     8242     7842
20.064     8242     7842
20.064     8240     7842
             
20.016     8019     8009
8.688     8009     8009
8.688     8009     8009
20.016     8009     8009
8.688     8009     8009
8.688     8009     8009
20.016     8009     8009
8.688     8009     8009
8.688     8009     8009
20.016     8009     8009
             
20.001     8346     8088
20.017     8361     8088
20.017     8346     8088
20.001     8346     8088
20.017     8361     8088
20.017     8361     8088
20.001     8346     8088
20.017     8346     8088
20.017     8361     8088
20.001     8346     8088
             
20.079     8282     8102
20.110     8286     8102
20.110     8280     8102
20.079     8282     8102
20.110     8280     8102
20.110     8280     8102
20.079     8282     8102
20.110     8280     8102
20.110     8286     8102
20.079     8282     8102
             
4.157     8362     8362
20.006     8401     8362
20.006     8362     8362
4.157     8362     8362
4.157     8390     8362
4.157     8390     8362
4.157     8362     8362
20.006     8362     8362
20.006     8401     8362
20.006     8362     8362
             
20.016     7992     7856
20.063     7940     7856
20.063     7940     7856
20.016     7992     7856
20.063     7940     7856
20.063     7940     7856
20.016     7992     7856
20.063     7940     7856
20.063     7940     7856
20.016     7940     7856
             
0.047     8292     8292
0.047     8292     8292
0.047     8292     8292
0.047     8292     8292
0.047     8292     8292
0.047     8292     8292
0.047     8292     8292
0.047     8292     8292
0.047     8292     8292
0.047     8292     8292
             
20.048     8015     7851
20.047     8016     7851
20.047     8016     7851
20.048     8000     7851
20.048     8016     7851
20.048     8016     7851
20.048     8000     7851
20.047     8016     7851
20.047     8016     7851
20.047     8015     7851
             
