1     8     9     2745
2     42     9     846
3     2     13     1976
4     41     11     2820
5     41     35     887
6     15     19     3257
7     41     25     221
8     26     8     4390
9     7     39     913
10     34     24     4625
11     3     3     602
12     34     12     1461
13     5     45     3925
14     13     33     515
15     37     19     1249
16     22     37     4296
17     43     33     312
18     32     19     3809
19     21     39     493
20     17     30     4835
21     45     6     78
22     14     45     2431
23     1     46     4024
24     31     27     1082
25     42     3     3571
26     4     41     76
27     24     46     1163
28     32     45     2716
29     46     31     701
30     38     26     4146
31     17     33     731
32     23     49     988
33     26     40     2421
34     2     6     1103
35     19     10     2602
36     26     45     831
37     32     29     1662
38     27     29     2795
39     37     34     1183
40     27     20     4196
41     13     37     352
42     21     20     1733
43     29     15     1182
44     39     27     565
45     3     2     2632
46     49     39     1076
47     22     17     4040
48     49     8     262
49     6     5     1442
50     28     8     2848
51     38     15     604
52     33     1     4344
53     41     9     396
54     22     32     2338
55     44     22     4876
56     5     36     755
57     14     46     4019
58     46     21     1059
59     30     8     838
60     24     24     3888
61     37     40     648
62     36     25     76
63     33     8     2698
64     27     25     1019
65     38     17     2544
66     36     48     1090
67     1     4     1758
68     31     22     1367
69     33     48     4362
70     46     15     608
71     39     6     2710
72     8     17     605
73     42     3     3321
74     1     25     1128
75     30     39     2989
76     44     42     592
77     26     41     1547
78     3     17     4792
79     2     3     831
80     2     21     3488
81     31     47     184
82     5     37     3459
83     17     5     1023
84     26     16     3881
85     30     35     1150
86     33     27     1061
87     36     22     3197
88     7     33     326
89     3     23     4065
90     2     18     1149
91     34     20     2366
92     18     31     3872
93     9     49     1003
94     32     1     1245
95     27     22     3074
96     40     2     752
97     10     4     4034
98     6     37     258
99     35     42     1225
100     29     39     60
101     1     25     4549
102     42     27     1173
103     27     17     2771
104     14     5     396
105     20     2     3475
106     46     5     836
107     39     4     2416
108     40     22     330
109     8     31     2481
110     10     5     240
111     6     43     409
112     25     6     2241
113     25     45     1764
114     23     23     2438
115     23     22     2148
116     40     4     4400
117     40     13     732
118     28     3     68
119     24     43     427
120     27     41     2322
121     11     27     1031
122     21     15     3835
123     46     20     948
124     4     25     2221
125     24     4     4472
126     22     7     1214
127     2     20     991
128     7     27     2849
129     39     22     74
130     9     20     2152
131     42     42     3351
132     9     21     681
133     14     21     1792
134     20     43     4279
135     35     8     146
136     19     10     1353
137     26     10     3891
138     35     23     266
139     18     18     3233
140     4     40     376
141     31     37     2752
142     35     25     84
143     48     42     3380
144     26     31     830
145     6     2     4280
146     29     11     463
147     8     9     1341
148     7     13     2156
149     13     20     2225
150     44     20     3533
151     3     32     517
152     31     9     3273
153     10     8     910
154     16     36     2896
155     1     47     508
156     48     23     2831
157     43     27     458
158     21     28     739
159     25     12     4828
160     17     25     823
161     44     38     157
162     28     19     3360
163     43     20     303
164     21     1     1014
165     32     27     4580
166     1     48     511
167     43     24     2170
168     46     19     4297
169     3     48     944
170     47     36     4059
171     45     13     455
172     18     47     1925
173     30     39     2813
174     11     13     514
175     6     6     3942
176     34     18     263
177     17     14     2557
178     16     34     545
179     16     19     4479
180     10     15     1167
181     32     22     3734
182     18     35     89
183     12     9     3786
184     44     7     837
185     34     22     4028
186     34     29     775
187     17     43     3318
188     32     48     1192
189     48     25     2871
190     15     2     103
191     38     15     27
192     21     38     3796
193     18     39     74
194     8     30     3218
195     22     13     951
196     2     36     802
197     22     49     2503
198     35     3     425
199     20     20     1428
200     26     21     720
201     24     6     45
202     48     46     1856
203     18     47     1781
204     19     41     4097
205     42     13     94
206     21     38     82
207     35     49     1551
208     2     41     1657
209     13     24     3838
210     35     19     189
211     31     41     39
212     30     9     1996
213     40     37     3675
214     39     12     684
215     37     36     3481
216     24     17     728
217     22     35     1001
218     22     23     384
219     44     21     4630
220     44     11     106
221     11     24     2757
222     49     44     919
223     12     25     1720
224     6     43     534
225     44     17     896
226     32     29     533
227     35     30     4568
228     3     49     234
229     46     3     1067
230     28     1     969
231     7     18     3329
232     9     22     457
233     9     48     2626
234     25     37     432
235     40     13     2307
236     4     22     267
237     23     24     586
238     2     25     4116
239     35     1     280
240     41     26     1963
241     39     47     1822
242     1     19     2279
243     10     40     892
244     31     24     1062
245     7     22     1685
246     15     27     3326
247     19     29     547
248     43     32     2679
249     38     6     827
250     25     7     1332
251     17     27     399
252     18     23     1434
253     35     39     2138
254     41     28     1808
255     46     29     2344
256     42     44     4625
257     2     25     692
258     37     29     3178
259     33     39     501
260     17     46     4197
261     22     33     253
262     43     37     2365
263     5     40     2558
264     42     49     719
265     13     44     3387
266     25     3     48
267     39     36     1805
268     4     1     527
269     8     24     3413
270     32     43     553
271     49     37     2001
272     2     22     2547
273     9     38     550
274     7     4     2942
275     5     11     1192
276     42     38     2627
277     49     25     429
278     24     7     3245
279     43     48     111
280     21     39     2928
281     5     7     956
282     17     13     2707
283     30     45     875
284     1     40     1207
285     47     29     135
286     42     45     2632
287     8     30     403
288     18     31     4791
289     48     46     1177
290     34     10     4276
291     6     24     585
292     45     7     2084
293     27     45     1559
294     16     11     4347
295     44     19     531
296     21     21     2181
297     45     2     1645
298     44     8     2504
299     21     34     326
300     1     41     2509
301     31     48     1211
302     24     18     3663
303     5     15     1030
304     27     31     24
305     25     36     2045
306     27     28     3221
307     12     20     833
308     42     19     187
309     19     10     1860
310     12     15     4458
311     45     20     212
312     38     12     2511
313     32     12     1183
314     4     31     2660
315     29     23     1186
316     24     1     4429
317     9     44     1047
318     11     41     4074
319     10     40     1208
320     5     32     4485
321     21     29     711
322     29     6     1724
323     10     25     3414
324     22     13     580
325     33     42     945
326     23     25     2014
327     7     23     2978
328     11     26     1071
329     8     3     4611
330     6     10     204
331     32     32     1209
332     25     24     2453
333     23     1     498
334     31     14     1480
335     5     15     3278
336     6     6     1211
337     43     11     552
338     2     23     1821
339     24     6     2033
340     27     49     3807
341     46     46     550
342     39     49     3254
343     38     40     1179
344     5     26     2050
345     30     31     3284
346     10     5     375
347     44     42     2047
348     33     44     421
349     27     43     2139
350     1     30     960
351     16     46     381
352     37     44     2527
353     47     34     271
354     3     14     2474
355     3     39     1118
356     24     16     1898
357     45     17     2641
358     25     12     85
359     40     9     4610
360     35     6     1210
361     33     15     899
362     19     25     2195
363     49     25     1468
364     37     15     2615
365     48     49     1113
366     32     26     1580
367     14     40     1672
368     37     29     843
369     33     22     430
370     23     49     1143
371     11     18     2570
372     23     30     370
373     17     36     2617
374     41     18     26
375     27     2     3487
376     30     1     1081
377     5     5     3552
378     30     47     275
379     37     48     2749
380     31     49     876
381     47     12     4019
382     30     47     965
383     35     30     1850
384     44     27     425
385     13     39     3808
386     25     33     715
387     18     10     2579
388     44     14     277
389     38     13     647
390     8     5     2533
391     29     40     582
392     6     37     4469
393     33     37     254
394     11     23     4340
395     9     29     548
396     45     43     2252
397     15     3     1108
398     20     12     2961
399     4     46     299
400     1     47     1508
401     42     15     1874
402     28     6     3348
403     27     9     56
404     2     37     272
405     44     34     2413
406     31     40     1247
407     3     11     1927
408     9     40     946
409     19     36     775
410     48     6     1276
411     30     7     4623
412     1     31     147
413     9     33     4332
414     2     1     268
415     1     1     2888
416     37     6     86
417     15     13     4389
418     24     19     365
419     24     12     1719
420     23     6     402
421     7     35     469
422     33     44     186
423     11     30     2237
424     27     33     882
425     2     10     1331
426     38     31     3483
427     23     45     590
428     10     4     3417
429     34     43     593
430     31     19     3523
431     21     31     1193
432     49     41     1655
433     1     24     3342
434     27     14     1138
435     42     44     2010
436     28     5     2701
437     39     16     1098
438     1     15     4833
439     23     14     93
440     38     2     2575
441     10     24     350
442     8     41     3546
443     45     21     464
444     47     13     1874
445     48     42     4680
446     34     39     679
447     14     34     3427
448     41     18     134
449     28     39     471
450     39     17     2886
451     15     45     313
452     2     7     2896
453     4     12     91
454     20     14     4078
455     6     37     71
456     20     11     3721
457     37     47     82
458     16     47     1021
459     8     7     492
460     35     17     3130
461     33     29     133
462     19     38     1625
463     24     1     4771
464     14     13     464
465     35     47     684
466     40     47     551
467     21     8     2026
468     46     35     1674
469     17     46     477
470     23     15     2516
471     30     10     676
472     33     4     330
473     24     41     604
474     9     22     1090
475     43     9     297
476     17     47     119
477     27     20     667
478     38     21     3783
479     27     31     1000
480     44     32     4831
481     46     8     726
482     13     45     2935
483     31     4     1200
484     30     12     285
485     13     16     2133
486     1     45     667
487     9     10     4102
488     10     41     128
489     17     43     284
490     21     23     37
491     12     40     1515
492     28     20     437
493     9     40     2486
494     46     48     647
495     44     29     3053
496     3     2     683
497     12     40     3332
498     23     8     479
499     2     30     915
500     16     36     1653
