1       159       155
1       159       155
1       159       155
1       159       155
1       159       155
1       159       155
1       159       155
1       159       155
1       159       155
1       159       155

1       199       194
1       199       194
1       199       194
1       199       194
1       199       194
1       199       194
1       199       194
1       199       194
1       199       194
1       199       194

1       180     173.5
1       180     173.5
1       180     173.5
1       180     173.5
1       180     173.5
1       180     173.5
1       180     173.5
1       180     173.5
1       180     173.5
1       180     173.5

1       156       153
1       156       153
1       156       153
1       156       153
1       156       153
1       156       153
1       156       153
1       156       153
1       156       153
1       156       153

1       150     148.5
1       150     148.5
1       150     148.5
1       150     148.5
1       150     148.5
1       150     148.5
1       150     148.5
1       150     148.5
1       150     148.5
1       150     148.5

1       136       131
1       136       131
1       136       131
1.001       136       131
1       136       131
1       136       131
1       136       131
1       136       131
1       136       131
1       136       131

1       176       156
1       176       156
1       176       156
1       176       156
1       176       156
1       176       156
1       176       156
1       176       156
1       176       156
1       176       156

1       179     168.5
1       179     168.5
1       179     168.5
1       179     168.5
1       179     168.5
1       179     168.5
1       179     168.5
1       179     168.5
1       179     168.5
1       179     168.5

1       187       181
1       187       181
1       187       181
1       187       181
1       187       181
1       187       181
1       187       181
1       187       181
1       187       181
1       187       181

1       124     122.5
1       124     122.5
1       124     122.5
1       124     122.5
1       124     122.5
1       124     122.5
1       124     122.5
1       124     122.5
1       124     122.5
1       124     122.5

