1     22     6     278
2     39     39     37
3     12     39     374
4     45     2     7
5     35     36     42
6     18     6     62
7     13     48     238
8     12     15     325
9     6     24     30
10     9     37     505
11     6     15     112
12     4     17     66
13     19     36     311
14     11     27     24
15     24     3     485
16     41     46     127
17     21     4     195
18     42     26     71
19     19     38     422
20     48     21     95
21     3     30     471
22     17     32     130
23     48     21     279
24     8     48     40
25     48     4     86
26     41     5     241
27     44     42     307
28     20     38     126
29     34     1     497
30     34     47     110
31     21     17     437
32     47     37     117
33     11     23     337
34     48     31     77
35     34     22     404
36     13     40     128
37     18     17     88
38     42     44     190
39     25     31     523
40     42     41     122
41     42     20     111
42     27     2     418
43     29     48     122
44     49     15     32
45     6     10     452
46     43     33     38
47     34     30     6
48     37     32     393
49     39     37     4
50     20     39     120
51     35     22     405
52     48     49     43
53     39     18     173
54     19     24     191
55     26     25     25
56     16     43     453
57     9     28     98
58     32     17     459
59     15     1     85
60     46     49     444
61     12     2     114
62     14     47     148
63     34     24     380
64     29     37     87
65     3     37     128
66     48     28     267
67     6     45     115
68     37     1     116
69     43     19     83
70     5     34     434
71     23     37     108
72     11     18     54
73     30     25     340
74     3     11     113
75     45     26     522
76     43     33     80
77     22     23     186
78     46     14     242
79     45     17     314
80     47     30     117
81     34     10     54
82     46     20     114
83     2     10     214
84     32     21     481
85     36     18     124
86     25     17     1
87     1     34     215
88     24     1     358
89     48     5     95
90     16     45     408
91     43     9     128
92     20     43     504
93     30     38     51
94     2     28     30
95     8     4     138
96     20     26     463
97     3     6     70
98     20     39     264
99     1     2     20
100     9     29     413
