1        3        6       34
2       12        9        3
3        8        2       29
4        5        3       26
5        7        7       36
6        3        8       49
7       12        2        2
8        6        6       44
9       13        5       10
10       10        7        3
11        4        5       40
12       15        5       25
13        5        9       16
14        8        2       53
15        3        8       52
16        7        7       36
17        4        3       54
18       11        7       42
19       10        8        8
20       15        4       14
21        9        9       35
22       14        8       48
23       12        1       30
24        4        9       29
25       14        6       23
26       11        7       10
27       14        6       18
28        3        1       28
29        6        4       57
30       12        8       24
31        3        3       27
32        9        5       40
33        4        3       30
34       10        2       39
35       10        8       34
36       15        1        4
37        3        4       14
38       13        4       40
39       14        9       35
40        6        9       21
41        4        6       54
42       14        2       24
43        5        6       22
44       12        3       10
45       13        7       29
46       11        8       34
47       10        4       35
48       15        9       38
49       14        3       22
50       12        5       43
51       13        7       11
52       12        1       21
53        5        7       44
54       14        8       13
55        6        9       20
56       15        1       50
57       13        5        7
58        7        5        2
59       12        5        7
60       14        3       55
61        8        6       39
62        3        3       46
63       13        2       44
64        9        1       53
65        9        3       46
66       13        7       11
67        9        1       10
68       11        5       32
69       14        9       36
70       11        4       22
71       14        2        8
72       11        6       45
73        5        5       57
74       11        3       51
75       15        3       49
76        5        2       20
77        5        4       56
78        4        4       53
79       13        9       35
80        9        5       10
81        7        8       21
82        3        2       10
83        3        2       47
84       14        4        7
85        9        7       46
86        7        9        8
87        6        5       32
88        4        2        5
89       12        2       27
90        8        8        9
91        3        7       50
92       11        9       37
93       10        6       51
94       11        5        2
95        8        5       15
96       12        5       55
97       13        7        8
98        4        1       33
99        6        4       32
100       12        3       56
