10       340     338.8
10.063       340     338.8
10.047       340     338.8
10.016       340     338.8
10.016       340     338.8
10.052       340     338.8
10.001       340     338.8
10.047       340     338.8
10       340     338.8
10.016       340     338.8

10.063       336     334.8
10.001       337     334.8
10.047       336     334.8
10.016       337     334.8
10.001       336     334.8
10.016       337     334.8
10.032       338     334.8
10.063       336     334.8
10.001       336     334.8
10.063       337     334.8

10.063       328     326.6
10       329     326.6
10.032       331     326.6
10.071       329     326.6
10       329     326.6
10.063       328     326.6
10.095       329     326.6
10.078       328     326.6
10.063       330     326.6
10.079       329     326.6

10.016       330     322.4
10.001       329     322.4
10.047       330     322.4
10.016       326     322.4
10.001       329     322.4
10.063       326     322.4
10.031       330     322.4
10.063       326     322.4
10.079       326     322.4
10.001       330     322.4

10.048       309     306.6
10.036       311     306.6
10.079       311     306.6
10.032       310     306.6
10.047       310     306.6
10.016       309     306.6
10.064       311     306.6
10.031       310     306.6
10.016       310     306.6
10.001       309     306.6

10.016       321     319.8
10.063       321     319.8
10.078       322     319.8
10.079       322     319.8
10.032       322     319.8
10.047       323     319.8
10.079       323     319.8
10.063       322     319.8
10       322     319.8
10.005       322     319.8

10.079       316     313.8
10.079       317     313.8
10.079       316     313.8
10.047       316     313.8
10.016       316     313.8
10.001       315     313.8
10.031       317     313.8
10.079       315     313.8
10.063       316     313.8
10.047       316     313.8

10.079       328     324.6
10.078       328     324.6
10.016       327     324.6
10.032       327     324.6
10.063       328     324.6
10       327     324.6
10.032       327     324.6
10.036       328     324.6
10.063       327     324.6
10.032       327     324.6

10.031       342     339.2
10.079       342     339.2
10.047       343     339.2
10.016       342     339.2
10.078       343     339.2
10.063       342     339.2
10.048       342     339.2
10.047       342     339.2
10       342     339.2
10.032       345     339.2

10       333     330.6
10.047       332     330.6
10.032       332     330.6
10.063       332     330.6
10.063       332     330.6
10.036       332     330.6
10.001       332     330.6
10.017       332     330.6
10       333     330.6
10.001       332     330.6

