10       340     338.8
10.001       342     338.8
10       342     338.8
10.001       340     338.8
10       341     338.8
10.001       341     338.8
10       341     338.8
10.001       340     338.8
10.005       340     338.8
10       341     338.8

10       338     334.8
10.001       339     334.8
10       337     334.8
10.001       340     334.8
10       337     334.8
10.001       338     334.8
10       337     334.8
10.001       336     334.8
10       337     334.8
10.001       341     334.8

10       331     326.6
10.001       331     326.6
10       330     326.6
10.001       333     326.6
10       330     326.6
10.001       333     326.6
10.006       329     326.6
10.001       331     326.6
10       329     326.6
10.001       331     326.6

10.001       330     322.4
10       330     322.4
10.001       330     322.4
10       328     322.4
10.001       328     322.4
10.001       332     322.4
10       331     322.4
10.001       331     322.4
10       327     322.4
10.001       329     322.4

10.001       309     306.6
10       314     306.6
10.001       312     306.6
10       311     306.6
10.007       311     306.6
10       311     306.6
10.001       310     306.6
10       309     306.6
10.001       311     306.6
10       312     306.6

10.001       329     319.8
10       327     319.8
10.001       326     319.8
10       322     319.8
10.001       326     319.8
10.001       325     319.8
10       324     319.8
10.001       324     319.8
10       329     319.8
10.001       329     319.8

10.001       317     313.8
10       317     313.8
10.007       318     313.8
10.001       318     313.8
10       316     313.8
10.001       317     313.8
10       317     313.8
10.001       319     313.8
10       316     313.8
10.001       320     313.8

10       329     324.6
10.001       328     324.6
10       329     324.6
10.001       327     324.6
10       328     324.6
10.001       328     324.6
10       329     324.6
10.001       329     324.6
10       328     324.6
10.001       328     324.6

10.007       343     339.2
10       344     339.2
10.001       343     339.2
10       344     339.2
10.001       346     339.2
10       342     339.2
10.001       343     339.2
10       343     339.2
10.001       348     339.2
10.001       343     339.2

10.001       333     330.6
10       332     330.6
10.001       333     330.6
10       333     330.6
10.001       333     330.6
10       333     330.6
10.001       333     330.6
10       333     330.6
10.005       333     330.6
10.001       332     330.6

