1     64     29     108
2     22     167     339
3     13     177     10
4     2     114     245
5     88     75     77
6     61     49     214
7     2     1     54
8     23     125     32
9     87     39     169
10     41     135     173
11     80     141     312
12     19     107     97
13     99     92     139
14     66     80     237
15     75     189     24
16     44     187     423
17     58     180     23
18     22     164     216
19     28     32     200
20     13     86     189
21     75     148     41
22     51     192     321
23     98     79     98
24     11     132     130
25     61     122     6
26     13     86     160
27     12     137     443
28     48     153     42
29     57     108     389
30     29     91     82
31     17     87     265
32     79     58     4
33     7     86     226
34     24     172     30
35     55     92     93
36     96     154     103
37     45     149     274
38     82     73     40
39     47     60     121
40     64     46     412
41     18     123     12
42     32     184     440
43     70     6     66
44     56     148     77
45     54     23     407
46     60     63     98
47     38     91     343
48     32     160     63
49     86     4     235
50     23     18     58
51     81     109     311
52     28     45     98
53     24     146     240
54     69     132     102
55     19     37     401
56     90     39     24
57     19     69     311
58     9     60     42
59     94     116     101
60     38     165     221
61     58     175     244
62     19     33     11
63     6     118     367
64     17     60     52
65     17     116     263
66     66     124     11
67     41     73     198
68     53     53     409
69     7     93     97
70     64     196     240
71     22     78     97
72     78     62     259
73     37     123     80
74     12     153     42
75     28     187     397
76     95     53     92
77     7     55     148
78     26     80     39
79     30     181     447
80     68     66     41
81     1     130     177
82     54     20     422
83     55     168     50
84     39     193     396
85     7     15     86
86     56     159     449
87     98     186     73
88     4     96     429
89     20     52     22
90     66     17     65
91     95     71     145
92     20     196     112
93     25     48     392
94     48     129     8
95     44     44     52
96     61     14     389
97     92     146     7
98     37     183     94
99     51     98     138
100     68     94     89
