20.002     3997     3869.6
20.004     3991     3869.6
20.004     3991     3869.6
20.002     3997     3869.6
20.004     3997     3869.6
20.004     3997     3869.6
20.002     3997     3869.6
20.004     3991     3869.6
20.004     3991     3869.6
20.004     3997     3869.6
             
20.001     4152     4008.2
20.005     4185     4008.2
20.005     4185     4008.2
20.001     4152     4008.2
20.005     4185     4008.2
20.005     4185     4008.2
20.001     4152     4008.2
20.005     4185     4008.2
20.005     4185     4008.2
20.005     4185     4008.2
             
20.003     3864     3773.4
20.001     3872     3773.4
20.001     3872     3773.4
20.003     3864     3773.4
20.003     3872     3773.4
20.003     3872     3773.4
20.003     3864     3773.4
20.001     3872     3773.4
20.001     3872     3773.4
20.003     3872     3773.4
             
20.001     4184     4099.2
20.003     4188     4099.2
20.003     4188     4099.2
20.001     4184     4099.2
20.003     4188     4099.2
20.003     4188     4099.2
20.001     4184     4099.2
20.003     4188     4099.2
20.003     4188     4099.2
20.003     4188     4099.2
             
20.001     4008     3876.2
20.001     4010     3876.2
20.001     4010     3876.2
20.001     4008     3876.2
20.001     4010     3876.2
20.001     4010     3876.2
20.001     4008     3876.2
20.001     4010     3876.2
20.001     4010     3876.2
20.001     4010     3876.2
             
20.002     4216     4082.4
20.002     4201     4082.4
20.002     4201     4082.4
20.002     4216     4082.4
20.002     4216     4082.4
20.002     4216     4082.4
20.002     4216     4082.4
20.002     4201     4082.4
20.002     4201     4082.4
20.002     4216     4082.4
             
20.001     4162     4033.8
20.004     4147     4033.8
20.004     4147     4033.8
20.001     4162     4033.8
20.004     4162     4033.8
20.004     4162     4033.8
20.001     4162     4033.8
20.004     4147     4033.8
20.004     4147     4033.8
20.004     4162     4033.8
             
20.004     4289     4101.2
20.003     4284     4101.2
20.003     4284     4101.2
20.004     4289     4101.2
20.004     4289     4101.2
20.004     4289     4101.2
20.004     4289     4101.2
20.003     4284     4101.2
20.003     4284     4101.2
20.004     4289     4101.2
             
20.003     4011     3906.2
20.002     4014     3906.2
20.002     4014     3906.2
20.003     4011     3906.2
20.003     4014     3906.2
20.003     4014     3906.2
20.003     4011     3906.2
20.002     4014     3906.2
20.002     4014     3906.2
20.003     4014     3906.2
             
20.001     4025     3960.2
20.004     4006     3960.2
20.004     4006     3960.2
20.001     4025     3960.2
20.004     4025     3960.2
20.004     4025     3960.2
20.001     4025     3960.2
20.004     4006     3960.2
20.004     4006     3960.2
20.004     4025     3960.2
             
