30.001       769     767.4
30.006       770     767.4
30.048       768     767.4
30.033       770     767.4
30.033       770     767.4
30.002       769     767.4
30.001       769     767.4
30.006       769     767.4
30.033       768     767.4
30.002       769     767.4

30.017       757     753.4
30.017       757     753.4
30.017       756     753.4
30.006       757     753.4
30.002       756     753.4
30.002       757     753.4
30.064       757     753.4
30.001       758     753.4
30.049       757     753.4
30.006       756     753.4

30.064       781     776.4
30.001       781     776.4
30.033       780     776.4
30.064       781     776.4
30.018       781     776.4
30.037       781     776.4
30.033       781     776.4
30.001       781     776.4
30.033       779     776.4
30.033       781     776.4

30.017       777     774.8
30.021       777     774.8
30.018       780     774.8
30.001       777     774.8
30.017       778     774.8
30.002       778     774.8
30.002       777     774.8
30.023       777     774.8
30.002       780     774.8
30.032       777     774.8

30.002       785     784.2
30.017       786     784.2
30.033       785     784.2
30.007       785     784.2
30.033       786     784.2
30.001       785     784.2
30.033       785     784.2
30.002       785     784.2
30.017       786     784.2
30.009       785     784.2

30.048       797     795.2
30.002       798     795.2
30.001       796     795.2
30.002       798     795.2
30.002       798     795.2
30.054       798     795.2
30.002       797     795.2
30.001       798     795.2
30.017       798     795.2
30.002       798     795.2

30.064       779     776.4
30.023       780     776.4
30.001       779     776.4
30.033       780     776.4
30.08       780     776.4
30.048       778     776.4
30.033       779     776.4
30.008       780     776.4
30.018       779     776.4
30.048       779     776.4

30.065       775     772.8
30.001       775     772.8
30.064       774     772.8
30.006       775     772.8
30.033       775     772.8
30.002       774     772.8
30.033       774     772.8
30.001       775     772.8
30.018       774     772.8
30.021       775     772.8

30.002       792     787.8
30.048       791     787.8
30.017       792     787.8
30.049       792     787.8
30.001       791     787.8
30.008       792     787.8
30.002       790     787.8
30.064       792     787.8
30.001       791     787.8
30.002       791     787.8

30.001       785     782.8
30.055       785     782.8
30.064       784     782.8
30.002       784     782.8
30.002       785     782.8
30.048       784     782.8
30.064       785     782.8
30.07       785     782.8
30.033       784     782.8
30.033       784     782.8

