30.002       770     767.4
30.017       770     767.4
30.017       769     767.4
30.018       769     767.4
30.021       771     767.4
30.033       769     767.4
30.033       769     767.4
30.033       771     767.4
30.033       770     767.4
30.002       770     767.4

30.022       759     753.4
30.001       759     753.4
30.018       759     753.4
30.033       758     753.4
30.017       758     753.4
30.001       758     753.4
30.038       758     753.4
30.001       758     753.4
30.018       759     753.4
30.033       757     753.4

30.001       780     776.4
30.002       782     776.4
30.006       783     776.4
30.001       781     776.4
30.033       781     776.4
30.002       782     776.4
30.017       783     776.4
30.017       782     776.4
30.006       782     776.4
30.017       784     776.4

30.001       778     774.8
30.001       779     774.8
30.002       781     774.8
30.002       780     774.8
30.04       779     774.8
30.001       780     774.8
30.002       782     774.8
30.017       782     774.8
30.033       780     774.8
30.017       781     774.8

30.017       786     784.2
30.008       785     784.2
30.017       785     784.2
30.017       786     784.2
30.001       785     784.2
30.002       785     784.2
30.018       786     784.2
30.006       786     784.2
30.032       786     784.2
30.018       787     784.2

30.033       798     795.2
30.033       797     795.2
30.017       798     795.2
30.039       798     795.2
30.017       799     795.2
30.033       798     795.2
30.033       799     795.2
30.017       799     795.2
30.017       799     795.2
30.038       798     795.2

30.017       779     776.4
30.033       780     776.4
30.033       781     776.4
30.017       780     776.4
30.017       782     776.4
30.038       782     776.4
30.017       780     776.4
30.002       780     776.4
30.032       784     776.4
30.033       780     776.4

30.002       775     772.8
30.038       775     772.8
30.033       775     772.8
30.033       776     772.8
30.017       775     772.8
30.018       775     772.8
30.017       778     772.8
30.037       776     772.8
30.002       776     772.8
30.002       775     772.8

30.002       792     787.8
30.001       791     787.8
30.002       792     787.8
30.024       794     787.8
30.001       791     787.8
30.033       793     787.8
30.017       793     787.8
30.017       792     787.8
30.002       793     787.8
30.021       793     787.8

30.001       785     782.8
30.002       785     782.8
30.033       786     782.8
30.033       788     782.8
30.017       787     782.8
30.006       786     782.8
30.001       786     782.8
30.018       788     782.8
30.017       788     782.8
30.017       785     782.8

