30.001       769     767.4
30.002       770     767.4
30.002       769     767.4
30.001       769     767.4
30.006       771     767.4
30.002       770     767.4
30.002       771     767.4
30.001       769     767.4
30.002       772     767.4
30.002       772     767.4

30.006       758     753.4
30.002       760     753.4
30.002       762     753.4
30.001       759     753.4
30.002       760     753.4
30.002       761     753.4
30.006       761     753.4
30.001       760     753.4
30.002       763     753.4
30.001       760     753.4

30.002       781     776.4
30.001       780     776.4
30.01       782     776.4
30.002       783     776.4
30.001       784     776.4
30.002       781     776.4
30.001       782     776.4
30.002       783     776.4
30.008       781     776.4
30.001       781     776.4

30.001       779     774.8
30.002       778     774.8
30.002       777     774.8
30.001       777     774.8
30.006       779     774.8
30.002       780     774.8
30.001       783     774.8
30.002       777     774.8
30.001       779     774.8
30.002       780     774.8

30.006       787     784.2
30.001       786     784.2
30.002       787     784.2
30.002       787     784.2
30.001       786     784.2
30.002       786     784.2
30.006       787     784.2
30.001       787     784.2
30.002       786     784.2
30.001       787     784.2

30.002       799     795.2
30.001       801     795.2
30.006       799     795.2
30.001       800     795.2
30.002       800     795.2
30.002       801     795.2
30.001       798     795.2
30.002       798     795.2
30.007       798     795.2
30.002       800     795.2

30.002       780     776.4
30.001       781     776.4
30.002       780     776.4
30.002       781     776.4
30.006       782     776.4
30.001       781     776.4
30.002       783     776.4
30.002       779     776.4
30.001       781     776.4
30.002       779     776.4

30.006       776     772.8
30.001       775     772.8
30.002       776     772.8
30.002       779     772.8
30.001       776     772.8
30.002       776     772.8
30.006       776     772.8
30.002       775     772.8
30.001       777     772.8
30.002       775     772.8

30.002       792     787.8
30.002       794     787.8
30.007       793     787.8
30.002       791     787.8
30.002       795     787.8
30.001       790     787.8
30.002       794     787.8
30.001       793     787.8
30.006       793     787.8
30.002       791     787.8

30.001       790     782.8
30.002       788     782.8
30.002       786     782.8
30.001       786     782.8
30.006       788     782.8
30.002       785     782.8
30.002       789     782.8
30.001       789     782.8
30.002       786     782.8
30.001       787     782.8

