1     65     16     764
2     4     40     805
3     15     37     3497
4     19     38     42
5     63     14     2370
6     45     37     3035
7     51     46     678
8     42     42     1108
9     98     49     3205
10     97     49     1072
11     14     25     1745
12     4     15     2231
13     3     12     2492
14     66     44     1033
15     83     31     996
16     57     15     2969
17     62     15     1087
18     10     39     4266
19     4     45     353
20     86     34     2396
21     98     28     595
22     37     15     1985
23     88     21     3439
24     99     49     300
25     39     49     1326
26     84     24     791
27     78     33     5020
28     45     28     351
29     68     1     4642
30     29     8     376
31     66     36     1840
32     19     38     1792
33     49     4     5233
34     75     49     82
35     82     11     1648
36     22     23     4530
37     66     41     103
38     18     17     3591
39     77     16     445
40     68     34     232
41     7     7     2907
42     87     31     1100
43     63     16     4396
44     91     37     2
45     86     45     3232
46     85     34     1246
47     98     22     4252
48     69     18     415
49     20     13     5339
50     64     9     750
51     72     38     2620
52     85     44     1600
53     30     32     4477
54     70     29     370
55     88     22     2595
56     24     12     2563
57     76     9     2046
58     24     29     497
59     57     33     4646
60     23     47     831
61     3     42     2440
62     41     18     2629
63     53     36     541
64     60     23     2330
65     71     16     4953
66     77     21     448
67     61     15     1491
68     66     1     3008
69     71     43     794
70     55     36     5258
71     31     49     615
72     19     4     990
73     19     12     4035
74     74     15     814
75     31     1     1866
76     28     49     2597
77     79     23     2231
78     88     5     3571
79     87     40     15
80     84     27     3758
81     28     24     515
82     8     45     5395
83     35     38     1347
84     47     13     3577
85     67     23     105
86     99     42     4442
87     85     11     1030
88     41     36     1094
89     89     4     4011
90     21     19     1196
91     75     30     2879
92     8     47     394
93     88     7     3283
94     45     11     991
95     75     17     3699
96     20     34     1242
97     26     36     5291
98     3     10     277
99     99     49     1784
100     36     49     797
101     43     37     1554
102     89     40     418
103     14     49     4562
104     95     24     1220
105     44     13     3016
106     35     35     864
107     84     7     698
108     73     11     1777
109     90     20     3653
110     40     36     1307
111     48     25     648
112     63     28     2774
113     36     5     1059
114     91     40     1737
115     68     41     2542
116     85     2     2079
117     17     14     758
118     86     23     3533
119     62     18     133
120     1     11     2950
121     4     11     889
122     90     23     5187
123     20     40     62
124     48     13     3123
125     19     49     334
126     97     48     3702
127     95     16     219
128     82     43     4042
129     57     23     1223
130     83     35     4009
131     77     36     905
132     87     48     710
133     78     49     3472
134     35     6     43
135     14     10     601
136     3     23     3337
137     64     8     224
138     65     47     801
139     26     49     2649
140     66     2     3458
141     2     33     299
142     68     39     4486
143     35     12     720
144     93     34     4287
145     91     17     1245
146     35     15     4496
147     88     40     556
148     42     5     4793
149     23     25     1023
150     4     19     331
151     57     45     837
152     36     15     4553
153     90     43     953
154     99     31     442
155     90     47     5371
156     66     22     762
157     72     10     4416
158     64     46     799
159     45     33     4335
160     66     41     212
161     98     28     3336
162     84     37     1328
163     61     30     5069
164     37     8     810
165     90     6     274
166     20     19     714
167     5     32     3469
168     77     42     272
169     35     30     2969
170     69     28     760
171     72     10     1023
172     54     28     2504
173     10     2     5042
174     12     3     582
175     97     39     2418
176     29     35     2759
177     31     8     751
178     48     32     4354
179     84     43     758
180     79     4     2005
181     73     34     1192
182     87     44     897
183     68     5     4098
184     27     44     303
185     79     39     5139
186     97     10     766
187     93     38     3672
188     50     7     534
189     27     5     4516
190     11     10     943
191     13     5     3741
192     76     20     1073
193     27     33     712
194     40     20     4812
195     1     9     556
196     9     33     5097
197     68     25     830
198     13     21     5119
199     5     25     103
200     2     20     2643
