20.006     5208     4921
20.016     5208     4921
20.016     5208     4921
20.006     5208     4921
20.016     5208     4921
20.016     5208     4921
20.006     5208     4921
20.016     5208     4921
20.016     5208     4921
20.016     5208     4921
             
20.016     5361     4914
20.016     5284     4914
20.016     5284     4914
20.016     5361     4914
20.016     5361     4914
20.016     5361     4914
20.016     5361     4914
20.016     5284     4914
20.016     5284     4914
20.016     5361     4914
             
20.001     5568     5155
20.001     5544     5155
20.001     5544     5155
20.001     5568     5155
20.001     5568     5155
20.001     5568     5155
20.001     5568     5155
20.001     5544     5155
20.001     5544     5155
20.001     5568     5155
             
20.017     5274     4992
20.005     5274     4992
20.005     5274     4992
20.017     5274     4992
20.017     5274     4992
20.017     5274     4992
20.017     5274     4992
20.005     5274     4992
20.005     5274     4992
20.017     5274     4992
             
20.001     5117     4758
20.016     5117     4758
20.016     5117     4758
20.001     5117     4758
20.016     5117     4758
20.016     5117     4758
20.001     5117     4758
20.016     5117     4758
20.016     5117     4758
20.016     5117     4758
             
20.016     5733     5441
20.001     5733     5441
20.001     5733     5441
20.016     5733     5441
20.016     5733     5441
20.016     5733     5441
20.016     5733     5441
20.001     5733     5441
20.001     5733     5441
20.016     5733     5441
             
20.001     5125     5005
20.016     5125     5005
20.016     5125     5005
20.001     5125     5005
20.016     5125     5005
20.016     5125     5005
20.001     5125     5005
20.016     5125     5005
20.016     5125     5005
20.016     5125     5005
             
20.001     5205     4923
20.016     5205     4923
20.016     5205     4923
20.001     5205     4923
20.016     5205     4923
20.016     5205     4923
20.001     5205     4923
20.016     5205     4923
20.016     5205     4923
20.016     5205     4923
             
20.032     5189     5076
20.016     5216     5076
20.016     5216     5076
20.032     5189     5076
20.032     5216     5076
20.032     5216     5076
20.032     5189     5076
20.016     5216     5076
20.016     5216     5076
20.032     5216     5076
             
20.001     5288     5016
20.001     5285     5016
20.001     5285     5016
20.001     5288     5016
20.001     5288     5016
20.001     5288     5016
20.001     5288     5016
20.001     5285     5016
20.001     5285     5016
20.001     5288     5016
             
