20.016     5208     4921
20.017     5192     4921
20.017     5192     4921
20.016     5208     4921
20.017     5208     4921
20.017     5208     4921
20.016     5208     4921
20.017     5192     4921
20.017     5192     4921
20.017     5208     4921
             
20.005     5249     4914
20.032     5205     4914
20.032     5205     4914
20.005     5249     4914
20.032     5249     4914
20.032     5249     4914
20.005     5249     4914
20.032     5205     4914
20.032     5205     4914
20.032     5249     4914
             
20.032     5447     5155
20.032     5401     5155
20.032     5401     5155
20.032     5447     5155
20.032     5447     5155
20.032     5447     5155
20.032     5447     5155
20.032     5401     5155
20.032     5401     5155
20.032     5447     5155
             
20.001     5224     4992
20.001     5237     4992
20.001     5237     4992
20.001     5224     4992
20.001     5237     4992
20.001     5237     4992
20.001     5224     4992
20.001     5237     4992
20.001     5237     4992
20.001     5237     4992
             
20.016     4991     4758
20.001     5047     4758
20.001     5047     4758
20.016     4991     4758
20.016     5047     4758
20.016     5047     4758
20.016     4991     4758
20.001     5047     4758
20.001     5047     4758
20.016     5047     4758
             
20.001     5607     5441
20.031     5555     5441
20.031     5555     5441
20.001     5607     5441
20.031     5607     5441
20.031     5607     5441
20.001     5607     5441
20.031     5555     5441
20.031     5555     5441
20.031     5607     5441
             
20.021     5107     5005
20.001     5070     5005
20.001     5070     5005
20.021     5107     5005
20.021     5107     5005
20.021     5107     5005
20.021     5107     5005
20.001     5070     5005
20.001     5070     5005
20.021     5107     5005
             
20.016     5157     4923
20.016     5146     4923
20.016     5146     4923
20.016     5157     4923
20.016     5157     4923
20.016     5157     4923
20.016     5157     4923
20.016     5146     4923
20.016     5146     4923
20.016     5157     4923
             
20.001     5110     5076
20.001     5116     5076
20.001     5116     5076
20.001     5110     5076
20.001     5116     5076
20.001     5116     5076
20.001     5110     5076
20.001     5116     5076
20.001     5116     5076
20.001     5116     5076
             
20.016     5176     5016
20.017     5192     5016
20.017     5192     5016
20.016     5176     5016
20.017     5192     5016
20.017     5192     5016
20.016     5176     5016
20.017     5192     5016
20.017     5192     5016
20.017     5192     5016
             
