20.001     5208     4921
20.001     5208     4921
20.001     5208     4921
20.001     5208     4921
20.001     5208     4921
20.001     5208     4921
20.001     5208     4921
20.001     5208     4921
20.001     5208     4921
20.001     5208     4921
             
20.923     5284     4914
20.188     5278     4914
20.188     5278     4914
20.923     5284     4914
20.923     5284     4914
20.923     5284     4914
20.923     5284     4914
20.188     5278     4914
20.188     5278     4914
20.923     5284     4914
             
20.751     5503     5155
20.813     5489     5155
20.813     5489     5155
20.751     5503     5155
20.813     5503     5155
20.813     5503     5155
20.751     5503     5155
20.813     5489     5155
20.813     5489     5155
20.813     5503     5155
             
20.563     5268     4992
20.751     5260     4992
20.751     5260     4992
20.563     5268     4992
20.751     5268     4992
20.751     5268     4992
20.563     5268     4992
20.751     5260     4992
20.751     5260     4992
20.751     5268     4992
             
20.177     5002     4758
20.860     5007     4758
20.860     5007     4758
20.177     5002     4758
20.860     5007     4758
20.860     5007     4758
20.177     5002     4758
20.860     5007     4758
20.860     5007     4758
20.860     5007     4758
             
20.267     5632     5441
20.204     5733     5441
20.204     5733     5441
20.267     5632     5441
20.267     5733     5441
20.267     5733     5441
20.267     5632     5441
20.204     5733     5441
20.204     5733     5441
20.267     5733     5441
             
20.782     5125     5005
20.783     5125     5005
20.783     5125     5005
20.782     5125     5005
20.783     5125     5005
20.783     5125     5005
20.782     5125     5005
20.783     5125     5005
20.783     5125     5005
20.783     5125     5005
             
20.563     5205     4923
20.517     5185     4923
20.517     5185     4923
20.563     5205     4923
20.563     5205     4923
20.563     5205     4923
20.563     5205     4923
20.517     5185     4923
20.517     5185     4923
20.563     5205     4923
             
20.470     5193     5076
20.673     5171     5076
20.673     5171     5076
20.470     5193     5076
20.673     5193     5076
20.673     5193     5076
20.470     5193     5076
20.673     5171     5076
20.673     5171     5076
20.673     5193     5076
             
20.204     5280     5016
20.095     5288     5016
20.095     5288     5016
20.204     5280     5016
20.204     5288     5016
20.204     5288     5016
20.204     5280     5016
20.095     5288     5016
20.095     5288     5016
20.204     5288     5016
             
