30.004     6171     5869.2
30.003     6176     5869.2
30.003     6176     5869.2
30.004     6171     5869.2
30.004     6176     5869.2
30.004     6176     5869.2
30.004     6171     5869.2
30.003     6176     5869.2
30.003     6176     5869.2
30.004     6176     5869.2
             
30.003     6292     6031.4
30.005     6198     6031.4
30.005     6307     6031.4
30.003     6292     6031.4
30.005     6307     6031.4
30.005     6307     6031.4
30.003     6292     6031.4
30.005     6307     6031.4
30.005     6307     6031.4
30.005     6307     6031.4
             
30.003     6018     5796.2
30.003     6013     5796.2
30.003     6013     5796.2
30.003     6018     5796.2
30.003     6018     5796.2
30.003     6018     5796.2
30.003     6018     5796.2
30.003     6013     5796.2
30.003     6013     5796.2
30.003     6018     5796.2
             
30.005     6273     5956.2
30.003     6272     5956.2
30.003     6272     5956.2
30.005     6273     5956.2
30.005     6273     5956.2
30.005     6273     5956.2
30.005     6273     5956.2
30.003     6206     5956.2
30.003     6272     5956.2
30.005     6273     5956.2
             
30.004     6257     5954.6
30.003     6247     5954.6
30.003     6247     5954.6
30.004     6257     5954.6
30.004     6257     5954.6
30.004     6257     5954.6
30.004     6257     5954.6
30.003     6247     5954.6
30.003     6247     5954.6
30.004     6257     5954.6
             
30.002     6227     5951.6
30.003     6226     5951.6
30.003     6226     5951.6
30.002     6227     5951.6
30.003     6227     5951.6
30.003     6227     5951.6
30.002     6227     5951.6
30.003     6226     5951.6
30.003     6226     5951.6
30.003     6227     5951.6
             
30.003     6216     5927.8
30.003     6211     5927.8
30.003     6211     5927.8
30.003     6216     5927.8
30.003     6216     5927.8
30.003     6216     5927.8
30.003     6216     5927.8
30.003     6211     5927.8
30.003     6162     5927.8
30.003     6216     5927.8
             
30.002     5924     5736.2
30.006     5923     5736.2
30.006     5923     5736.2
30.002     5924     5736.2
30.006     5924     5736.2
30.006     5924     5736.2
30.002     5924     5736.2
30.006     5872     5736.2
30.006     5923     5736.2
30.006     5924     5736.2
             
30.003     5923     5727
30.005     5928     5727
30.005     5928     5727
30.003     5923     5727
30.005     5928     5727
30.005     5928     5727
30.003     5923     5727
30.005     5928     5727
30.005     5928     5727
30.005     5928     5727
             
30.003     6084     5862
30.005     6095     5862
30.005     6095     5862
30.003     6084     5862
30.005     6095     5862
30.005     6095     5862
30.003     6084     5862
30.005     6095     5862
30.005     6095     5862
30.005     6095     5862
             
