30.300     6077     5869.2
30.002     6089     5869.2
30.002     6089     5869.2
30.300     6077     5869.2
30.300     6077     5869.2
30.300     6077     5869.2
30.300     6077     5869.2
30.002     6089     5869.2
30.002     6089     5869.2
30.002     6077     5869.2
             
30.001     6239     6031.4
30.190     6198     6031.4
30.190     6180     6031.4
30.001     6239     6031.4
30.190     6198     6031.4
30.190     6198     6031.4
30.001     6239     6031.4
30.190     6180     6031.4
30.190     6198     6031.4
30.001     6198     6031.4
             
30.001     5934     5796.2
30.253     5958     5796.2
30.253     5934     5796.2
30.001     5934     5796.2
30.253     5934     5796.2
30.253     5934     5796.2
30.001     5934     5796.2
30.253     5934     5796.2
30.253     5958     5796.2
30.001     5934     5796.2
             
30.112     6140     5956.2
30.408     6159     5956.2
30.408     6140     5956.2
30.112     6140     5956.2
30.408     6159     5956.2
30.408     6159     5956.2
30.112     6140     5956.2
30.408     6140     5956.2
30.408     6159     5956.2
30.112     6140     5956.2
             
30.377     6111     5954.6
30.001     6129     5954.6
30.001     6111     5954.6
30.377     6111     5954.6
30.377     6111     5954.6
30.377     6111     5954.6
30.377     6111     5954.6
30.001     6111     5954.6
30.001     6129     5954.6
30.001     6111     5954.6
             
30.111     6100     5951.6
30.360     6116     5951.6
30.360     6116     5951.6
30.111     6100     5951.6
30.360     6116     5951.6
30.360     6116     5951.6
30.111     6100     5951.6
30.360     6116     5951.6
30.360     6116     5951.6
30.111     6100     5951.6
             
30.048     6107     5927.8
30.158     6083     5927.8
30.158     6083     5927.8
30.048     6104     5927.8
30.158     6083     5927.8
30.158     6083     5927.8
30.048     6104     5927.8
30.158     6083     5927.8
30.158     6083     5927.8
30.048     6083     5927.8
             
30.393     5822     5736.2
30.015     5803     5736.2
30.015     5803     5736.2
30.393     5806     5736.2
30.393     5803     5736.2
30.393     5803     5736.2
30.393     5806     5736.2
30.015     5803     5736.2
30.015     5803     5736.2
30.015     5803     5736.2
             
30.270     5858     5727
30.316     5851     5727
30.316     5851     5727
30.270     5873     5727
30.316     5851     5727
30.316     5851     5727
30.270     5873     5727
30.316     5851     5727
30.316     5851     5727
30.270     5851     5727
             
30.126     6023     5862
30.347     6018     5862
30.347     6018     5862
30.126     6017     5862
30.347     6018     5862
30.347     6018     5862
30.126     6017     5862
30.347     6018     5862
30.347     6018     5862
30.126     6018     5862
             
