1     4     183     405
2     34     190     25
3     3     78     3178
4     131     23     233
5     21     100     1650
6     125     105     1919
7     187     65     1545
8     199     107     1391
9     111     183     1348
10     25     59     2968
11     10     30     642
12     145     145     2767
13     106     164     418
14     167     190     1985
15     38     24     2084
16     168     74     100
17     80     144     172
18     175     85     3247
19     95     60     569
20     123     36     1321
21     97     112     1543
22     179     41     3373
23     21     4     861
24     63     93     2335
25     69     198     879
26     179     148     3939
27     176     92     370
28     23     189     227
29     65     94     2758
30     42     192     749
31     50     43     2935
32     118     101     781
33     58     25     261
34     194     164     234
35     179     77     2688
36     60     80     640
37     72     11     3461
38     27     116     357
39     13     49     3344
40     3     149     560
41     93     45     1269
42     169     12     779
43     108     46     3426
44     97     38     315
45     99     85     3603
46     80     84     801
47     154     10     1718
48     140     103     1471
49     129     78     3500
50     191     146     391
51     139     13     3843
52     26     102     57
53     78     45     3138
54     165     156     905
55     143     72     3375
56     186     50     158
57     14     1     2018
58     29     143     2164
59     31     36     780
60     61     45     2971
61     192     43     644
62     184     95     778
63     150     21     2556
64     57     154     845
65     16     98     2036
66     97     46     782
67     53     66     944
68     106     14     913
69     39     175     2088
70     138     118     373
71     3     37     2473
72     138     93     119
73     102     85     2048
74     63     34     567
75     148     124     3958
76     142     101     137
77     108     155     3142
78     27     78     19
79     199     123     218
80     99     175     2090
81     182     183     404
82     144     40     134
83     164     9     3893
84     40     36     195
85     146     21     3062
86     71     176     544
87     199     194     3218
88     68     163     341
89     38     75     3129
90     45     50     706
91     103     15     979
92     163     148     296
93     186     26     473
94     76     142     1620
95     43     158     1129
96     99     136     2780
97     105     97     100
98     191     44     2377
99     95     156     331
100     143     21     3026
