10.061     2048     1936.4
10.422     2051     1936.4
10.422     2051     1936.4
10.061     2048     1936.4
10.422     2051     1936.4
10.422     2051     1936.4
10.061     2048     1936.4
10.422     2051     1936.4
10.422     2051     1936.4
10.422     2051     1936.4
             
10.204     1920     1853.4
10.110     1926     1853.4
10.110     1926     1853.4
10.204     1920     1853.4
10.204     1926     1853.4
10.204     1926     1853.4
10.204     1920     1853.4
10.110     1926     1853.4
10.110     1926     1853.4
10.204     1926     1853.4
             
10.057     1992     1936.8
10.123     2005     1936.8
10.123     2005     1936.8
10.057     1992     1936.8
10.123     2005     1936.8
10.123     2005     1936.8
10.057     1992     1936.8
10.123     2005     1936.8
10.123     2005     1936.8
10.123     2005     1936.8
             
10.094     2074     1993.8
10.301     2065     1993.8
10.301     2065     1993.8
10.094     2074     1993.8
10.301     2074     1993.8
10.301     2074     1993.8
10.094     2074     1993.8
10.301     2065     1993.8
10.301     2065     1993.8
10.301     2074     1993.8
             
10.247     2028     1897.2
10.224     2027     1897.2
10.224     2027     1897.2
10.247     2028     1897.2
10.247     2028     1897.2
10.247     2028     1897.2
10.247     2028     1897.2
10.224     2027     1897.2
10.224     2027     1897.2
10.247     2028     1897.2
             
10.291     2015     1947.2
10.235     2023     1947.2
10.235     2023     1947.2
10.291     2015     1947.2
10.291     2023     1947.2
10.291     2023     1947.2
10.291     2015     1947.2
10.235     2023     1947.2
10.235     2023     1947.2
10.291     2023     1947.2
             
10.180     1969     1891
10.288     1963     1891
10.288     1963     1891
10.180     1969     1891
10.288     1969     1891
10.288     1969     1891
10.180     1969     1891
10.288     1963     1891
10.288     1963     1891
10.288     1969     1891
             
10.020     2026     1922.4
10.290     2036     1922.4
10.290     2036     1922.4
10.020     2026     1922.4
10.290     2036     1922.4
10.290     2036     1922.4
10.020     2026     1922.4
10.290     2036     1922.4
10.290     2036     1922.4
10.290     2036     1922.4
             
10.409     1808     1754.4
10.471     1805     1754.4
10.471     1805     1754.4
10.409     1808     1754.4
10.471     1808     1754.4
10.471     1808     1754.4
10.409     1808     1754.4
10.471     1805     1754.4
10.471     1805     1754.4
10.471     1808     1754.4
             
10.031     1919     1881.6
10.240     1914     1881.6
10.240     1914     1881.6
10.031     1919     1881.6
10.240     1919     1881.6
10.240     1919     1881.6
10.031     1919     1881.6
10.240     1914     1881.6
10.240     1914     1881.6
10.240     1919     1881.6
             
