10.007     2054     1936.4
10.006     2059     1936.4
10.006     2059     1936.4
10.007     2054     1936.4
10.007     2059     1936.4
10.007     2059     1936.4
10.007     2054     1936.4
10.006     2059     1936.4
10.006     2059     1936.4
10.007     2059     1936.4
             
10.002     1908     1853.4
10.004     1937     1853.4
10.004     1937     1853.4
10.002     1908     1853.4
10.004     1937     1853.4
10.004     1937     1853.4
10.002     1908     1853.4
10.004     1937     1853.4
10.004     1937     1853.4
10.004     1937     1853.4
             
10.002     2008     1936.8
10.005     2002     1936.8
10.005     2002     1936.8
10.002     2008     1936.8
10.005     2008     1936.8
10.005     2008     1936.8
10.002     2008     1936.8
10.005     2002     1936.8
10.005     2002     1936.8
10.005     2008     1936.8
             
10.007     2062     1993.8
10.001     2059     1993.8
10.001     2059     1993.8
10.007     2062     1993.8
10.007     2062     1993.8
10.007     2062     1993.8
10.007     2062     1993.8
10.001     2059     1993.8
10.001     2059     1993.8
10.007     2062     1993.8
             
10.004     2023     1897.2
10.010     2023     1897.2
10.010     2023     1897.2
10.004     2023     1897.2
10.010     2023     1897.2
10.010     2023     1897.2
10.004     2023     1897.2
10.010     2023     1897.2
10.010     2023     1897.2
10.010     2023     1897.2
             
10.003     2008     1947.2
10.010     2006     1947.2
10.010     2006     1947.2
10.003     2008     1947.2
10.010     2008     1947.2
10.010     2008     1947.2
10.003     2008     1947.2
10.010     2006     1947.2
10.010     2006     1947.2
10.010     2008     1947.2
             
10.008     1964     1891
10.006     1958     1891
10.006     1958     1891
10.008     1964     1891
10.008     1964     1891
10.008     1964     1891
10.008     1964     1891
10.006     1958     1891
10.006     1958     1891
10.008     1964     1891
             
10.006     2020     1922.4
10.001     2014     1922.4
10.001     2014     1922.4
10.006     2020     1922.4
10.006     2020     1922.4
10.006     2020     1922.4
10.006     2020     1922.4
10.001     2014     1922.4
10.001     2014     1922.4
10.006     2020     1922.4
             
10.001     1809     1754.4
10.007     1799     1754.4
10.007     1799     1754.4
10.001     1809     1754.4
10.007     1809     1754.4
10.007     1809     1754.4
10.001     1809     1754.4
10.007     1799     1754.4
10.007     1799     1754.4
10.007     1809     1754.4
             
10.001     1916     1881.6
10.002     1914     1881.6
10.002     1914     1881.6
10.001     1916     1881.6
10.002     1916     1881.6
10.002     1916     1881.6
10.001     1916     1881.6
10.002     1914     1881.6
10.002     1914     1881.6
10.002     1916     1881.6
             
