1     60     49     36
2     196     10     209
3     32     40     166
4     175     48     400
5     56     10     108
6     38     38     330
7     87     33     86
8     68     44     434
9     41     12     45
10     12     44     97
11     87     10     99
12     133     26     178
13     58     42     270
14     21     35     67
15     153     18     102
16     191     42     209
17     13     38     174
18     164     6     390
19     91     30     45
20     113     17     144
21     132     8     117
22     103     28     97
23     66     46     219
24     128     44     301
25     180     14     43
26     81     2     481
27     109     23     66
28     188     6     240
29     108     17     142
30     70     44     58
31     181     45     486
32     51     10     123
33     38     1     307
34     99     25     82
35     174     10     147
36     92     17     170
37     17     1     280
38     128     10     94
39     126     20     129
40     28     32     222
41     12     9     55
42     106     46     429
43     198     41     8
44     124     25     126
45     68     40     88
46     175     42     354
47     82     45     87
48     52     22     81
49     67     41     281
50     169     24     82
