1     194     154     3104
2     145     129     1712
3     195     141     1760
4     143     112     1572
5     199     137     7027
6     5     124     1061
7     165     38     5399
8     144     186     282
9     62     19     1429
10     66     93     2998
11     189     97     210
12     188     115     4480
13     28     167     1125
14     135     28     6526
15     194     45     1952
16     83     149     4796
17     108     160     1090
18     105     50     2695
19     181     167     5571
20     49     1     1518
21     4     191     5973
22     38     170     1065
23     168     133     5887
24     165     19     1069
25     93     150     865
26     41     155     4681
27     79     34     329
28     189     86     5612
29     151     100     1790
30     189     51     3964
31     63     194     3788
32     128     72     2507
33     26     87     6719
34     66     119     1521
35     117     67     1990
36     35     168     5494
37     91     139     435
38     174     112     7361
39     106     141     1089
40     74     62     156
41     35     9     5244
42     162     171     573
43     193     158     5849
44     5     156     1071
45     33     195     2396
46     13     81     4119
47     87     137     993
48     87     21     5487
49     167     43     1581
50     23     112     630
51     151     41     2615
52     30     56     2251
53     6     106     7071
54     128     76     1767
55     19     15     836
56     127     157     4174
57     92     23     289
58     166     161     2263
59     193     44     3038
60     105     120     2711
61     95     30     6412
62     73     91     1423
63     140     43     7566
64     37     79     1723
65     126     182     3508
66     119     29     475
67     184     111     5183
68     174     56     1563
69     143     9     5904
70     130     127     96
71     48     176     2858
72     164     88     2233
73     1     120     275
74     193     184     1711
75     9     190     8072
76     33     135     625
77     197     18     6662
78     192     158     617
79     35     87     3257
80     109     195     3391
81     102     68     3973
82     34     37     1449
83     18     149     7432
84     150     139     1356
85     84     159     2327
86     175     124     2800
87     193     152     7331
88     55     74     1870
89     166     166     3138
90     158     6     362
91     167     31     5288
92     27     71     1498
93     23     115     3887
94     22     87     3380
95     24     5     5155
96     84     168     1328
97     80     148     310
98     1     31     2158
99     122     110     193
100     96     179     8125
101     85     30     1090
102     51     94     4911
103     162     27     436
104     138     109     2911
105     157     109     2599
106     10     52     1971
107     35     68     3950
108     123     114     5201
109     102     59     735
110     193     156     3139
111     62     161     890
112     106     93     10
113     82     151     2092
114     194     58     7272
115     154     70     795
116     25     49     1688
117     152     67     4774
118     198     182     244
119     117     33     896
120     150     132     1424
121     129     25     3116
122     56     113     4173
123     61     49     1773
124     135     33     5995
125     186     35     1340
126     63     54     2647
127     177     79     4361
128     102     48     2035
129     62     101     7625
130     88     5     1110
131     20     88     5189
132     103     79     1902
133     34     177     6271
134     160     130     561
135     174     125     4066
136     69     43     4696
137     21     30     1553
138     40     30     5030
139     68     6     1639
140     31     88     7264
141     121     2     1306
142     12     122     2408
143     71     83     2797
144     81     121     7370
145     124     161     1844
146     9     133     7271
147     197     171     277
148     56     40     5026
149     105     165     821
150     177     160     1446
151     82     102     3335
152     17     176     6863
153     177     58     1559
154     84     126     6704
155     124     76     1849
156     92     141     4600
157     6     162     1230
158     15     97     7874
159     154     87     125
160     9     178     1730
161     170     77     7676
162     87     169     1637
163     81     144     4954
164     14     66     290
165     64     69     1866
166     195     145     1028
167     31     106     3292
168     185     103     4746
169     180     166     939
170     79     65     6713
171     98     45     1563
172     33     74     471
173     188     52     3289
174     146     32     3681
175     142     26     5585
176     29     63     323
177     24     138     7816
178     12     196     1220
179     153     155     7798
180     24     24     302
181     28     45     7653
182     132     40     1158
183     153     199     6225
184     119     182     300
185     154     65     749
186     144     129     4816
187     132     63     871
188     117     188     4382
189     86     43     1961
190     187     141     5200
191     115     123     717
192     15     26     6525
193     142     180     1764
194     155     112     3774
195     131     109     4455
196     109     28     1619
197     121     167     158
198     122     175     3836
199     162     58     2537
200     10     30     2521
