20.954     8250     7898
20.438     8256     7898
20.438     8256     7898
20.954     8250     7898
20.954     8256     7898
20.954     8256     7898
20.954     8250     7898
20.438     8256     7898
20.438     8256     7898
20.954     8256     7898
             
20.657     8551     8380
20.053     8542     8380
20.053     8542     8380
20.657     8551     8380
20.657     8551     8380
20.657     8551     8380
20.657     8551     8380
20.053     8542     8380
20.053     8542     8380
20.657     8551     8380
             
20.173     8003     7539
20.267     7966     7539
20.267     7966     7539
20.173     8003     7539
20.267     8003     7539
20.267     8003     7539
20.173     8003     7539
20.267     7966     7539
20.267     7966     7539
20.267     8003     7539
             
20.845     8494     7839.6
20.438     8523     7839.6
20.438     8523     7839.6
20.845     8494     7839.6
20.845     8523     7839.6
20.845     8523     7839.6
20.845     8494     7839.6
20.438     8523     7839.6
20.438     8523     7839.6
20.845     8523     7839.6
             
20.969     7895     7882
20.173     8068     7882
20.173     8068     7882
20.969     7895     7882
20.969     8068     7882
20.969     8068     7882
20.969     7895     7882
20.173     8068     7882
20.173     8068     7882
20.969     8068     7882
             
20.251     8426     8198
20.001     8447     8198
20.001     8447     8198
20.251     8426     8198
20.251     8447     8198
20.251     8447     8198
20.251     8426     8198
20.001     8447     8198
20.001     8447     8198
20.251     8447     8198
             
20.658     8462     8221
20.672     8462     8221
20.672     8462     8221
20.658     8462     8221
20.672     8462     8221
20.672     8462     8221
20.658     8462     8221
20.672     8462     8221
20.672     8462     8221
20.672     8462     8221
             
20.626     8393     8129
20.157     8411     8129
20.157     8411     8129
20.626     8393     8129
20.626     8411     8129
20.626     8411     8129
20.626     8393     8129
20.157     8411     8129
20.157     8411     8129
20.626     8411     8129
             
20.267     8437     8070
20.485     8425     8070
20.485     8425     8070
20.267     8437     8070
20.485     8437     8070
20.485     8437     8070
20.267     8437     8070
20.485     8425     8070
20.485     8425     8070
20.485     8437     8070
             
20.115     8379     7949
20.251     8387     7949
20.251     8387     7949
20.115     8379     7949
20.251     8387     7949
20.251     8387     7949
20.115     8379     7949
20.251     8387     7949
20.251     8387     7949
20.251     8387     7949
             
