5     1888     1794.6
5     1891     1794.6
5     1874     1794.6
5     1874     1794.6
5     1891     1794.6
5     1891     1794.6
5     1874     1794.6
5     1874     1794.6
5     1891     1794.6
5     1891     1794.6
             
5.001     1935     1829
5     1930     1829
5     1939     1829
5     1939     1829
5.001     1935     1829
5.001     1935     1829
5     1939     1829
5     1939     1829
5     1930     1829
5.001     1935     1829
             
5     1893     1776.6
5.001     1878     1776.6
5     1896     1776.6
5     1896     1776.6
5.001     1893     1776.6
5.001     1893     1776.6
5     1896     1776.6
5     1896     1776.6
5.001     1878     1776.6
5.001     1893     1776.6
             
5.001     1874     1761.4
5     1874     1761.4
5     1869     1761.4
5     1869     1761.4
5.001     1874     1761.4
5.001     1874     1761.4
5     1869     1761.4
5     1869     1761.4
5     1874     1761.4
5.001     1874     1761.4
             
5     1834     1711.8
5.001     1844     1711.8
5     1839     1711.8
5     1839     1711.8
5.001     1844     1711.8
5.001     1844     1711.8
5     1839     1711.8
5     1839     1711.8
5.001     1844     1711.8
5.001     1844     1711.8
             
5.001     1894     1797
5     1913     1797
5     1890     1797
5     1890     1797
5.001     1913     1797
5.001     1913     1797
5     1890     1797
5     1890     1797
5     1913     1797
5.001     1913     1797
             
5.001     2220     2084.6
5     2238     2084.6
5     2235     2084.6
5     2235     2084.6
5.001     2238     2084.6
5.001     2238     2084.6
5     2235     2084.6
5     2235     2084.6
5     2238     2084.6
5.001     2238     2084.6
             
5     2110     1973.6
5.001     2100     1973.6
5     2138     1973.6
5     2138     1973.6
5.001     2110     1973.6
5.001     2110     1973.6
5     2138     1973.6
5     2138     1973.6
5.001     2100     1973.6
5.001     2110     1973.6
             
5     1940     1878.6
5     1914     1878.6
5     1941     1878.6
5     1941     1878.6
5     1940     1878.6
5     1940     1878.6
5     1941     1878.6
5     1941     1878.6
5     1914     1878.6
5     1940     1878.6
             
5     1808     1721.8
5     1851     1721.8
5     1826     1721.8
5     1826     1721.8
5     1851     1721.8
5     1851     1721.8
5     1826     1721.8
5     1826     1721.8
5     1851     1721.8
5     1851     1721.8
             
