5     1884     1794.6
5.001     1882     1794.6
5     1884     1794.6
5     1884     1794.6
5.001     1884     1794.6
5.001     1884     1794.6
5     1884     1794.6
5     1884     1794.6
5.001     1882     1794.6
5     1882     1794.6
             
5     1931     1829
5     1935     1829
5     1927     1829
5     1927     1829
5     1927     1829
5     1927     1829
5     1927     1829
5     1927     1829
5     1935     1829
5     1931     1829
             
5     1873     1776.6
5     1875     1776.6
5.001     1873     1776.6
5.001     1873     1776.6
5     1875     1776.6
5     1875     1776.6
5.001     1873     1776.6
5.001     1873     1776.6
5     1875     1776.6
5     1873     1776.6
             
5     1854     1761.4
5     1854     1761.4
5     1856     1761.4
5     1856     1761.4
5     1854     1761.4
5     1854     1761.4
5     1856     1761.4
5     1856     1761.4
5     1854     1761.4
5     1854     1761.4
             
5     1805     1711.8
5     1805     1711.8
5.005     1800     1711.8
5.005     1800     1711.8
5     1805     1711.8
5     1805     1711.8
5.005     1800     1711.8
5.005     1800     1711.8
5     1805     1711.8
5     1805     1711.8
             
5     1863     1797
5     1859     1797
5     1899     1797
5     1859     1797
5     1863     1797
5     1863     1797
5     1859     1797
5     1899     1797
5     1859     1797
5     1859     1797
             
5     2227     2084.6
5     2220     2084.6
5.001     2226     2084.6
5.001     2220     2084.6
5     2220     2084.6
5     2220     2084.6
5.001     2220     2084.6
5.001     2226     2084.6
5     2220     2084.6
5     2220     2084.6
             
5     2077     1973.6
5     2088     1973.6
5     2077     1973.6
5     2084     1973.6
5     2077     1973.6
5     2077     1973.6
5     2084     1973.6
5     2077     1973.6
5     2088     1973.6
5     2077     1973.6
             
5     1898     1878.6
5     1900     1878.6
5     1905     1878.6
5     1905     1878.6
5     1898     1878.6
5     1898     1878.6
5     1905     1878.6
5     1905     1878.6
5     1900     1878.6
5     1898     1878.6
             
5.001     1828     1721.8
5     1798     1721.8
5     1814     1721.8
5     1798     1721.8
5.001     1798     1721.8
5.001     1798     1721.8
5     1798     1721.8
5     1814     1721.8
5     1798     1721.8
5     1798     1721.8
             
