10.279     2687     2630
10.490     2687     2630
10.490     2687     2630
10.279     2687     2630
10.490     2687     2630
10.490     2687     2630
10.279     2687     2630
10.490     2687     2630
10.490     2687     2630
10.490     2687     2630
             
10.328     2619     2536.5
10.006     2605     2536.5
10.006     2605     2536.5
10.328     2619     2536.5
10.328     2619     2536.5
10.328     2619     2536.5
10.328     2619     2536.5
10.006     2605     2536.5
10.006     2605     2536.5
10.328     2619     2536.5
             
10.132     2567     2483
10.262     2582     2483
10.262     2582     2483
10.132     2567     2483
10.262     2582     2483
10.262     2582     2483
10.132     2567     2483
10.262     2582     2483
10.262     2582     2483
10.262     2582     2483
             
10.062     2805     2751
10.518     2802     2751
10.518     2802     2751
10.062     2825     2751
10.518     2805     2751
10.518     2805     2751
10.062     2825     2751
10.518     2802     2751
10.518     2802     2751
10.518     2805     2751
             
10.226     2507     2448.5
10.097     2498     2448.5
10.097     2498     2448.5
10.226     2507     2448.5
10.226     2507     2448.5
10.226     2507     2448.5
10.226     2507     2448.5
10.097     2498     2448.5
10.097     2498     2448.5
10.226     2507     2448.5
             
10.099     2520     2416
10.260     2516     2416
10.260     2516     2416
10.099     2520     2416
10.260     2520     2416
10.260     2520     2416
10.099     2520     2416
10.260     2516     2416
10.260     2516     2416
10.260     2520     2416
             
10.147     2464     2389
10.375     2466     2389
10.375     2488     2389
10.147     2464     2389
10.375     2466     2389
10.375     2466     2389
10.147     2464     2389
10.375     2488     2389
10.375     2466     2389
10.375     2466     2389
             
10.071     2692     2544
10.385     2699     2544
10.385     2699     2544
10.071     2692     2544
10.385     2699     2544
10.385     2699     2544
10.071     2692     2544
10.385     2699     2544
10.385     2699     2544
10.385     2699     2544
             
10.016     2572     2494.5
10.094     2572     2494.5
10.094     2572     2494.5
10.016     2572     2494.5
10.094     2572     2494.5
10.094     2572     2494.5
10.016     2572     2494.5
10.094     2572     2494.5
10.094     2572     2494.5
10.094     2572     2494.5
             
10.004     2452     2378
10.199     2453     2378
10.199     2453     2378
10.004     2452     2378
10.199     2453     2378
10.199     2453     2378
10.004     2452     2378
10.199     2453     2378
10.199     2453     2378
10.199     2453     2378
             
