10.001     2706     2630
10.002     2706     2630
10.002     2706     2630
10.001     2706     2630
10.002     2706     2630
10.002     2706     2630
10.001     2706     2630
10.002     2706     2630
10.002     2706     2630
10.002     2706     2630
             
10.001     2613     2536.5
10.001     2596     2536.5
10.001     2596     2536.5
10.001     2613     2536.5
10.001     2613     2536.5
10.001     2613     2536.5
10.001     2613     2536.5
10.001     2596     2536.5
10.001     2596     2536.5
10.001     2613     2536.5
             
10.001     2567     2483
10.001     2567     2483
10.001     2567     2483
10.001     2567     2483
10.001     2567     2483
10.001     2567     2483
10.001     2567     2483
10.001     2567     2483
10.001     2567     2483
10.001     2567     2483
             
10.001     2825     2751
10.001     2825     2751
10.001     2825     2751
10.001     2825     2751
10.001     2825     2751
10.001     2825     2751
10.001     2825     2751
10.001     2825     2751
10.001     2825     2751
10.001     2825     2751
             
10.001     2522     2448.5
10.001     2522     2448.5
10.001     2522     2448.5
10.001     2522     2448.5
10.001     2522     2448.5
10.001     2522     2448.5
10.001     2522     2448.5
10.001     2522     2448.5
10.001     2522     2448.5
10.001     2522     2448.5
             
10.001     2516     2416
10.001     2516     2416
10.001     2516     2416
10.001     2516     2416
10.001     2516     2416
10.001     2516     2416
10.001     2516     2416
10.001     2516     2416
10.001     2516     2416
10.001     2516     2416
             
10.001     2488     2389
10.001     2488     2389
10.001     2488     2389
10.001     2488     2389
10.001     2488     2389
10.001     2488     2389
10.001     2488     2389
10.001     2488     2389
10.001     2488     2389
10.001     2488     2389
             
10.001     2692     2544
10.001     2692     2544
10.001     2692     2544
10.001     2692     2544
10.001     2692     2544
10.001     2692     2544
10.001     2692     2544
10.001     2692     2544
10.001     2692     2544
10.001     2692     2544
             
10.001     2572     2494.5
10.001     2572     2494.5
10.001     2572     2494.5
10.001     2572     2494.5
10.001     2572     2494.5
10.001     2572     2494.5
10.001     2572     2494.5
10.001     2572     2494.5
10.001     2572     2494.5
10.001     2572     2494.5
             
10.001     2452     2378
10.001     2476     2378
10.001     2476     2378
10.001     2452     2378
10.001     2476     2378
10.001     2476     2378
10.001     2452     2378
10.001     2476     2378
10.001     2476     2378
10.001     2476     2378
             
