10.008     2706     2630
10.006     2687     2630
10.006     2685     2630
10.008     2687     2630
10.008     2687     2630
10.008     2687     2630
10.008     2687     2630
10.006     2685     2630
10.006     2687     2630
10.006     2687     2630
             
10.013     2613     2536.5
10.005     2613     2536.5
10.005     2613     2536.5
10.013     2613     2536.5
10.013     2613     2536.5
10.013     2613     2536.5
10.013     2613     2536.5
10.005     2613     2536.5
10.005     2613     2536.5
10.005     2613     2536.5
             
10.008     2567     2483
10.009     2567     2483
10.009     2567     2483
10.008     2567     2483
10.009     2567     2483
10.009     2567     2483
10.008     2567     2483
10.009     2567     2483
10.009     2567     2483
10.008     2567     2483
             
10.010     2805     2751
10.012     2805     2751
10.012     2805     2751
10.010     2825     2751
10.012     2805     2751
10.012     2805     2751
10.010     2825     2751
10.012     2805     2751
10.012     2805     2751
10.010     2805     2751
             
10.002     2522     2448.5
10.003     2522     2448.5
10.003     2498     2448.5
10.002     2522     2448.5
10.003     2498     2448.5
10.003     2498     2448.5
10.002     2522     2448.5
10.003     2498     2448.5
10.003     2522     2448.5
10.002     2522     2448.5
             
10.001     2516     2416
10.012     2516     2416
10.012     2516     2416
10.001     2516     2416
10.012     2516     2416
10.012     2516     2416
10.001     2516     2416
10.012     2516     2416
10.012     2516     2416
10.001     2516     2416
             
10.003     2464     2389
10.006     2464     2389
10.006     2464     2389
10.003     2464     2389
10.006     2464     2389
10.006     2464     2389
10.003     2464     2389
10.006     2464     2389
10.006     2464     2389
10.003     2464     2389
             
10.003     2692     2544
10.006     2692     2544
10.006     2692     2544
10.003     2692     2544
10.006     2692     2544
10.006     2692     2544
10.003     2692     2544
10.006     2692     2544
10.006     2692     2544
10.003     2692     2544
             
10.009     2572     2494.5
10.001     2572     2494.5
10.001     2572     2494.5
10.009     2572     2494.5
10.009     2572     2494.5
10.009     2572     2494.5
10.009     2572     2494.5
10.001     2572     2494.5
10.001     2572     2494.5
10.001     2572     2494.5
             
10.014     2453     2378
10.006     2452     2378
10.006     2452     2378
10.014     2453     2378
10.014     2453     2378
10.014     2453     2378
10.014     2453     2378
10.006     2452     2378
10.006     2452     2378
10.006     2452     2378
             
