1       11        8      421
2        4        6      257
3        9        9       89
4        3        3       67
5        9        2      188
6        6        7      371
7        7        4       30
8       15        5      552
9        7        4      276
10       13        9      434
11        9        1       52
12        6        7      392
13        4        3      364
14       10        7      346
15       15        6      348
16       15        9      101
17        5        5      310
18       15        7       41
19        9        4      363
20       14        4      237
21       13        5      527
22        3        1      480
23        7        8       59
24       11        4      368
25        5        7      383
26       14        2       86
27        6        2      404
28        9        9      562
29       12        3       87
30       14        3      120
31        5        3      221
32        9        5      441
33        5        2      272
34       12        4      485
35       15        2      215
36       15        5      239
37       10        3      241
38       14        8      191
39        5        8      174
40        7        6      402
41        5        1      128
42        5        5      258
43        9        3      137
44        3        1      129
45       12        3       41
46        5        8      455
47        4        6      533
48       15        6      234
49        3        4      328
50        8        9      240
51       14        2        5
52       15        3      421
53        6        1      472
54        6        1       10
55       12        7      217
56        3        7      168
57       13        2      312
58        6        2       78
59       15        8      318
60       10        4      266
61        4        8      532
62       13        3      364
63        6        3      528
64        7        6      277
65       10        4      475
66        7        5      113
67        8        8      495
68        3        3      327
69        6        5      540
70        6        7      148
71        3        4      111
72        3        7       53
73        5        8      403
74        7        3      303
75       15        8      227
76        9        4      219
77        8        3      201
78        6        8        7
79        5        6      172
80        4        9      270
81       11        8      550
82        6        9      318
83       11        9      341
84        3        3      343
85        8        4      462
86        5        6      367
87        4        9       70
88        6        4      204
89       10        4      490
90       13        5      111
91        8        5      558
92       15        7       76
93       14        4       69
94        9        5      198
95        7        4      469
96        8        2       71
97       13        2      550
98        9        1      535
99        8        3       26
100        4        2      179
101        5        5      424
102        7        2      433
103       14        5      123
104        3        4      244
105        8        2      303
106        9        6      378
107        3        9      402
108        5        7       43
109        5        3      241
110       12        4       37
111       12        3      229
112       12        5      317
113       13        8      385
114        8        3      259
115       13        4      421
116        8        9      226
117        7        5       22
118        8        6       65
119        3        1      208
120        6        4      360
121       14        5      151
122       13        6      245
123       11        7       54
124        9        5      504
125       14        9      449
126        6        1      530
127       12        7      440
128        5        2      120
129        7        5      134
130        5        8      493
131       15        2      120
132       15        5      442
133        5        3      333
134        5        2      301
135        5        8      428
136        7        2      512
137        7        5      502
138       13        1      286
139        8        6      138
140       14        9      340
141        3        5      544
142       13        1      533
143       11        6      303
144       11        8      462
145        9        7      539
146       13        7      379
147        8        4      547
148       12        3      128
149        8        6      283
150       15        6      231
151        4        1       21
152        8        1      333
153        5        8      446
154        4        6      140
155       14        7       67
156       11        9      489
157       14        1      409
158       14        4      428
159        8        6       32
160        7        4       80
161       11        1      554
162       13        8      470
163        9        2      524
164       14        6       80
165       15        5      288
166        9        6      386
167       13        9      212
168        3        6      148
169       15        5      375
170        3        1      106
171        6        6      223
172       13        6      283
173        5        7      454
174       10        4      547
175        3        3      151
176        9        8      550
177       13        2      539
178        3        7      370
179        9        9      420
180        5        7       61
181        5        6      433
182        7        7      325
183       11        7       74
184       10        6      307
185        7        3      443
186        4        9      296
187       13        3      125
188        4        4      335
189       11        6      124
190       10        6      168
191        9        5      350
192        3        7      206
193        3        8      490
194       14        7      153
195        6        9      384
196        8        2      154
197       14        3      168
198        9        8      215
199        7        9      400
200        5        1      229
201        5        3       91
202        8        4       84
203        4        6      164
204        5        2      347
205        4        1      359
206        7        8      451
207        7        2      137
208        8        8      460
209        6        7      530
210       10        2      312
211       13        9      264
212        8        9       46
213        9        1      313
214       14        2      563
215        4        4      466
216       13        3      333
217       12        3      395
218        7        6       82
219       12        6      504
220        5        1      411
221        9        2      194
222       10        3      162
223       11        9      342
224        5        9      454
225       11        3       91
226        3        8      412
227       15        8       42
228       15        3      548
229        7        3      165
230       14        4      128
231        7        9      155
232        8        3      459
233       11        6      269
234        8        3      515
235       15        3      162
236        5        2      173
237        7        4      396
238       15        3      190
239        9        7      105
240        3        6      393
241        3        8       42
242        5        4      337
243       10        8      543
244       12        6      282
245        3        6      409
246        5        1      393
247       10        5      215
248        3        4      388
249       12        9      557
250        3        2      324
251       14        6      200
252       10        3      361
253        4        8      235
254        8        6      451
255        4        6      128
256       14        2      198
257        4        8      408
258       12        5      190
259       14        8      423
260        7        7      366
261        5        6      163
262        5        4      149
263        9        9      547
264        3        2      353
265        7        6      461
266       10        6      447
267        3        4      545
268       10        4      425
269        6        9      448
270        3        1      462
271        3        3      451
272        5        6       21
273        9        2       70
274       10        4      178
275        9        8      496
276        6        6       19
277        4        9      172
278       10        7      247
279        5        4       15
280        3        2      315
281        5        6       58
282        6        6      267
283        6        1       28
284       11        4      176
285        7        9      344
286       11        2      137
287       11        8      491
288       14        9      423
289       13        7       13
290        9        2       63
291       13        2      211
292       14        7      522
293       12        9      415
294        5        8      326
295       10        4      262
296       15        9      140
297       13        1      276
298        6        5      503
299       13        6      361
300       10        1       26
301        4        5       35
302        7        1      468
303        3        2      430
304       13        7      463
305        6        5       34
306       13        5      405
307        6        7      508
308        3        4      486
309       11        6      543
310        7        3      521
311       14        6       43
312       14        7      447
313       15        2      452
314        3        6      504
315        5        2      369
316        8        8      477
317       15        6      196
318        4        9      209
319       11        4      345
320        9        4      296
321        5        2      526
322        9        3      487
323       10        7      417
324        4        7      423
325        7        5      356
326       12        6      503
327        7        4      401
328        3        6      311
329       12        2        1
330        4        7        5
331        8        8      478
332       13        9      108
333        7        2      230
334        8        6      109
335       12        5       76
336        8        1      563
337        4        9      427
338        3        8        8
339        9        4      415
340       10        8      558
341        6        4       16
342        4        2      339
343        6        3      463
344        3        5      364
345        3        2      309
346        4        1      549
347       15        1      379
348       13        5       32
349        6        4      511
350        6        6      156
351       11        6       52
352       15        2      539
353        4        6       72
354        3        2      166
355       14        8      435
356        8        2       43
357        8        7      243
358       12        6      549
359        6        9      304
360       14        1       99
361        3        6      264
362       10        6       16
363       14        7      199
364       11        4      404
365        9        9      272
366       10        4      151
367       14        7      423
368       10        9      163
369        7        5      276
370       11        5      449
371        5        4      293
372        7        4      296
373        8        7      158
374        5        3      369
375       15        1      467
376       13        5      245
377        5        5      117
378        5        4      308
379        9        2      358
380       11        3      268
381        9        3       10
382        5        2      108
383       12        3      361
384       14        4      108
385        4        3      330
386        4        3      392
387       13        4      179
388        6        6      551
389        5        8      190
390        9        2      522
391       12        4      483
392       14        4      519
393       15        5      397
394       13        9      128
395       14        8      369
396        3        4       90
397       15        9      561
398       13        8      204
399        5        2      296
400       10        5      208
401       11        4      133
402        7        4      482
403       12        1      518
404        3        1      511
405        4        3       85
406        4        9      231
407        9        4      251
408        5        3       26
409        7        7      138
410       11        8      299
411       13        2      226
412        9        9      253
413        9        6      432
414        5        3      503
415        9        6      484
416        6        7       84
417        5        7      557
418       12        9      309
419       15        7      146
420        7        3      418
421        9        6        7
422        9        7      223
423        4        8      477
424        7        4       32
425       12        7       17
426       15        1      154
427        6        1      325
428        3        8      493
429        3        1      398
430       14        8      234
431       15        9      310
432       14        6      221
433        3        6      159
434        5        2      206
435        3        9       70
436        8        1      493
437        9        8      354
438        6        5      246
439        5        6      222
440        3        7      189
441       12        6      526
442       15        8       24
443        5        4      314
444        4        2      192
445        3        6      161
446       12        9      107
447       11        4      128
448       15        2      399
449       10        9      348
450       13        7      409
451       14        7      452
452       10        7      548
453       15        9      378
454        7        7       41
455       14        3      268
456        4        2      461
457        3        2      207
458       14        7       12
459        3        2      544
460        3        9       18
461       10        3      354
462       15        6      347
463        8        5       55
464        4        6      319
465       11        3      457
466       12        4      448
467        7        9       32
468       12        6      334
469        9        8       28
470        9        1      360
471       14        1      102
472        9        4        7
473       15        6      477
474        3        4      386
475       14        2       68
476       10        9       17
477       13        7      434
478        8        9      306
479       11        2      231
480       11        5      120
481        7        6      147
482        6        8      164
483       14        8      497
484        5        4      503
485        9        6       42
486       11        7      102
487        4        3       46
488        3        6      115
489        9        7      532
490        8        2      351
491       12        8      285
492        3        9      237
493        5        7      297
494        4        3      106
495       12        1       65
496       13        4      493
497        8        3      175
498       10        8        2
499       14        8      489
500        8        1      191
