1     51     5     504
2     57     46     2659
3     80     24     689
4     99     19     3209
5     68     38     619
6     29     35     207
7     3     19     1320
8     57     13     905
9     82     32     2026
10     98     31     358
11     98     36     2378
12     87     30     632
13     28     48     1796
14     7     20     695
15     90     35     2220
16     13     41     521
17     35     29     1333
18     28     42     1343
19     65     32     3713
20     44     34     919
21     33     37     3502
22     8     23     386
23     90     15     3425
24     82     3     213
25     45     17     2416
26     87     31     409
27     10     11     586
28     32     48     2452
29     10     12     41
30     59     49     2416
31     25     14     533
32     23     28     1531
33     67     48     3174
34     82     15     906
35     14     44     3604
36     7     9     290
37     84     31     1244
38     86     14     1862
39     87     11     3246
40     2     17     827
41     66     32     186
42     52     46     3622
43     81     1     614
44     84     31     1221
45     3     30     2431
46     3     16     125
47     61     32     3262
48     91     35     623
49     35     31     2752
50     15     35     43
51     9     30     3514
52     36     48     387
53     20     35     281
54     69     24     1464
55     54     32     2553
56     97     12     200
57     17     43     1178
58     15     42     679
59     36     20     558
60     18     32     3103
61     16     37     446
62     36     23     3487
63     67     19     840
64     69     35     2526
65     60     40     361
66     60     47     3451
67     53     46     31
68     25     43     3112
69     2     48     330
70     87     8     3166
71     53     26     444
72     64     17     20
73     90     23     3100
74     63     37     3
75     63     43     3668
76     24     47     829
77     63     23     506
78     12     40     3646
79     99     5     702
80     7     30     2538
81     27     17     755
82     83     11     2816
83     72     13     429
84     5     26     3708
85     71     1     740
86     19     42     853
87     55     2     153
88     94     24     796
89     90     24     664
90     78     1     290
91     61     24     1046
92     65     3     1019
93     70     47     107
94     75     13     2411
95     50     1     230
96     4     20     1885
97     34     46     330
98     80     5     927
99     16     32     1241
100     80     6     515
101     76     5     3383
102     73     31     517
103     91     37     2824
104     36     19     152
105     72     27     1041
106     47     29     1353
107     71     17     417
108     4     30     3154
109     34     6     333
110     40     5     2769
111     57     9     336
112     94     19     721
113     26     34     1372
114     79     41     1074
115     34     15     3584
116     63     12     152
117     20     20     2802
118     98     11     218
119     22     33     2570
120     83     41     658
121     13     25     2340
122     4     33     334
123     52     3     1180
124     30     8     159
125     25     5     2567
126     84     46     359
127     86     28     1127
128     24     27     797
129     20     15     3218
130     60     10     263
131     47     23     1579
132     86     5     1242
133     82     7     1921
134     99     20     524
135     92     49     1502
136     10     4     171
137     49     30     1004
138     79     10     2989
139     66     1     270
140     64     22     2697
141     72     49     681
142     63     49     2894
143     19     10     658
144     89     22     1692
145     25     16     2211
146     11     35     243
147     74     6     737
148     56     37     3128
149     57     10     615
150     5     44     2934
151     48     29     180
152     69     25     997
153     95     47     1695
154     20     20     3106
155     35     5     743
156     40     17     306
157     87     36     3733
158     96     22     426
159     47     8     2778
160     10     5     266
161     38     7     453
162     84     47     21
163     37     43     3547
164     15     49     491
165     45     13     630
166     83     47     841
167     13     24     1812
168     17     49     2581
169     23     19     299
170     64     39     3591
171     48     12     872
172     41     44     3042
173     44     28     47
174     54     14     588
175     2     9     1650
176     73     17     1150
177     68     18     1435
178     79     43     149
179     69     36     3591
180     88     20     145
181     15     38     3483
182     84     7     319
183     66     40     1981
184     17     10     578
185     62     22     1002
186     61     21     3292
187     23     14     830
188     32     8     68
189     66     37     2561
190     35     15     669
191     24     14     1906
192     53     19     494
193     43     48     1993
194     51     25     512
195     80     5     3374
196     14     3     110
197     83     10     3073
198     40     25     841
199     60     31     2437
200     64     3     591
201     86     46     1839
202     91     31     1302
203     1     21     2337
204     12     21     48
205     98     4     2927
206     24     9     384
207     13     42     1491
208     41     38     2582
209     93     15     381
210     97     24     3541
211     6     19     401
212     63     12     2917
213     4     38     569
214     11     22     39
215     9     24     3694
216     54     8     119
217     41     6     1786
218     39     45     1789
219     14     28     1205
220     58     22     1305
221     91     43     3015
222     47     24     563
223     11     27     3746
224     75     41     677
225     39     36     1479
226     1     28     748
227     65     39     3466
228     94     19     227
229     23     42     214
230     47     1     3620
231     39     42     673
232     53     14     2595
233     87     47     95
234     69     45     2460
235     12     35     377
236     70     13     1578
237     33     44     2406
238     71     39     721
239     25     6     2227
240     20     47     229
241     82     47     49
242     6     40     3412
243     1     26     303
244     63     28     3267
245     18     35     712
246     83     16     357
247     52     24     3032
248     21     49     280
249     56     33     745
250     96     45     1597
251     29     8     2827
252     88     5     827
253     23     30     3009
254     43     34     637
255     75     26     3408
256     98     35     935
257     91     38     2257
258     39     36     173
259     47     33     277
260     89     43     1526
261     74     32     1078
262     37     45     2804
263     31     35     368
264     45     21     2823
265     9     11     93
266     53     29     327
267     31     24     1323
268     80     1     264
269     95     15     2596
270     24     18     695
271     86     38     2266
272     20     16     438
273     83     29     3478
274     24     3     635
275     22     42     1643
276     32     36     1317
277     14     4     2007
278     63     26     155
279     19     7     1287
280     38     5     3113
281     62     34     328
282     38     5     1197
283     21     10     1276
284     68     23     3434
285     83     22     12
286     51     47     3594
287     90     27     203
288     31     17     1922
289     47     45     125
290     9     8     2313
291     69     14     247
292     69     22     2760
293     8     1     245
294     40     6     633
295     88     35     130
296     16     33     1978
297     60     29     324
298     79     42     1485
299     11     1     931
300     86     41     379
