1     124     14     2964
2     2     23     656
3     193     24     1767
4     104     35     4341
5     73     3     893
6     12     13     764
7     63     1     50
8     117     37     2837
9     48     2     1112
10     94     37     1156
11     187     30     2399
12     54     6     885
13     27     38     2901
14     118     46     4
15     90     44     1093
16     5     28     3893
17     17     22     15
18     146     9     1173
19     143     11     4107
20     163     1     1127
21     122     15     4857
22     90     3     800
23     26     1     2634
24     93     27     609
25     166     29     3224
26     80     47     195
27     107     28     1511
28     50     24     1121
29     185     9     691
30     119     28     3889
31     183     29     750
32     56     41     1255
33     136     40     1739
34     198     24     389
35     146     28     3903
36     124     2     370
37     37     47     130
38     140     26     610
39     171     48     2914
40     126     3     530
41     102     49     1853
42     61     37     3586
43     27     46     647
44     18     48     932
45     128     39     1476
46     84     31     3876
47     77     44     260
48     142     4     2313
49     42     15     2417
50     22     33     3164
51     12     12     635
52     157     18     3947
53     11     28     161
54     165     23     676
55     108     21     3737
56     1     14     841
57     61     34     4652
58     182     14     1203
59     13     23     1223
60     43     13     3935
61     126     14     617
62     192     21     4735
63     136     25     1004
64     80     26     959
65     194     29     258
66     93     21     4751
67     35     47     492
68     110     42     1823
69     6     3     1006
70     147     26     1656
71     155     29     826
72     177     5     2150
73     174     41     2376
74     142     48     1754
75     59     30     4814
76     195     39     843
77     130     23     4699
78     8     48     92
79     97     10     425
80     180     27     4088
81     103     46     1127
82     138     30     2459
83     27     27     263
84     59     30     1099
85     147     32     3558
86     164     5     857
87     98     25     332
88     14     46     1798
89     185     11     4031
90     169     14     755
91     103     12     3690
92     133     21     959
93     25     40     2090
94     20     31     265
95     186     30     2461
96     153     1     3897
97     102     48     1061
98     168     38     2019
99     107     5     3752
100     88     41     16
101     107     1     785
102     117     39     4179
103     42     11     1122
104     182     36     92
105     117     47     2308
106     64     17     2424
107     140     6     921
108     106     46     2182
109     126     21     4610
110     146     46     301
111     145     43     684
112     38     15     2282
113     4     32     752
114     61     27     448
115     194     40     3010
116     129     15     117
117     47     43     1016
118     180     37     234
119     76     10     584
120     1     32     1634
121     63     26     4835
122     65     49     1189
123     86     33     4663
124     34     8     983
125     189     17     1459
126     151     20     4401
127     11     33     240
128     34     25     3805
129     49     14     297
130     167     34     3330
131     88     36     980
132     191     13     304
133     8     35     4522
134     92     5     1028
135     56     14     2090
136     179     38     1088
137     118     6     76
138     111     17     165
139     140     47     2219
140     113     43     2786
141     163     22     1126
142     79     13     3426
143     185     26     1182
144     11     39     4163
145     71     34     1075
146     183     14     3043
147     105     3     1011
148     103     34     4428
149     65     37     434
150     63     1     2989
151     50     23     1198
152     149     18     4496
153     45     4     791
154     179     40     244
155     199     5     2075
156     94     46     2069
157     12     7     2687
158     127     45     643
159     146     17     16
160     136     7     1141
161     109     35     1971
162     159     40     3999
163     106     47     749
164     22     18     643
165     15     28     561
166     1     41     2107
167     62     32     392
168     29     9     3259
169     91     44     938
170     179     37     2938
171     37     42     662
172     189     7     31
173     47     3     4945
174     48     2     1170
175     27     11     2889
176     38     27     29
177     34     39     314
178     154     7     3912
179     10     49     82
180     70     25     3505
181     177     39     517
182     178     47     485
183     46     25     1306
184     130     23     3650
185     178     22     922
186     45     49     4867
187     168     19     653
188     16     17     109
189     158     17     3931
190     157     22     8
191     45     42     4729
192     17     31     477
193     153     36     4487
194     49     32     200
195     143     36     2638
196     152     22     1183
197     12     1     4328
198     102     12     704
199     76     7     1875
200     29     20     2170
