1     11     145     3909
2     38     4     232
3     77     22     3743
4     40     121     78
5     21     63     1111
6     39     3     534
7     63     43     5212
8     85     79     385
9     72     128     353
10     51     75     4394
11     53     12     1505
12     4     181     2715
13     22     184     4359
14     53     61     1261
15     98     52     5673
16     57     102     1050
17     52     28     2053
18     30     86     4053
19     23     186     1460
20     56     25     2480
21     47     51     3304
22     76     35     466
23     6     41     2413
24     18     108     2064
25     56     43     5106
26     59     139     986
27     87     66     3736
28     66     59     64
29     42     164     2721
30     59     162     2902
31     32     62     1677
32     41     143     5294
33     43     76     16
34     62     170     3829
35     7     102     27
36     5     159     1647
37     46     154     3337
38     77     26     1454
39     23     169     2514
40     57     32     3547
41     64     181     1321
42     71     184     803
43     55     119     597
44     11     63     769
45     50     36     2339
46     81     16     2756
47     65     186     1327
48     55     95     184
49     99     173     5234
50     27     73     133
51     32     152     1614
52     18     191     3209
53     95     110     1169
54     24     10     1717
55     29     197     3907
56     1     164     441
57     2     153     921
58     64     111     2829
59     5     150     5217
60     24     104     102
61     7     177     5012
62     27     57     1246
63     15     12     1994
64     36     192     503
65     84     180     168
66     82     76     3365
67     5     93     83
68     52     159     1953
69     22     57     124
70     24     70     4584
71     93     184     405
72     62     136     5831
73     87     2     22
74     33     3     5304
75     27     95     303
76     66     167     3069
77     55     21     19
78     15     196     4011
79     37     27     489
80     80     132     552
81     59     125     5112
82     99     107     458
83     10     21     5506
84     12     178     686
85     14     196     1610
86     48     109     2954
87     99     119     5823
88     84     137     752
89     53     45     4685
90     7     10     0
91     54     141     5256
92     17     186     1212
93     92     175     2242
94     21     98     4760
95     67     117     6
96     79     123     4426
97     55     128     913
98     35     57     1894
99     71     119     626
100     90     156     4340
101     26     29     1166
102     48     181     4701
103     92     149     1009
104     3     137     4900
105     90     58     1237
106     34     95     3220
107     37     114     316
108     55     8     4238
109     84     37     893
110     65     15     4458
111     87     115     976
112     98     142     3787
113     14     48     803
114     69     38     3274
115     14     41     111
116     21     129     3963
117     49     17     890
118     16     122     3921
119     74     66     1447
120     15     86     4341
121     2     191     1219
122     85     177     1748
123     43     98     5658
124     24     119     1054
125     97     149     2476
126     41     82     2664
127     14     149     1845
128     14     47     2186
129     84     179     1172
130     69     53     3563
131     58     91     754
132     41     7     4048
133     69     134     1232
134     80     38     5910
135     4     12     1016
136     7     24     3281
137     22     158     1494
138     54     198     725
139     90     17     304
140     98     199     4773
141     48     178     1119
142     85     91     4446
143     18     177     279
144     3     32     3085
145     6     117     325
146     42     4     5204
147     85     154     1029
148     20     3     411
149     8     126     3639
150     29     42     1098
151     83     170     3301
152     4     82     1353
153     72     195     242
154     34     134     5474
155     74     43     1426
156     69     146     4874
157     16     5     1477
158     3     21     4002
159     89     98     326
160     37     123     2419
161     63     85     5804
162     95     18     381
163     34     3     1229
164     97     95     1015
165     92     90     2095
166     16     119     226
167     53     57     894
168     59     40     3658
169     48     36     283
170     97     115     3471
171     26     106     907
172     61     37     2685
173     92     47     2606
174     1     8     5883
175     32     71     437
176     9     148     5416
177     76     59     962
178     37     47     4023
179     17     136     785
180     63     147     362
181     3     197     3593
182     84     36     1122
183     78     22     3601
184     16     92     1423
185     93     147     3411
186     80     181     1276
187     43     112     1960
188     91     170     1622
189     38     7     1174
190     12     79     5770
191     8     119     831
192     63     97     2331
193     69     192     1242
194     31     193     3597
195     78     138     819
196     51     123     4592
197     1     196     655
198     18     78     1832
199     1     98     3658
200     22     167     638
201     53     58     2777
202     70     56     5868
203     14     153     1364
204     49     188     4715
205     2     88     215
206     44     36     5907
207     70     118     900
208     5     100     5395
209     5     188     1468
210     13     101     3701
211     77     106     1489
212     68     31     5278
213     85     128     231
214     74     40     5407
215     23     137     425
216     2     161     5017
217     82     191     445
218     82     142     4671
219     46     145     815
220     15     188     544
221     66     188     4707
222     59     23     274
223     90     135     3069
224     77     154     358
225     76     134     5291
226     59     12     1163
227     8     142     5255
228     20     192     761
229     86     119     1597
230     1     126     565
231     92     49     3399
232     24     121     1247
233     45     14     1211
234     86     14     1847
235     98     170     1362
236     53     82     5843
237     66     24     1147
238     9     135     1295
239     64     73     1902
240     99     51     3937
241     17     188     951
242     54     130     448
243     11     94     2525
244     46     134     5479
245     90     57     1046
246     72     56     2537
247     36     13     1920
248     70     135     1716
249     92     107     1779
250     16     6     3579
251     48     32     393
252     44     145     392
253     33     73     1275
254     69     163     5550
255     28     100     736
256     11     137     5631
257     10     14     141
258     31     170     4089
259     21     169     118
260     52     137     758
261     68     34     282
262     18     115     2017
263     12     34     3390
264     29     99     1204
265     63     137     3925
266     13     161     520
267     76     129     5137
268     78     17     597
269     3     97     5378
270     59     87     812
271     32     23     3398
272     31     93     400
273     83     197     1766
274     67     98     2970
275     76     111     2345
276     77     89     4649
277     65     85     293
278     6     50     3645
279     13     96     1441
280     3     104     4700
281     64     97     1124
282     70     91     3330
283     42     134     1343
284     78     169     2849
285     43     4     2750
286     4     9     1257
287     49     122     3962
288     41     146     70
289     62     107     5816
290     70     162     16
291     73     178     19
292     70     109     3409
293     44     171     351
294     16     164     324
295     98     197     5782
296     31     113     1338
297     51     191     5234
298     53     11     742
299     25     144     5968
300     63     115     599
301     93     91     2064
302     53     16     2945
303     18     67     4816
304     24     33     456
305     16     20     4938
306     62     141     391
307     47     168     3854
308     17     40     407
309     48     159     5648
310     84     139     693
311     54     57     1102
312     35     101     1191
313     66     99     3563
314     64     124     644
315     55     82     5323
316     81     135     765
317     24     37     398
318     52     104     3968
319     39     177     683
320     95     190     4559
321     67     167     727
322     69     54     1145
323     47     81     1882
324     24     18     5901
325     40     43     1004
326     81     28     1864
327     37     189     2952
328     71     98     5027
329     66     86     547
330     2     164     457
331     87     114     5152
332     22     183     836
333     73     8     5190
334     48     188     522
335     27     115     5523
336     81     92     1375
337     10     19     2939
338     87     170     2724
339     79     60     5785
340     2     37     300
341     13     101     5610
342     45     161     483
343     95     152     3245
344     52     5     1485
345     77     88     2769
346     32     133     620
347     61     47     2647
348     59     4     2462
349     74     186     3133
350     42     165     162
351     73     197     2723
352     53     29     5104
353     90     84     1098
354     42     43     488
355     73     183     3094
356     10     65     475
357     79     155     5717
358     65     4     683
359     47     82     2403
360     53     197     56
361     69     149     1489
362     54     74     5339
363     50     168     475
364     73     139     604
365     79     80     2213
366     23     36     1762
367     42     135     2941
368     8     177     645
369     72     71     1710
370     29     153     2861
371     87     65     4175
372     46     165     505
373     58     76     1155
374     30     5     878
375     53     3     5505
376     62     121     500
377     46     96     2538
378     15     64     844
379     93     28     582
380     7     172     1531
381     94     48     1451
382     83     60     1462
383     18     91     85
384     76     82     5192
385     32     186     1465
386     17     55     104
387     23     2     1261
388     7     3     4243
389     17     111     13
390     66     143     4348
391     72     167     6
392     89     79     2514
393     69     118     4752
394     8     45     953
395     73     66     5586
396     68     67     309
397     16     61     1148
398     42     86     3647
399     88     13     707
400     54     1     4821
401     18     5     1036
402     58     106     5381
403     51     115     1494
404     54     93     5041
405     12     63     1184
406     57     36     3310
407     76     172     18
408     71     173     245
409     54     34     5832
410     58     155     629
411     23     183     2761
412     16     77     1371
413     93     193     4675
414     35     144     1432
415     31     165     3113
416     85     4     1046
417     49     40     3758
418     85     141     1211
419     2     101     1461
420     75     13     4673
421     63     88     1166
422     12     92     5264
423     1     86     1166
424     77     5     2816
425     67     160     3081
426     80     199     589
427     39     126     4785
428     54     20     1138
429     42     188     4430
430     3     175     823
431     20     71     3352
432     1     51     165
433     22     86     4258
434     7     20     1284
435     19     140     2528
436     46     74     279
437     4     118     2685
438     83     88     2184
439     40     149     1365
440     50     33     5371
441     1     23     982
442     14     5     45
443     9     190     196
444     38     194     2077
445     92     95     4162
446     35     196     1156
447     64     76     4418
448     92     88     371
449     92     87     5151
450     5     126     242
451     10     182     1561
452     83     10     5459
453     19     91     469
454     76     27     64
455     47     159     679
456     9     193     2802
457     77     119     3855
458     19     84     414
459     77     173     436
460     2     163     3981
461     65     25     793
462     76     153     4050
463     19     116     27
464     6     113     3361
465     55     162     1474
466     76     12     222
467     79     5     2331
468     37     189     3682
469     4     1     1272
470     60     160     5568
471     77     28     877
472     5     177     2336
473     92     72     1560
474     21     48     5633
475     4     170     308
476     93     69     4097
477     71     62     1316
478     46     17     4623
479     18     22     672
480     43     114     2799
481     26     150     3907
482     97     59     520
483     45     173     770
484     95     105     460
485     36     135     2579
486     63     199     2147
487     58     97     5338
488     54     22     691
489     33     178     5638
490     12     95     835
491     85     146     5857
492     7     93     1298
493     60     62     713
494     57     9     2106
495     92     150     4710
496     65     163     76
497     31     61     2393
498     10     195     1847
499     56     83     885
500     64     126     3050
