1     4     37     250
2     2     8     2677
3     31     1     570
4     71     1     2996
5     94     44     681
6     93     37     503
7     28     27     2368
8     28     45     128
9     44     18     58
10     11     12     1243
11     56     4     2026
12     98     20     461
13     49     40     1321
14     85     32     1277
15     46     30     2179
16     18     26     495
17     73     28     1351
18     13     3     3163
19     87     28     117
20     96     46     2088
21     55     28     553
22     82     2     218
23     91     4     2447
24     44     38     346
25     82     23     1749
26     72     1     459
27     7     35     1660
28     57     18     296
29     43     20     253
30     14     15     773
31     99     1     430
32     79     16     2863
33     76     8     213
34     65     41     2936
35     55     41     651
36     36     38     1146
37     18     21     1662
38     89     3     62
39     62     35     1457
40     26     20     689
41     37     44     1828
42     92     18     631
43     75     34     106
44     91     9     1860
45     79     25     106
46     32     38     1738
47     86     44     52
48     91     46     3156
49     28     9     562
50     42     28     1462
51     74     4     1346
52     12     45     1224
53     39     28     435
54     39     8     298
55     28     6     1495
56     81     28     545
57     60     17     3066
58     92     31     52
59     13     22     1209
60     77     45     253
61     63     47     339
62     96     14     1806
63     65     9     411
64     45     44     2439
65     80     43     495
66     26     25     219
67     29     45     2259
68     95     35     27
69     55     8     2507
70     90     11     539
71     54     43     3208
72     80     38     581
73     20     15     2948
74     75     13     117
75     87     19     2524
76     88     45     154
77     37     34     1971
78     40     15     149
79     45     8     2262
80     23     26     359
81     48     49     2114
82     26     12     479
83     39     46     532
84     35     19     470
85     52     21     1915
86     99     48     540
87     41     29     307
88     96     17     959
89     81     38     512
90     70     46     1762
91     90     30     523
92     44     48     126
93     46     17     544
94     63     15     715
95     89     6     1439
96     99     38     1063
97     88     31     1128
98     83     19     2810
99     50     27     662
100     36     1     173
101     27     45     2661
102     45     38     291
103     92     25     2530
104     14     13     638
105     46     46     3200
106     73     7     725
107     46     36     1740
108     34     1     438
109     85     42     1705
110     55     28     738
111     92     16     1741
112     74     3     555
113     90     39     1452
114     12     32     3214
115     76     8     640
116     71     33     2896
117     4     18     35
118     73     20     2311
119     89     49     101
120     25     31     1327
121     38     31     1111
122     94     9     3214
123     29     32     723
124     32     49     327
125     50     12     2143
126     11     20     409
127     44     37     3210
128     88     40     412
129     58     14     2865
130     74     7     583
131     9     17     3073
132     19     37     368
133     26     28     1632
134     77     7     539
135     10     10     199
136     2     36     2913
137     80     31     604
138     70     28     2602
139     89     19     609
140     38     5     606
141     97     3     1255
142     51     30     2321
143     99     16     474
144     97     20     1288
145     66     49     509
146     46     36     2536
147     55     10     390
148     52     48     821
149     12     31     1294
150     56     18     2037
151     86     44     29
152     87     14     1922
153     13     28     430
154     39     30     1431
155     24     26     1952
156     5     16     151
157     36     33     2345
158     2     11     567
159     38     20     422
160     73     28     218
161     10     14     766
162     74     11     2732
163     21     43     326
164     63     17     3106
165     62     21     360
166     45     10     725
167     97     47     1840
168     20     23     117
169     46     14     1191
170     98     7     882
171     39     41     1732
172     91     9     677
173     81     7     1893
174     46     8     620
175     95     31     1074
176     89     43     2015
177     17     14     459
178     94     15     1707
179     5     3     8
180     88     14     691
181     76     16     196
182     24     29     1897
183     48     4     301
184     62     45     1145
185     64     37     877
186     59     27     1352
187     1     22     1522
188     9     42     1701
189     10     36     449
190     17     16     3124
191     56     26     257
192     30     47     2553
193     27     9     280
194     24     15     2539
195     87     18     114
196     9     35     1128
197     23     44     2188
198     44     17     374
199     32     44     1432
200     39     23     1264
201     81     42     360
202     55     13     3012
203     12     37     620
204     54     44     2224
205     63     32     689
206     24     20     2547
207     14     18     157
208     45     41     2534
209     14     6     514
210     35     26     48
211     90     14     2436
212     1     7     568
213     35     46     737
214     9     23     528
215     99     11     1722
216     95     42     48
217     6     41     566
218     7     7     832
219     98     39     2373
220     53     38     63
221     77     35     1777
222     22     49     528
223     89     38     2748
224     51     21     6
225     84     19     2860
226     54     15     17
227     22     48     1215
228     26     29     3105
229     78     48     579
230     71     47     156
231     94     33     867
232     98     17     2143
233     43     20     407
234     38     48     2378
235     1     23     118
236     45     7     1282
237     66     3     2765
238     96     35     552
239     68     27     1259
240     82     1     7
241     20     24     320
242     26     9     1403
243     18     24     2448
244     54     49     768
245     43     19     2190
246     97     40     216
247     83     21     1951
248     88     46     773
249     22     3     1419
250     64     31     2654
251     3     7     217
252     99     38     2633
253     76     36     666
254     46     14     1290
255     69     7     3038
256     47     48     231
257     47     17     3162
258     9     34     310
259     78     6     2364
260     93     11     392
261     31     41     852
262     67     12     2603
263     65     37     754
264     48     24     341
265     27     34     1784
266     9     11     723
267     29     16     2799
268     58     43     718
269     8     31     2342
270     64     21     124
271     26     44     1288
272     15     6     182
273     85     44     2468
274     62     14     677
275     53     32     105
276     77     2     1176
277     12     23     2042
278     60     17     548
279     11     16     310
280     69     19     1285
281     63     17     1674
282     41     19     168
283     27     14     1933
284     90     26     737
285     72     31     1662
286     51     48     499
287     47     12     2336
288     40     28     507
289     61     3     3174
290     96     2     397
291     79     13     1480
292     57     3     259
293     79     20     25
294     20     8     1809
295     99     25     397
296     83     47     773
297     90     35     1246
298     78     41     416
299     62     22     857
300     13     38     651
