30.050     6294     6182.8
30.081     6298     6182.8
30.081     6298     6182.8
30.050     6294     6182.8
30.081     6298     6182.8
30.081     6298     6182.8
30.050     6294     6182.8
30.081     6298     6182.8
30.081     6298     6182.8
30.050     6294     6182.8
             
30.203     6426     6157.2
30.158     6427     6157.2
30.050     6426     6157.2
30.050     6426     6157.2
30.158     6427     6157.2
30.158     6427     6157.2
30.050     6426     6157.2
30.050     6426     6157.2
30.158     6427     6157.2
30.158     6426     6157.2
             
30.176     6188     5992.2
30.236     6199     5992.2
30.174     6177     5992.2
30.174     6177     5992.2
30.236     6199     5992.2
30.236     6199     5992.2
30.174     6177     5992.2
30.174     6177     5992.2
30.236     6199     5992.2
30.176     6188     5992.2
             
30.191     6291     6126.4
30.250     6286     6126.4
30.003     6287     6126.4
30.250     6286     6126.4
30.250     6287     6126.4
30.250     6287     6126.4
30.250     6286     6126.4
30.003     6287     6126.4
30.250     6286     6126.4
30.191     6286     6126.4
             
30.343     6234     6039.6
30.083     6248     6039.6
30.316     6219     6039.6
30.316     6219     6039.6
30.316     6248     6039.6
30.316     6248     6039.6
30.316     6219     6039.6
30.316     6219     6039.6
30.083     6248     6039.6
30.083     6234     6039.6
             
30.174     5988     5846.2
30.003     5984     5846.2
30.205     5996     5846.2
30.003     5984     5846.2
30.205     5996     5846.2
30.205     5996     5846.2
30.003     5984     5846.2
30.205     5996     5846.2
30.003     5984     5846.2
30.003     5984     5846.2
             
30.111     5939     5846.6
30.254     5942     5846.6
30.254     5942     5846.6
30.111     5939     5846.6
30.254     5942     5846.6
30.254     5942     5846.6
30.111     5939     5846.6
30.254     5942     5846.6
30.254     5942     5846.6
30.111     5939     5846.6
             
30.050     6274     6134.4
30.048     6275     6134.4
30.267     6274     6134.4
30.048     6275     6134.4
30.267     6274     6134.4
30.267     6274     6134.4
30.048     6275     6134.4
30.267     6274     6134.4
30.048     6275     6134.4
30.048     6274     6134.4
             
30.033     6106     5924
30.237     6163     5924
30.236     6120     5924
30.236     6120     5924
30.237     6106     5924
30.237     6106     5924
30.236     6120     5924
30.236     6120     5924
30.237     6163     5924
30.033     6106     5924
             
30.221     6035     5921.6
30.235     6050     5921.6
30.066     6050     5921.6
30.235     6035     5921.6
30.235     6035     5921.6
30.235     6035     5921.6
30.235     6035     5921.6
30.066     6050     5921.6
30.235     6050     5921.6
30.221     6035     5921.6
             
