30.003     6330     6182.8
30.005     6366     6182.8
30.004     6357     6182.8
30.004     6357     6182.8
30.005     6366     6182.8
30.005     6366     6182.8
30.005     6366     6182.8
30.004     6357     6182.8
30.004     6357     6182.8
30.005     6366     6182.8
             
30.004     6475     6157.2
30.004     6478     6157.2
30.001     6479     6157.2
30.001     6479     6157.2
30.004     6478     6157.2
30.004     6479     6157.2
30.004     6478     6157.2
30.001     6479     6157.2
30.001     6479     6157.2
30.004     6479     6157.2
             
30.005     6331     5992.2
30.004     6344     5992.2
30.003     6345     5992.2
30.003     6345     5992.2
30.004     6344     5992.2
30.004     6345     5992.2
30.004     6344     5992.2
30.003     6345     5992.2
30.003     6345     5992.2
30.004     6345     5992.2
             
30.003     6349     6126.4
30.004     6349     6126.4
30.004     6349     6126.4
30.004     6349     6126.4
30.004     6349     6126.4
30.004     6349     6126.4
30.004     6349     6126.4
30.004     6349     6126.4
30.004     6349     6126.4
30.004     6349     6126.4
             
30.003     6358     6039.6
30.003     6351     6039.6
30.003     6376     6039.6
30.003     6376     6039.6
30.003     6351     6039.6
30.003     6376     6039.6
30.003     6351     6039.6
30.003     6376     6039.6
30.003     6376     6039.6
30.003     6376     6039.6
             
30.005     6052     5846.2
30.003     6083     5846.2
30.005     6059     5846.2
30.005     6059     5846.2
30.003     6083     5846.2
30.005     6083     5846.2
30.003     6083     5846.2
30.005     6059     5846.2
30.005     6059     5846.2
30.005     6083     5846.2
             
30.003     6011     5846.6
30.003     6041     5846.6
30.003     6033     5846.6
30.003     6033     5846.6
30.003     6041     5846.6
30.003     6041     5846.6
30.003     6041     5846.6
30.003     6033     5846.6
30.003     6033     5846.6
30.003     6041     5846.6
             
30.003     6331     6134.4
30.004     6331     6134.4
30.005     6331     6134.4
30.005     6331     6134.4
30.004     6331     6134.4
30.005     6331     6134.4
30.004     6331     6134.4
30.005     6331     6134.4
30.005     6331     6134.4
30.005     6331     6134.4
             
30.006     6307     5924
30.006     6309     5924
30.003     6296     5924
30.003     6296     5924
30.006     6309     5924
30.006     6309     5924
30.006     6309     5924
30.003     6296     5924
30.003     6296     5924
30.006     6309     5924
             
30.002     6104     5921.6
30.004     6104     5921.6
30.002     6104     5921.6
30.002     6104     5921.6
30.004     6104     5921.6
30.004     6104     5921.6
30.004     6104     5921.6
30.002     6104     5921.6
30.002     6104     5921.6
30.004     6104     5921.6
             
