1     33     4     530
2     84     21     61
3     46     13     1843
4     72     46     229
5     43     27     645
6     50     48     1547
7     21     33     206
8     13     43     1559
9     34     43     262
10     5     41     803
11     7     4     381
12     16     35     848
13     5     1     451
14     49     43     1521
15     99     46     297
16     44     14     770
17     82     19     1788
18     72     24     358
19     23     49     1261
20     43     48     186
21     21     23     1405
22     79     41     126
23     92     36     455
24     35     46     1585
25     75     11     229
26     95     20     1759
27     48     42     255
28     59     31     1142
29     7     15     442
30     42     5     924
31     14     10     1229
32     49     43     24
33     54     21     683
34     82     47     730
35     23     39     206
36     56     8     1203
37     3     20     78
38     32     44     919
39     47     49     1652
40     49     38     408
41     3     16     1631
42     77     2     337
43     25     19     841
44     4     4     1074
45     90     21     71
46     80     6     1547
47     17     18     356
48     3     5     1311
49     63     30     169
50     81     10     373
51     45     43     88
52     10     6     1425
53     55     17     66
54     23     12     1216
55     40     22     168
56     62     41     388
57     51     43     336
58     24     46     296
59     57     42     195
60     30     37     621
61     51     33     144
62     66     43     42
63     83     15     1388
64     98     49     159
65     67     29     309
66     69     17     173
67     40     33     119
68     15     6     632
69     67     6     449
70     59     49     1097
71     20     12     181
72     12     26     1836
73     82     1     423
74     11     26     1206
75     96     46     34
76     78     6     543
77     70     49     993
78     41     34     61
79     44     44     259
80     93     36     1639
81     65     46     421
82     67     30     382
83     6     8     1737
84     77     30     317
85     3     28     819
86     28     5     1835
87     41     21     388
88     40     17     1271
89     19     12     193
90     28     10     661
91     72     31     1340
92     78     25     99
93     52     28     557
94     28     40     565
95     68     12     511
96     3     27     1454
97     92     39     64
98     54     44     198
99     43     30     1537
100     23     26     280
101     13     31     731
102     56     13     174
103     40     42     473
104     81     21     990
105     42     36     5
106     16     20     424
107     86     45     1285
108     14     28     450
109     71     12     1026
110     8     23     429
111     96     43     1551
112     97     36     345
113     54     3     963
114     34     26     167
115     28     40     1273
116     41     3     167
117     17     24     861
118     62     44     179
119     93     12     393
120     88     16     640
121     49     25     403
122     18     11     743
123     18     7     1610
124     23     14     406
125     58     3     881
126     83     36     369
127     26     41     784
128     40     2     1089
129     40     43     170
130     64     6     532
131     78     48     570
132     16     21     1218
133     57     39     255
134     91     37     662
135     77     7     1099
136     52     20     203
137     79     5     941
138     93     42     69
139     20     1     156
140     85     20     855
141     80     37     1081
142     10     48     52
143     25     2     109
144     14     40     1287
145     20     21     82
146     40     22     285
147     29     18     535
148     29     14     1533
149     46     30     120
150     84     12     945
151     68     3     155
152     79     39     1310
153     95     35     352
154     19     4     835
155     67     41     689
156     70     19     1636
157     11     35     276
158     10     3     847
159     47     49     202
160     56     5     322
161     25     8     1577
162     61     39     55
163     97     37     1343
164     95     21     286
165     26     31     61
166     62     24     52
167     26     14     663
168     4     32     1100
169     57     38     191
170     30     36     1486
171     1     49     191
172     84     26     1865
173     51     20     283
174     19     30     10
175     95     26     1081
176     91     16     53
177     6     7     393
178     31     10     203
179     76     33     359
180     52     45     29
181     70     18     1816
182     39     25     58
183     32     19     1738
184     55     18     99
185     12     31     222
186     80     26     384
187     95     37     1236
188     83     33     151
189     85     22     1764
190     67     5     450
191     88     44     506
192     46     33     1047
193     1     30     53
194     77     1     154
195     43     26     1230
196     28     3     138
197     58     8     1106
198     67     24     130
199     55     22     1534
200     89     46     213
201     16     11     302
202     63     31     1553
203     43     34     453
204     33     21     1345
205     68     15     460
206     95     40     1786
207     97     34     208
208     54     37     1724
209     17     38     126
210     24     24     1692
211     82     44     176
212     12     6     1735
213     30     26     369
214     1     43     1640
215     91     38     132
216     19     10     169
217     6     2     1866
218     50     42     131
219     88     25     381
220     53     21     1802
221     75     42     238
222     39     22     1507
223     3     43     387
224     58     47     1024
225     83     27     354
226     62     49     1172
227     89     41     315
228     92     17     270
229     74     16     1805
230     54     44     468
231     89     12     884
232     65     49     1380
233     15     39     180
234     17     19     1126
235     24     35     175
236     47     34     1716
237     35     43     54
238     11     14     1007
239     86     10     390
240     45     39     368
241     1     2     904
242     99     29     111
243     65     48     18
244     90     13     1217
245     82     11     101
246     95     48     1509
247     2     30     172
248     82     2     124
249     67     25     1760
250     68     48     199
251     83     41     929
252     60     27     472
253     54     13     1740
254     42     38     146
255     16     5     911
256     27     18     1691
257     39     6     331
258     29     9     1564
259     68     24     187
260     96     18     624
261     93     28     1637
262     49     16     280
263     2     19     839
264     87     46     1697
265     31     49     77
266     10     5     5
267     60     38     1072
268     43     25     372
269     89     3     1310
270     28     21     464
271     1     9     769
272     64     2     368
273     21     15     339
274     57     41     300
275     51     19     776
276     90     20     531
277     45     41     678
278     90     16     373
279     70     39     1475
280     53     29     221
281     3     25     1586
282     77     22     441
283     94     1     730
284     33     45     1792
285     12     39     256
286     15     49     1154
287     46     12     115
288     83     34     1062
289     23     27     398
290     93     47     104
291     48     28     1330
292     13     27     355
293     11     20     1324
294     8     47     105
295     60     18     1515
296     38     31     175
297     25     39     204
298     39     11     93
299     98     28     205
300     89     16     1018
