1     10     23     221
2     39     19     67
3     48     8     78
4     38     31     231
5     40     4     41
6     24     18     59
7     42     36     134
8     20     18     180
9     4     23     49
10     38     6     168
11     25     14     27
12     33     17     195
13     8     14     52
14     21     12     190
15     30     15     41
16     5     48     193
17     45     16     0
18     10     33     91
19     12     31     7
20     33     6     65
21     15     40     137
22     21     10     180
23     47     25     67
24     41     47     136
25     12     2     14
26     21     10     35
27     4     43     95
28     25     7     204
29     45     24     4
30     4     19     223
31     12     48     54
32     8     25     258
33     44     39     39
34     13     23     274
35     25     48     54
36     10     32     33
37     36     28     180
38     36     11     19
39     20     31     176
40     8     12     50
41     10     18     230
42     40     40     7
43     4     6     276
44     32     30     5
45     18     16     117
46     25     24     138
47     35     44     199
48     10     10     28
49     11     2     211
50     37     25     36
51     18     5     203
52     5     45     2
53     14     30     254
54     33     39     17
55     3     45     254
56     30     29     15
57     32     17     100
58     38     35     42
59     17     40     270
60     14     48     68
61     24     31     188
62     29     25     10
63     29     10     210
64     1     23     7
65     24     16     44
66     16     33     185
67     26     14     7
68     39     27     118
69     32     48     72
70     23     31     67
71     4     8     111
72     12     48     74
73     15     12     188
74     5     25     37
75     28     29     244
76     28     22     47
77     19     15     76
78     8     36     162
79     12     47     38
80     23     3     22
81     6     37     101
82     39     36     15
83     3     10     42
84     1     10     40
85     4     7     132
86     5     21     2
87     1     44     17
88     7     7     98
89     12     49     77
90     10     22     171
91     14     42     31
92     15     16     19
93     22     25     104
94     21     31     27
95     11     39     137
96     9     31     65
97     36     34     264
98     2     27     16
99     27     28     56
100     35     46     36
101     46     23     40
102     38     13     279
103     25     19     69
104     12     40     134
105     21     23     57
106     45     2     39
107     27     3     205
108     3     30     25
109     2     3     132
110     32     16     166
111     12     11     45
112     23     40     252
113     13     18     64
114     45     20     21
115     21     33     51
116     34     34     117
117     9     23     241
118     15     4     59
119     15     24     279
120     48     29     48
121     41     21     18
122     39     28     24
123     10     6     40
124     18     30     215
125     16     6     67
126     44     16     0
127     32     43     259
128     14     14     44
129     15     46     141
130     32     14     57
131     6     37     253
132     22     1     2
133     30     1     108
134     5     37     259
135     17     17     37
136     33     17     16
137     46     30     112
138     18     31     232
139     2     35     2
140     4     2     55
141     19     9     181
142     48     36     10
143     49     38     267
144     11     20     69
145     34     10     90
146     4     46     256
147     44     11     40
148     19     36     11
149     32     24     181
150     24     7     30
151     48     44     141
152     1     33     14
153     5     25     106
154     27     22     234
155     20     15     5
156     4     12     237
157     19     49     66
158     16     36     230
159     38     8     62
160     7     15     170
161     6     29     64
162     42     24     21
163     10     2     259
164     17     14     53
165     9     48     246
166     14     42     50
167     34     47     215
168     10     31     60
169     4     25     35
170     5     2     174
171     5     3     3
172     40     31     17
173     45     45     249
174     35     27     20
175     11     36     27
176     48     38     87
177     28     24     278
178     46     3     26
179     47     25     170
180     15     28     21
181     17     43     251
182     17     31     64
183     30     35     158
184     43     47     15
185     40     48     202
186     29     7     29
187     6     14     208
188     43     5     2
189     41     27     137
190     5     21     253
191     42     35     9
192     20     3     114
193     40     46     75
194     34     33     27
195     32     1     71
196     10     1     186
197     31     35     44
198     33     18     257
199     12     1     30
200     5     22     249
