1     3     6     177
2     9     21     53
3     4     12     197
4     48     39     17
5     49     7     128
6     28     1     197
7     18     26     37
8     32     11     158
9     49     32     32
10     38     31     138
11     34     45     73
12     42     41     235
13     32     41     64
14     40     36     34
15     14     45     80
16     27     47     218
17     38     31     69
18     46     14     60
19     19     19     62
20     11     10     43
21     11     33     234
22     11     15     62
23     16     31     293
24     45     30     52
25     1     43     107
26     29     20     249
27     38     28     17
28     27     3     169
29     7     16     62
30     30     20     158
31     29     44     55
32     5     15     295
33     16     32     62
34     2     30     84
35     45     21     260
36     8     43     75
37     28     26     160
38     4     11     2
39     28     4     143
40     46     1     157
41     4     44     47
42     14     10     271
43     43     44     1
44     6     8     16
45     43     3     120
46     19     37     70
47     40     30     255
48     36     11     62
49     24     6     116
50     1     24     223
51     1     18     14
52     14     47     55
53     6     22     135
54     7     45     84
55     20     27     132
56     47     37     75
57     13     27     283
58     4     12     10
59     33     45     5
60     34     38     195
61     18     12     41
62     28     23     83
63     21     34     169
64     32     37     55
65     1     46     63
66     4     19     193
67     31     4     19
68     37     42     165
69     45     5     60
70     47     20     242
71     31     3     31
72     1     44     61
73     38     14     92
74     33     28     76
75     19     32     15
76     47     6     195
77     13     8     61
78     1     10     200
79     39     14     15
80     5     17     38
81     39     12     276
82     36     16     42
83     39     6     111
84     21     21     32
85     37     34     5
86     14     49     279
87     4     46     51
88     17     42     84
89     26     44     111
90     18     27     96
91     9     6     52
92     26     27     39
93     39     2     173
94     23     27     1
95     34     32     239
96     15     17     17
97     34     19     257
98     11     33     43
99     19     44     254
100     35     11     45
101     1     26     54
102     47     35     11
103     24     48     126
104     30     34     254
105     28     37     11
106     25     23     291
107     48     3     60
108     34     30     255
109     15     47     73
110     15     22     74
111     25     33     280
112     37     44     17
113     18     49     164
114     16     26     42
115     49     42     291
116     20     43     61
117     30     36     79
118     11     30     58
119     17     17     108
120     20     33     130
121     16     15     182
122     28     39     44
123     42     33     98
124     26     7     174
125     8     36     73
126     38     5     244
127     16     28     50
128     8     42     19
129     48     16     207
130     24     17     8
131     1     18     84
132     3     49     228
133     22     49     27
134     31     35     193
135     5     22     39
136     37     3     111
137     21     32     265
138     36     19     7
139     36     34     118
140     11     3     37
141     12     40     89
142     14     19     150
143     38     33     71
144     45     4     26
145     38     26     31
146     6     41     90
147     24     44     197
148     4     22     0
149     46     41     236
150     2     32     46
151     24     45     7
152     29     20     25
153     7     35     209
154     9     6     48
155     45     28     177
156     32     35     74
157     42     13     67
158     8     17     195
159     13     9     51
160     8     40     228
161     41     1     71
162     26     40     126
163     17     17     167
164     29     15     20
165     27     40     294
166     13     3     5
167     42     12     187
168     27     38     39
169     5     41     283
170     41     45     26
171     20     11     64
172     34     45     44
173     49     23     20
174     26     40     56
175     11     8     54
176     2     4     83
177     7     39     230
178     25     23     16
179     14     8     246
180     44     20     39
181     20     3     114
182     27     15     160
183     11     25     19
184     49     1     87
185     20     1     114
186     5     48     197
187     40     34     1
188     3     31     264
189     2     14     20
190     38     47     124
191     6     23     254
192     45     44     4
193     12     5     242
194     10     47     31
195     26     21     51
196     14     30     85
197     29     14     246
198     12     14     4
199     30     37     151
200     29     22     52
