1       14        3      114
2       10        4      579
3        7        6      400
4       12        1      321
5       12        6      153
6       15        4      605
7        7        6      158
8       14        9      112
9        6        3      450
10        5        2      652
11        3        3      630
12       14        5      216
13       11        3      585
14        8        4      336
15       15        2      222
16       13        3      460
17        3        4      171
18        9        3      355
19       12        4      316
20        9        2      167
21        4        7      163
22        6        1       60
23        5        9      174
24        8        1       64
25        7        2       52
26        3        4      543
27        8        2      216
28       11        5      629
29        7        6      149
30        9        1       96
31        5        7      472
32       15        7      284
33        4        1      498
34        9        2      452
35        6        9      232
36       10        6      261
37       13        8      486
38        4        2      565
39        8        2      195
40       10        1      381
41        7        6      103
42        9        9      277
43       11        5      270
44        5        9      455
45       12        1      375
46        6        5      176
47        5        3      389
48       13        8      524
49        7        7      620
50        5        3      338
51        5        7       83
52        3        3      483
53       13        1      344
54        9        4      421
55       12        7       48
56        9        6      465
57       13        8      483
58       11        9      261
59        6        5      261
60        7        8      594
61        9        8      692
62       11        6      627
63       13        2      316
64        3        4      629
65       12        7       40
66        8        7      441
67        3        1      176
68       12        9      380
69        8        7      247
70       13        8      600
71        8        6      419
72        8        6      330
73        9        9      204
74        8        1      103
75        5        6      580
76       13        4      542
77       12        7      402
78       10        1      306
79        7        5      516
80       14        6      592
81        7        7      150
82       13        1      592
83        4        3      623
84        5        1      492
85        5        1      453
86       13        7       82
87       12        2      385
88       14        3      237
89       11        3      428
90       12        2      510
91       14        4      101
92        4        9      383
93        5        8      589
94        8        6      268
95        3        9      508
96        6        5      352
97       12        1      582
98       11        9      350
99        3        9       83
100       14        2      361
101        3        2      170
102       14        8      269
103        8        9      326
104       11        2      216
105       10        9      425
106       14        7      343
107       10        9       70
108        7        2      137
109       11        8      364
110        9        1      124
111        4        5      177
112       11        2      631
113        7        2      312
114       10        8      309
115       11        5       41
116        7        9      478
117       11        3      677
118        8        9      523
119       10        1      564
120        6        9      397
121        8        4      463
122        3        8      109
123       11        3      453
124       13        1      164
125        5        4      574
126       13        8      245
127       11        8      495
128       15        2      376
129        8        5      190
130        9        6      151
131        8        4       72
132       14        7      600
133       14        8      488
134       11        5      396
135        6        2      671
136        9        8      328
137        5        7       57
138       12        6      404
139        6        5      378
140        3        9       22
141        7        8      642
142        4        7        4
143       11        1      671
144       14        9       47
145        9        1      265
146       13        4      445
147        6        4      162
148        5        7      564
149        4        9      320
150       15        6      624
151        5        4      219
152       10        1      405
153       10        4      473
154       14        7      439
155        6        4       13
156        9        3      539
157       14        7       86
158       13        1       83
159        3        1      364
160        9        7      266
161        7        9       21
162        3        7      600
163       15        8      118
164       10        7      535
165       12        4      551
166        6        3      595
167       12        5       70
168        6        3       89
169        3        7      481
170       15        7      655
171       14        5      422
172        5        8      409
173       12        1       42
174       14        4      402
175       15        7      591
176       15        6      649
177       10        3      178
178        6        9       65
179        5        4      295
180        3        7      403
181        3        1       65
182       10        4      141
183       14        8      628
184        6        5      341
185        4        2      554
186       12        1      372
187        3        4      601
188        8        8      249
189       15        1      281
190       10        9      470
191        8        2      277
192        4        3      417
193        4        2      642
194        8        7      150
195        7        6      541
196       14        8      627
197       13        8      216
198       10        3       70
199        5        8      173
200        7        7      343
201       13        1      506
202       11        8      273
203       15        7      472
204       15        6      656
205       15        7      654
206        5        6      664
207       14        4      457
208        4        4      314
209        9        8      222
210       10        5      384
211       13        4       97
212        6        7      468
213        6        8       21
214        8        6      299
215        5        1      547
216       10        5      423
217        8        9      109
218       12        1      364
219       10        2       32
220       12        8      348
221       14        6      605
222       13        1      598
223       12        4      135
224       14        2      152
225       12        6      440
226       13        5      514
227       11        3      332
228        9        9      483
229        8        7      333
230        8        2       82
231       10        3      416
232        4        6      578
233       11        3       27
234       11        2      685
235       13        6      650
236        9        5      346
237        3        5      104
238       15        9      115
239        4        3      558
240        4        2      323
241       12        5      676
242       10        2       31
243        9        1      676
244        9        9      478
245        5        7      598
246       13        9      519
247       10        9      373
248        8        2      105
249        4        8      632
250       14        9      345
251        6        6       44
252       13        7      338
253       12        1      239
254       12        4      127
255        9        3      303
256       15        7      525
257        4        2      686
258       13        8      198
259       12        5      528
260       14        7      323
261       14        8       71
262        4        8      301
263        5        7      669
264       11        2      111
265        8        6      154
266        7        3      424
267       12        1       36
268       13        1       85
269        5        5      492
270        6        7      343
271       12        6      636
272        4        8      396
273       12        6      330
274       10        7      584
275       10        3      601
276        5        2      277
277       12        4      522
278       12        2      304
279        4        4      658
280       12        5       57
281        3        6      349
282        6        5      230
283        9        6      145
284       14        3      541
285        9        2      235
286        4        5      594
287        7        2      599
288       12        1      228
289        5        4       83
290        9        7      683
291       12        3      631
292        6        2      412
293       10        9      496
294       13        1       59
295        8        6      182
296        4        9      476
297       10        4      300
298       13        3      687
299        9        3      165
300       13        6       12
301        6        4      251
302       13        5      544
303       15        5      691
304       15        5      593
305        3        7      373
306        6        4      131
307        6        5      205
308        6        9      139
309        7        3      210
310       15        6       29
311        9        1      123
312        6        7      492
313       13        6      171
314       15        3      208
315        7        9      603
316        5        2      423
317        7        6      476
318        3        1      629
319        7        6      610
320       10        3      278
321        5        3      605
322       12        5      142
323        8        6      488
324        3        9      339
325        3        1      192
326       15        7      572
327       15        4       30
328        3        2      256
329        8        8       89
330        7        9      268
331        6        3      523
332        8        7      104
333       14        2      407
334       13        5      378
335        8        1      282
336       12        4      494
337        5        1      297
338       10        1      124
339       15        8      162
340        4        8      669
341       14        8      689
342        3        9      254
343       12        7      626
344        8        1       62
345        7        1      522
346        5        3      662
347        3        5       45
348       12        1      267
349        5        9      245
350       15        8      536
351       13        9      666
352        8        1      619
353        9        1      473
354       14        3      214
355        6        7      213
356        9        9       24
357       13        5      232
358        5        7      350
359        9        7      564
360       15        4      462
361        5        5      642
362       14        2       31
363       10        4      168
364        9        5      463
365       15        7       96
366       15        6      689
367        9        7      510
368        3        9      611
369        6        4      217
370        9        9      197
371       15        5      207
372       12        3      509
373        7        7      504
374        6        1      121
375       12        2       10
376       12        4      127
377        5        5      335
378       12        7      158
379       15        9      432
380        7        5      198
381       10        6      618
382       14        6        2
383        5        6      553
384       13        2       43
385        3        8      383
386       11        6      129
387       12        2      268
388        4        7       23
389       15        4      317
390        8        8      173
391        3        2      591
392       14        7      129
393       14        5      408
394       11        9      520
395        6        4      102
396       13        7      335
397       11        1      351
398        5        1      214
399        8        2      156
400        9        7      101
401        3        7      433
402        8        8      568
403       13        7      238
404        6        2      328
405        3        2      689
406       12        1      446
407        8        4      539
408        6        2      692
409       10        6      147
410        7        5      317
411        4        6      208
412        4        4      462
413       14        5       12
414       13        8      491
415       11        8      521
416        9        3       51
417        7        1      547
418       11        6      600
419       15        3      375
420        8        6      219
421        7        3       34
422        7        8      201
423       13        1      276
424        5        8      126
425        9        4      515
426        5        2      568
427       15        7      381
428        4        7      478
429        5        6      626
430        9        3      545
431       14        1       35
432        3        3       32
433        6        1      269
434        3        1       49
435       15        9      501
436       13        6      225
437        8        2        5
438        5        8      247
439        9        9      462
440       12        1      403
441       15        9      497
442        3        1      273
443       13        8      555
444       13        3      349
445        5        3      102
446       11        7      559
447        9        4      170
448        9        2      686
449        3        7       98
450       11        7      317
451        3        8      115
452       10        8      333
453       12        1      584
454        8        7       81
455        7        3      325
456       10        7      249
457        9        1      115
458       14        7      490
459        8        2      225
460        9        9      101
461       15        8      676
462       12        7      291
463       10        3       29
464        7        9      114
465       14        4      341
466       13        3      507
467        4        1      606
468       11        5      626
469        7        7      188
470       10        7      496
471       10        8      470
472       11        6      618
473        6        9      639
474        3        5      619
475       14        8      429
476        5        9      171
477       13        3      111
478       14        4      333
479       10        3      156
480       15        5       40
481        4        1      543
482        5        9      149
483       14        8      417
484       14        6      108
485       15        4      380
486        6        3      233
487        5        8      514
488       14        1       46
489        4        4      549
490       12        5      277
491       12        1      408
492        8        7      519
493       12        2      657
494       15        9      607
495       11        1      175
496        7        6      684
497       12        4      189
498       12        8      113
499        5        5       19
500        9        1      203
