1     48     65     367
2     16     118     1854
3     63     105     3645
4     28     149     586
5     89     122     5956
6     15     23     471
7     36     157     3958
8     15     167     265
9     21     23     3201
10     60     26     2002
11     9     33     4913
12     93     144     988
13     88     129     6233
14     65     88     1832
15     13     84     3832
16     1     21     1565
17     72     53     2452
18     87     100     2375
19     97     74     3394
20     72     35     3755
21     66     143     629
22     4     159     4721
23     45     41     1697
24     47     155     2836
25     37     37     6912
26     50     118     673
27     57     47     4593
28     1     171     691
29     95     188     7104
30     48     189     1588
31     37     167     1844
32     83     190     6038
33     81     82     1289
34     17     161     1136
35     27     194     6634
36     98     164     285
37     56     21     3869
38     1     110     1644
39     72     85     1945
40     49     188     4106
41     7     78     71
42     45     125     3128
43     57     130     7317
44     8     51     168
45     68     136     1793
46     39     108     7244
47     6     164     805
48     77     117     1960
49     28     45     5819
50     15     197     914
51     91     42     7240
52     61     48     318
53     13     103     3392
54     43     67     3238
55     90     160     2557
56     69     108     6990
57     55     136     761
58     90     188     7319
59     14     195     320
60     81     18     835
61     71     148     4394
62     77     108     63
63     25     178     6964
64     73     144     167
65     68     54     4153
66     41     67     4
67     67     149     4435
68     29     139     239
69     95     139     5297
70     66     134     361
71     29     183     6846
72     21     154     1726
73     22     147     3138
74     64     174     4417
75     54     71     0
76     71     194     4488
77     71     193     1818
78     96     186     3657
79     56     61     1968
80     37     106     229
81     99     109     5900
82     65     148     1803
83     25     3     5337
84     60     121     562
85     86     162     4744
86     38     165     455
87     89     143     4729
88     23     3     1357
89     67     50     144
90     86     187     5906
91     67     116     1206
92     21     140     7065
93     71     186     1780
94     29     165     1405
95     88     109     5187
96     89     157     136
97     16     24     7072
98     92     84     511
99     33     3     4212
100     24     21     1757
101     17     163     5150
102     4     91     547
103     34     144     6759
104     83     141     1323
105     24     105     2968
106     66     58     1870
107     56     73     3380
108     88     28     1893
109     15     8     1408
110     56     103     2813
111     54     163     447
112     73     7     3445
113     92     16     5503
114     30     157     678
115     66     155     4920
116     37     110     1595
117     83     106     5493
118     26     145     606
119     88     41     6863
120     54     15     1514
121     21     45     6176
122     31     5     1250
123     45     99     3915
124     85     185     1674
125     94     24     2918
126     68     113     4738
127     96     111     984
128     60     17     1615
129     7     149     5564
130     52     96     1645
131     3     192     5555
132     61     125     736
133     9     181     4753
134     91     183     1136
135     62     4     541
136     75     105     5597
137     40     196     477
138     5     171     1145
139     11     91     3001
140     20     38     2542
141     56     14     544
142     27     170     1121
143     37     161     7292
144     67     116     627
145     46     154     5360
146     87     120     1017
147     89     16     6547
148     85     103     1354
149     40     125     2018
150     40     155     4085
151     79     38     699
152     45     169     2768
153     43     86     4980
154     96     90     1119
155     22     79     3607
156     2     74     876
157     52     113     6178
158     6     84     1182
159     84     112     296
160     10     157     450
161     70     131     6466
162     92     29     1345
163     86     120     1507
164     51     188     1909
165     94     166     705
166     66     21     4753
167     80     52     833
168     66     95     1977
169     52     102     4792
170     76     99     497
171     91     83     197
172     35     121     6995
173     83     91     719
174     30     138     6527
175     6     97     1066
176     80     188     5839
177     99     36     498
178     48     91     5292
179     60     154     298
180     56     105     398
181     83     137     6817
182     41     112     140
183     34     199     1838
184     25     9     5368
185     3     17     192
186     9     29     2745
187     56     64     1683
188     52     67     3061
189     95     195     2464
190     27     145     6427
191     54     172     1442
192     12     45     5960
193     63     197     249
194     16     14     851
195     65     33     5814
196     99     29     484
197     81     139     4225
198     26     158     421
199     28     177     3039
200     82     104     2548
201     63     8     6583
202     95     12     1114
203     16     34     719
204     31     61     6935
205     4     137     1315
206     3     17     4075
207     19     19     1825
208     25     132     5009
209     10     75     326
210     36     82     1495
211     6     158     5907
212     92     139     1334
213     38     105     6729
214     54     133     385
215     8     135     7086
216     28     148     1242
217     58     16     4751
218     45     77     167
219     37     163     5395
220     14     164     1515
221     80     186     2872
222     67     133     5485
223     67     62     41
224     11     189     3921
225     5     167     972
226     6     90     1457
227     40     62     2299
228     85     152     4726
229     53     172     931
230     48     28     3150
231     31     118     6937
232     7     140     1791
233     11     84     4194
234     22     130     1742
235     50     23     3347
236     53     107     4494
237     47     142     1536
238     89     188     1891
239     24     152     47
240     34     165     5900
241     8     157     671
242     39     15     1526
243     1     122     1223
244     26     194     2556
245     86     31     268
246     42     112     846
247     9     145     1380
248     41     24     4705
249     46     194     1595
250     18     123     3782
251     52     7     407
252     39     163     1633
253     52     65     5327
254     81     59     1359
255     38     105     4785
256     49     28     1109
257     49     138     7245
258     90     69     495
259     43     95     2172
260     48     59     3371
261     43     18     3343
262     58     163     4279
263     27     26     704
264     91     33     7378
265     59     43     343
266     44     61     3424
267     17     162     3818
268     29     43     1811
269     13     78     313
270     88     186     5777
271     29     65     718
272     59     172     6116
273     13     135     87
274     95     117     3733
275     37     162     745
276     98     132     2884
277     75     47     3762
278     64     58     1698
279     45     54     5383
280     7     60     410
281     61     153     4708
282     45     109     1019
283     21     52     5030
284     21     100     407
285     39     113     6824
286     97     82     480
287     31     95     5122
288     47     47     499
289     35     2     5492
290     96     25     831
291     76     197     2589
292     40     168     1664
293     40     181     2276
294     91     42     6363
295     17     51     336
296     87     196     3585
297     73     172     3392
298     6     93     5274
299     95     58     839
300     57     169     1596
