1        4        8      275
2       13        1       74
3       12        5       88
4       13        4      112
5       11        4      120
6       11        6       32
7        7        7      145
8        5        1       82
9       12        1      157
10       12        9      225
11       13        7       66
12       15        7        0
13       14        6        5
14        6        3      231
15       13        5      262
16        8        2      249
17        9        6       53
18        4        2      137
19        3        3      119
20        7        1       12
21        6        6      195
22        3        9      138
23       13        8       21
24       10        9       59
25       13        1        4
26       11        3       25
27        4        4      199
28        7        4       41
29        7        6       50
30        5        7      130
31        9        6       55
32       11        8      237
33        3        2      182
34       14        7      237
35       11        1      217
36       11        2      167
37       15        9      210
38        7        6      205
39       13        6       20
40        8        5      170
41        3        8      131
42        7        8      276
43       15        4       68
44       11        9      258
45        7        7      101
46       14        3       29
47       15        3      255
48       12        4      145
49        4        9      263
50       10        5      130
51        3        2      271
52        3        2       61
53       13        5       88
54       11        7      231
55        7        7        7
56        5        9       83
57        6        7       18
58       14        1      175
59       10        6      114
60        4        4      210
61        8        5      141
62        4        4        5
63        5        1      216
64        7        5      121
65        7        1       56
66        4        1       93
67        4        8       26
68        6        6      171
69        9        3      124
70       14        5      165
71        7        3      216
72        7        4      277
73       12        2      145
74        4        6      182
75       10        6      113
76        8        1      188
77        6        2      213
78        3        9      263
79       14        9       19
80       15        2      276
81       13        7       10
82       15        5      108
83       12        3       67
84       12        4       63
85        8        7       80
86       11        6      275
87       12        8       88
88       15        8      107
89       14        6      179
90        9        3       31
91        9        4      275
92        5        4      127
93       12        5       22
94       11        7       48
95        7        8      129
96        9        7      174
97        6        8      279
98       11        2      203
99        7        7      116
100        5        9       61
101        8        8      157
102        4        1      254
103       10        7       55
104       10        8       34
105        9        5       16
106        4        6      231
107       11        6      257
108       15        4      206
109       15        5      232
110        6        2      189
111        8        8      171
112        3        6      244
113       12        9       56
114        9        8      159
115       15        6      221
116        3        5      194
117        4        7       52
118        9        9      188
119        9        5       54
120       14        8       40
121       15        4      241
122       13        7       75
123       15        3      171
124        5        1       31
125       10        9      148
126       11        8       67
127       12        6      186
128        4        7      148
129        8        2        5
130        8        1      133
131        4        3      191
132       10        2      220
133        6        2       21
134       15        7      233
135        8        6       31
136       10        9      202
137       13        7       23
138        5        7      247
139        8        1      227
140       13        9       87
141       11        3       75
142        4        7      168
143        8        7       23
144       13        3      233
145        4        9      176
146        7        4      155
147        7        1      268
148       13        7      231
149       14        9      155
150       10        3      147
151       12        5       34
152        5        7      132
153        7        2      131
154       12        4       41
155       11        1       50
156        4        7       75
157       10        4      151
158       14        6      127
159       11        5       11
160        8        5      114
161        9        4      194
162        6        2      125
163       12        6      187
164       12        6      113
165        3        8       29
166       12        4      119
167        8        9      177
168        8        1      196
169        5        2        6
170       11        4      190
171        8        1      256
172       15        3       79
173        7        4      208
174       12        3      222
175        8        6       79
176        9        3      187
177       11        1       11
178        8        9      128
179        4        2      231
180       12        5      150
181       13        7      269
182        6        7        1
183        5        4      228
184        8        5      103
185       15        5      193
186       11        2       91
187        8        2      104
188       14        1       34
189       10        4      239
190        3        3      242
191        8        7      148
192        5        3      192
193        5        3       20
194       15        1      233
195       14        2      240
196        9        2      220
197       12        4      204
198       11        6      166
199       13        5       53
200        4        6       57
201        7        8      261
202       10        7      116
203       15        3      216
204        5        5       40
205       10        6      278
206       10        6       96
207        3        4       82
208        3        1      120
209        9        5      191
210       10        7      198
211       13        4       95
212        5        9       94
213        5        2        3
214       12        1      140
215        6        8       92
216        6        8      264
217       15        7       99
218       13        1      199
219        6        5      188
220       13        4      125
221       14        2       53
222       15        5      141
223        3        4      100
224       10        9      256
225        4        9      181
226       14        2       99
227       13        2      157
228        9        2       76
229        4        5       18
230       10        9       64
231        3        3      122
232        3        1      113
233        5        9       93
234       13        2      201
235        7        8      211
236        3        8        7
237       11        4      221
238        5        6       62
239       14        3      138
240       12        7       67
241       14        5      111
242        3        8       45
243       14        2       44
244        6        7      136
245       14        7      108
246        6        2      110
247       11        4        1
248        7        3      152
249       12        3      194
250        5        1      183
251        7        5       87
252        5        4      219
253        9        3       96
254       14        7       73
255        3        8        4
256       13        5      231
257       14        3      148
258        8        5        2
259        3        9      227
260        9        5      265
261        4        8       88
262       13        1       20
263        4        9       90
264       15        4      195
265       12        5       85
266        3        5      182
267        7        5        1
268        8        6      223
269       15        5      262
270       11        1       81
271       11        9      141
272        8        7      114
273       11        3      136
274       15        8       22
275       13        2      213
276        5        9      220
277        6        7      208
278        7        9      238
279       11        6      101
280        8        1      183
281       12        4      174
282       14        3      242
283       15        3      106
284       13        3       78
285        3        2       32
286       10        7        4
287        9        3       92
288       12        1       80
289        6        6       74
290        6        2       78
291       12        6      139
292        5        6      125
293        8        6      181
294       11        8      233
295        5        5       27
296       12        2      192
297        5        7      117
298        8        3      177
299        7        6      130
300       12        9      245
301       10        7       72
302       10        6       87
303       14        7       84
304       15        4      110
305       10        3      236
306        6        1       39
307        7        8      108
308       15        3      217
309       12        6      216
310       12        5      276
311        3        1       94
312        3        7      244
313       11        6      117
314        5        3      144
315       12        8      170
316        4        9      195
317        8        4      102
318        5        6      120
319       11        9       92
320        6        8      113
321       12        5      278
322       13        2       15
323        7        7       74
324       15        2       37
325       13        7       73
326        5        6       25
327        8        5       70
328       15        1        7
329        9        7      238
330       12        6      139
331       10        4      237
332       15        2      124
333       10        7      163
334        7        1      274
335       11        2       15
336        4        1      238
337        9        4      226
338        8        7      105
339        6        9       15
340        8        8      175
341        7        4       66
342        5        4      247
343       15        6       13
344        9        7      271
345        9        3       17
346        3        5       33
347       10        4      186
348        5        4      156
349       10        1      265
350       10        3       43
351       14        2      108
352        8        7       82
353        4        3      104
354        7        8      164
355        4        4      139
356       11        7       12
357        6        5      125
358       13        2       83
359        8        3      163
360       11        7      169
361        4        8       71
362        5        7      149
363        7        4      171
364        3        5       82
365       10        2      232
366        6        3      241
367       14        7       69
368        5        8      138
369        9        3       98
370       13        2       93
371       12        8      167
372       12        2       39
373       15        7      249
374       15        9      121
375        7        5      266
376       11        2      265
377        3        8      265
378        3        5      181
379       11        4      249
380       11        7      257
381       13        2      209
382       15        1      215
383       15        9       35
384       10        8      100
385       15        8      169
386        3        9      159
387        5        1      117
388       10        2      216
389        8        8      135
390       11        2      231
391       13        3       50
392       14        8      117
393        4        8      224
394        3        9      101
395        8        1       12
396        6        2      223
397        4        8      254
398       11        1      131
399        5        9      192
400        6        3       84
401        4        1      245
402        3        8      233
403       12        1      156
404        6        4      233
405        9        5      154
406        3        6      137
407        6        6      212
408        9        1      234
409       12        5       14
410       14        5      140
411       13        5      134
412       14        8      161
413       12        6      207
414       12        6      187
415       13        7      131
416        9        2       31
417        3        4      111
418        3        8       32
419        4        7      271
420       11        7      177
421        5        9      186
422        8        4       13
423        6        7      114
424        9        2      180
425        5        3       66
426       11        3       21
427        5        6       48
428       11        4       36
429        9        2      205
430        5        9       50
431        5        2      118
432       14        5       90
433        9        9      122
434        5        2       63
435       14        1      102
436        3        3      228
437        9        6       15
438        8        6      231
439       12        4      141
440        7        4      265
441       11        8      239
442        8        2      110
443       11        5       90
444        3        7      261
445       10        2      250
446        8        3       63
447        3        5      170
448       11        8       58
449        8        5        5
450        7        3      197
451       15        1      266
452       14        3      176
453        7        7      107
454       15        2       29
455        9        9      245
456        6        3      174
457        9        8      236
458       15        9       43
459       10        6      239
460        5        5        9
461        7        3      102
462       13        9       93
463       13        1      216
464       10        9      244
465       13        2      137
466        7        2       46
467       15        6       37
468        4        7      257
469        8        9       71
470        3        6       19
471       14        6      107
472       12        7      175
473        8        9      100
474       11        9      155
475       11        8       53
476       10        4       37
477        6        1       42
478        9        7      194
479        6        8        1
480       15        8      125
481       12        6       64
482        9        7       63
483        7        9      254
484        8        4      101
485       11        6      276
486        9        5       31
487        4        4      153
488       15        1      242
489        3        1      102
490       14        4      129
491        8        6      200
492       13        7      245
493       11        5      207
494        6        8       28
495        9        9      102
496       11        7       75
497        5        1       35
498       13        5      213
499       13        1      216
500        7        5      159
