1        6        2       86
2       11        1      127
3       11        4      207
4        3        4      195
5        4        5      265
6       15        8       29
7        8        9      265
8        3        4      186
9        5        2      112
10        6        9      179
11       14        5       22
12        7        5      144
13        8        1      156
14        6        5       63
15       15        1        2
16        9        4      187
17       10        6       73
18       15        1       21
19       14        2      274
20       13        9      131
21        9        4      162
22        5        2      147
23       13        8       96
24        7        5      225
25       10        5      174
26        6        8      223
27        3        6      231
28        9        5      179
29        3        2      186
30       14        8      223
31       10        8      130
32        8        9      272
33       10        7      231
34        9        8       10
35       13        4       24
36        4        2       23
37        7        1      173
38        5        4      109
39       14        6      251
40       10        9       53
41        5        3       64
42       15        8       40
43        7        5      185
44       11        2      190
45       11        5      250
46       11        1      258
47        3        9      242
48       13        6       67
49        3        4      185
50        4        3       10
51       15        1       44
52       11        3       77
53       13        2       34
54       14        2      176
55       13        2      131
56       13        2      209
57       10        3       30
58       12        8      124
59       14        3      140
60        4        2      253
61        5        4      204
62       15        4      101
63       10        5      156
64       13        4      250
65       13        1      128
66       15        1      172
67        8        1      149
68        6        5      258
69        3        1      242
70        8        8       26
71        5        1       25
72        7        9      227
73       11        7       50
74        7        3      238
75        4        6      226
76       15        7      197
77        6        2       51
78        5        6       76
79       13        9      105
80        5        8      185
81       15        6      157
82       14        7      107
83        5        6      133
84       14        8        3
85        8        4      271
86       15        9      174
87        6        5      166
88        3        7       57
89        8        3      188
90       15        5       37
91       10        9       82
92        7        9      236
93       15        9       94
94       12        5      148
95       14        8       96
96        9        8      278
97        5        6      177
98        6        3       13
99       14        3      228
100       10        2        4
101       11        6      129
102        7        4       82
103        4        1       91
104        3        7      103
105       12        4      278
106       12        6      221
107       11        7      167
108       15        8      126
109        5        9        7
110        5        3      203
111        4        3       60
112       14        4      262
113        6        4       61
114       12        7      166
115       10        6      172
116       14        6      236
117        9        2      249
118        4        9      147
119       12        8      177
120        3        6      162
121        9        7       81
122        5        5       44
123       11        6      217
124        7        7       56
125       11        7      151
126        5        5       78
127        5        9       54
128       10        7      101
129       11        2      114
130       14        2      133
131       10        1      166
132        9        9      262
133       13        7       17
134        4        3       30
135        3        5      192
136       14        4      247
137       10        8      269
138        4        9      125
139       14        1      273
140        3        4      136
141        8        5       15
142       11        7      193
143        7        2      126
144       10        7       49
145       14        3      122
146       13        9      173
147       10        4       11
148       10        7      161
149        3        2      161
150        8        6      104
151        5        5      243
152        7        4      123
153       15        3      132
154       14        2       23
155       13        7       48
156        7        8      106
157        7        7      127
158       12        1      138
159       10        4      230
160       12        2       71
161       10        3       84
162       14        3      172
163       10        1       59
164       11        2      232
165       14        6      139
166       14        5      126
167        5        4      154
168        6        2      139
169        5        7      238
170        6        6      183
171        7        3      176
172        8        2      276
173       15        8      250
174       15        9      141
175        6        2      110
176        3        2      211
177       14        4      130
178        3        5      223
179        5        7        8
180       13        7      209
181        8        3      238
182        9        5       30
183        9        5      205
184        8        4      149
185        4        1      101
186       15        3       16
187       14        3      169
188       10        1       98
189       11        2       87
190       14        7      247
191        3        2       39
192       10        3       11
193       14        3      110
194        8        5      130
195        9        2      211
196        8        9      137
197       12        6      141
198        4        5       51
199        9        6      159
200        4        4      140
201        5        8       10
202       12        1      185
203       14        5      276
204        5        2      225
205        3        4       56
206        5        6       94
207       13        8      171
208        9        2       19
209        9        3       56
210        7        9      244
211        7        2      164
212       11        9      125
213        5        5      145
214        6        1      147
215        7        1       15
216        8        5      207
217        6        9      133
218        8        2      134
219       11        8      250
220       13        5      239
221       13        7       62
222        7        3       47
223        5        8      122
224        3        9       81
225       14        1       80
226       14        3      128
227       15        3       61
228       14        7      106
229       15        5      265
230       13        5       35
231        5        9      184
232        4        3       98
233       14        9       87
234        5        4       44
235       15        7       84
236       12        7      136
237        9        1      201
238       11        7      110
239       13        8      278
240        5        8      234
241       15        9      273
242        7        7      267
243        7        4      159
244        6        9      149
245       10        7      112
246       11        6       97
247       13        5      257
248        9        7       26
249       11        8      275
250       14        6       73
251       10        2      196
252       10        3       58
253       10        7      124
254       13        2      249
255        7        5       48
256       11        6      195
257        5        8       27
258       15        4      124
259        4        3       83
260        4        3      195
261        4        7      191
262        7        6      264
263       13        7       13
264        4        2      196
265       13        4       39
266       12        8       65
267        5        1      177
268        3        3       57
269        9        5       46
270        4        8      172
271       11        5      199
272       14        9      216
273        7        1      199
274        8        9      166
275        7        8      153
276        6        8      120
277       14        6      101
278        3        8       62
279       12        8      179
280        9        9      229
281       14        7      143
282       13        7      177
283       14        9      118
284       12        6      114
285        8        9       65
286        6        9      157
287       15        5       46
288       10        1       31
289        3        5      150
290        7        3      191
291        4        9      131
292       12        1       43
293       14        2      157
294       14        8       57
295        4        3       61
296       11        1       83
297       10        5      106
298        9        7       86
299        6        1      212
300       13        9      211
301        9        7       86
302        5        3        0
303       12        6       54
304        7        5      236
305        7        6      225
306        9        4      220
307        5        5      250
308        6        5       71
309        9        4       95
310       11        9      188
311        9        2      244
312        4        4       65
313        6        7       73
314       11        4       94
315       15        1       82
316        9        2       32
317       10        6      254
318        4        3      163
319       11        2      135
320        5        8      157
321       13        4      210
322        7        8      242
323       10        3      270
324       14        1       66
325       10        3      149
326       12        8      109
327        9        9      258
328        9        4       22
329        5        3      150
330       11        5       93
331       14        2       75
332        7        2      174
333       10        4      274
334       12        4      106
335        6        4       43
336        6        2       47
337       12        3       72
338        9        3      245
339        5        4      217
340        9        9      217
341       13        7       71
342        8        7       42
343        9        8      150
344       15        7      238
345       11        4      274
346        3        8      120
347       15        1       70
348        3        3      179
349       10        5      202
350        7        7       51
351        8        8      138
352        3        7       62
353       13        4      141
354       13        4        4
355       11        9      252
356       10        7        1
357        8        7      150
358       14        5      262
359        3        4       66
360       12        4       46
361       10        8      157
362       14        3      156
363        6        9      158
364       12        2      268
365        3        1        1
366        6        4      138
367       12        7      157
368       14        1      264
369       12        2      155
370        9        1      177
371        3        6       39
372       12        1      127
373       11        5       12
374       11        2        8
375       13        8      223
376        8        4       99
377        5        1      249
378        7        1      119
379        3        8       19
380        9        8      260
381        8        8       22
382        5        8      181
383       10        6      238
384       13        2      113
385        6        6        1
386       10        1      172
387        3        8       12
388        3        1       80
389       15        1      161
390        7        4       35
391       14        7      142
392       10        4      210
393       11        7      279
394       11        3      205
395       11        8      207
396       15        4      162
397       14        7       59
398        7        7        0
399        3        8      213
400       15        8      176
401       14        5      194
402       11        9       65
403       14        5      188
404        6        8       97
405       12        6      214
406       13        2      149
407        6        6       40
408       11        9      161
409       11        5      223
410       12        8       59
411        5        9       81
412       12        1      179
413        7        4       89
414        8        3       17
415       13        1      124
416       10        7      175
417        5        1       29
418        7        3      148
419        8        8       16
420        6        2      118
421       12        3      181
422        5        2       52
423       15        7       94
424        8        3       67
425        3        8      242
426       13        9      255
427       12        4      220
428       11        1      251
429        3        1      144
430       13        6      132
431       15        4       75
432        5        5      206
433       15        8       69
434       11        6       75
435       12        8      264
436        3        1       62
437        3        2      110
438        4        9      235
439       13        8       96
440        4        6      127
441        8        7      274
442        8        5       28
443        3        3       72
444        7        9       15
445        8        5      243
446       15        5      111
447        9        1      140
448        9        1      152
449       12        1       26
450       11        5       27
451        6        8       94
452        8        4      148
453        5        5      218
454        6        6       57
455        6        5      169
456       10        6       65
457        7        7      216
458        6        3      169
459       10        8      110
460       14        4        5
461        6        8      249
462       14        6      110
463        8        1      255
464        8        7       11
465        5        4       85
466        7        2      200
467        6        1       51
468        3        7      118
469        7        6      275
470       15        2        9
471        7        3      121
472       15        3       46
473       10        5       84
474       14        1      227
475       11        4       16
476        4        7       17
477        8        8       52
478       12        4      175
479       11        4      134
480       10        9      251
481       13        3      231
482        4        6      264
483       13        7      279
484       10        1       89
485       10        7       24
486        5        5       66
487        3        7      145
488       15        6      123
489        6        1      224
490        7        8      221
491       10        1       13
492       12        8      216
493        8        7       61
494        9        8       23
495        4        4      241
496       14        6      110
497        4        5      137
498        7        4      264
499       10        9      132
500        4        8       10
