1        8        9      160
2       10        4      125
3       10        1      196
4        5        5      112
5       14        6      207
6        6        5      179
7        9        2       17
8        4        7       26
9        6        7      140
10       13        1      212
11        6        4      252
12       12        2      159
13        5        4       60
14        3        1       82
15        5        6      111
16        5        6       87
17       11        2       42
18       10        5       21
19        7        2       76
20        4        5       73
21       12        2      149
22        5        7      129
23        5        3      247
24       11        3      192
25       12        3      268
26       14        6      185
27       10        7       77
28        3        1      102
29        9        6      114
30       12        9      141
31        7        1       91
32        6        8      194
33        6        7      169
34        8        4       61
35        4        5      143
36        8        6      147
37       10        3      127
38        9        2       93
39       15        9       69
40        7        6      110
41        8        4       86
42        8        3      164
43       13        5      230
44        9        2      128
45        9        1      225
46        8        3       21
47        3        7      105
48       14        5      237
49        3        5      165
50       14        4      194
51       11        3      267
52       10        3      240
53       10        8      229
54        3        3      224
55        9        5        0
56        5        3       98
57       11        9        3
58       15        2       70
59        8        1      111
60       13        6       23
61        5        9       23
62       14        4      120
63        6        2      206
64       14        4      229
65        8        4      236
66        9        6       15
67        6        4      237
68        4        6      127
69        6        5      171
70       14        8      265
71       15        6      265
72        4        5      134
73       13        8       82
74        4        2      127
75        6        8       40
76        7        6      205
77       14        5      253
78        3        9       95
79        6        4       62
80       12        7       18
81       12        9      268
82       11        4        7
83        6        1       15
84       12        6      261
85        4        7      159
86       14        2       77
87       15        1       79
88        9        7       87
89       14        8      207
90        9        6       10
91       14        4      205
92        3        7        2
93       14        8      151
94        6        7       93
95       11        2      215
96       13        4      247
97        5        4       90
98        4        9      171
99        8        5      161
100        9        3      271
101        9        5      161
102       14        7       68
103       10        5       79
104       15        2      233
105        7        1        3
106       14        2       57
107        6        7      103
108        9        4      119
109        6        5      101
110       12        5      252
111        3        7       22
112       10        1      167
113        7        3       70
114        9        3       98
115       13        9       78
116        4        1      229
117       10        6       59
118       10        1       74
119        7        5       26
120       12        3       48
121        6        1       92
122        6        9      138
123       14        7       58
124       11        4       90
125        9        6      258
126        8        1      140
127        9        7        7
128        5        5       71
129       13        9      164
130       11        3      127
131       14        5      172
132       11        4       67
133        3        9      130
134        3        3      239
135        6        9       43
136        8        9       98
137        5        2      215
138        3        8      199
139        7        6      109
140        6        4       79
141        7        6      266
142        4        7      110
143       15        5       95
144        8        8      201
145       11        3      229
146       13        4        9
147       11        7      259
148       10        4       64
149       12        3       98
150        8        6       56
151        5        7      165
152        6        7      121
153       13        3      195
154        3        5       39
155       10        3      270
156       11        2       47
157        5        6       51
158       11        6      139
159       10        8       89
160        7        5      172
161       15        1      232
162       15        3       41
163        7        5      102
164        3        9      185
165       14        5      219
166       15        6      222
167        8        3      219
168       12        3      106
169       15        4       42
170        9        6      150
171        3        8      144
172       10        1       56
173        9        5       40
174       13        8       77
175       15        8      260
176       14        8      115
177        7        5      187
178        9        5       67
179        7        6       50
180       12        8      104
181       14        6        5
182       12        2       45
183       15        8      188
184       13        7      273
185       11        5       47
186        3        3      191
187        5        3       43
188       11        8      164
189       12        3      158
190       15        7      194
191       15        7       12
192       14        2       67
193       15        7       15
194        6        7       71
195        3        9      147
196       11        5      134
197       11        5       20
198        8        5       69
199       15        9      205
200       14        3      240
201       14        7      171
202        3        7      114
203       10        9      273
204        9        6      116
205        4        7       80
206        7        4      119
207       12        5       20
208        6        4      105
209        7        7      263
210        3        2      272
211        7        3       15
212       12        3       60
213        4        3      219
214        4        8      181
215        6        7      147
216       13        8        3
217       15        3       68
218        4        6       42
219        8        6      240
220       14        1      170
221       15        2      221
222       12        6      257
223        6        4      225
224        9        2      133
225        8        7      266
226        9        4       13
227        7        7      195
228       12        3      116
229        4        8      158
230        4        9      170
231       15        9      169
232       15        8       23
233       12        2       83
234        6        7       37
235       15        1      250
236        3        7       84
237        3        3      221
238       10        7      170
239        8        6       56
240        6        2       20
241        3        8        6
242        3        8      153
243       14        1       21
244       12        2       77
245       14        3      129
246       12        7       13
247        6        7       48
248        3        7      230
249       15        7      173
250       15        6       32
251        7        8        5
252        8        6      100
253       13        4       42
254        9        4      232
255        9        4      159
256        9        5       79
257       10        4       91
258        7        5      212
259        9        5      157
260        9        7      204
261        4        5      108
262       14        5      215
263       10        8       84
264        8        8      117
265       13        1       74
266        8        2       35
267        7        6      129
268        5        8      156
269        7        4      231
270       14        5       58
271        9        1       32
272       14        5      237
273       10        4       55
274        6        9      222
275       15        7       76
276        8        3      221
277        4        9      169
278       10        8       27
279        5        7      156
280        6        1       97
281       11        5      217
282        9        4      231
283        8        6       27
284        9        2      199
285        9        7       82
286       10        5      145
287        3        6       37
288       10        8      189
289        4        2      241
290        9        3      100
291       12        2       20
292       14        1       21
293        9        5      104
294        7        5      233
295       11        9      217
296        3        1      173
297        7        3       58
298        4        4      190
299        6        2      101
300        6        2      177
301       12        2      104
302       10        3        3
303        7        8      182
304        4        2      249
305        8        2      166
306       14        4       82
307       10        5      210
308       14        8       43
309        7        6      273
310        7        5      232
311        4        8       94
312        8        5       43
313       12        7      110
314        7        3        8
315        5        5      263
316       11        4       84
317       10        3       27
318       15        9       37
319       12        5      216
320        7        1      138
321        7        6      140
322       14        9       47
323        3        3       73
324       11        7       44
325       14        3       55
326       14        4      210
327       11        5       97
328       13        6      161
329       13        2      216
330       14        7      195
331       15        1       99
332       12        6      149
333        3        9      266
334       15        5      131
335       12        6      164
336       14        5      177
337        8        8      265
338        5        4      105
339       15        3       34
340       15        8      237
341       11        7      150
342        4        6       94
343        5        2      168
344       12        6      163
345       14        1       91
346        7        6      164
347       10        2       36
348       11        9      180
349        5        7      269
350        3        3        6
351        8        1      200
352       10        5       66
353        5        4      151
354       12        1       45
355        7        9      244
356        8        8      188
357       10        3      190
358        3        3      137
359        9        8      206
360        6        3      251
361        4        6      234
362        3        9      204
363       13        5       31
364        7        2      207
365        6        5       94
366        6        6      139
367       15        6       38
368       11        2      242
369        7        3      268
370        5        8       19
371       10        1       68
372       10        6      163
373       14        3      165
374        3        6       82
375        5        9      102
376       15        3       43
377        7        4      114
378        6        1       33
379        3        2      162
380       15        7      185
381       15        3      218
382        7        6      218
383        4        6      173
384       13        6      216
385       12        5      129
386       14        5      214
387       13        5      212
388        3        1       76
389       15        9      239
390        6        8       76
391       13        4      174
392        7        2       42
393       13        9       12
394       10        9       46
395       15        2      267
396        3        7       98
397       10        5       60
398        7        2      113
399        9        7       61
400       11        4      209
401       15        2       31
402        6        8      221
403        7        9      135
404       10        8       32
405       10        7      134
406       11        2      120
407       11        8       91
408       12        8       18
409       14        5       80
410       14        3      216
411        3        5       65
412       15        4      216
413        7        4       39
414       10        1      247
415       10        3      239
416        4        6      260
417       13        8       46
418       11        1       22
419        9        1      171
420        3        5      189
421       11        2      266
422        5        3       42
423       10        4      148
424       14        7      109
425       14        9      268
426        7        6      113
427       10        1      269
428        9        4      149
429       11        7       86
430       10        6       99
431        3        9      123
432        6        1       44
433       13        2       16
434        4        5       74
435        6        9      199
436        5        1      157
437        6        5       34
438       14        7      204
439       10        4      237
440        9        3       78
441        4        5      100
442        8        2       69
443       10        3      181
444       11        5      152
445       14        5      121
446       15        9      171
447       11        3      135
448       13        6       71
449        3        7       29
450       10        7       99
451        6        1       13
452       15        7      119
453        3        1      160
454        4        1      169
455        5        2       24
456       14        2      132
457        3        1       77
458       11        1      258
459        6        9      234
460        5        1       13
461       12        7      255
462        9        5       45
463       14        1      196
464        8        5      188
465       15        9      238
466        8        8       52
467       10        8      134
468        7        1        7
469       13        6      162
470       15        3      170
471        3        3      176
472        7        8      193
473        6        9      182
474        7        2      268
475       10        5       84
476       10        1       78
477        9        2      238
478        6        6       24
479       13        8      118
480       13        1      112
481        4        7      144
482        5        1      212
483       14        6      145
484       11        7      201
485        3        6      192
486        5        4      273
487        7        9        0
488       14        3      266
489       10        1       40
490        3        9       11
491       11        8        2
492        9        7       36
493       15        1      259
494       13        1      233
495       10        3      222
496        5        4      190
497        8        5      270
498        8        8       28
499       12        8      167
500       13        1      137
