1     53     159     3501
2     65     7     586
3     87     190     967
4     53     11     344
5     21     143     314
6     62     62     477
7     71     50     4261
8     64     29     772
9     51     60     4466
10     3     17     1206
11     63     172     2849
12     9     172     157
13     29     88     4482
14     95     165     194
15     83     85     4688
16     56     41     613
17     86     1     4501
18     51     169     122
19     15     69     2315
20     12     65     2735
21     42     1     1078
22     39     47     4538
23     10     156     45
24     29     42     134
25     91     142     3088
26     9     33     165
27     62     31     1539
28     41     43     4521
29     95     66     323
30     90     169     165
31     8     64     379
32     50     5     558
33     91     188     285
34     91     8     2886
35     16     51     842
36     98     73     713
37     60     155     4
38     55     153     4696
39     59     176     510
40     52     169     4101
41     35     65     1199
42     85     163     3632
43     93     111     1196
44     57     183     1620
45     94     146     167
46     28     25     4294
47     68     13     343
48     19     168     560
49     92     2     3032
50     14     138     320
51     31     45     3851
52     78     43     466
53     88     110     81
54     41     78     1442
55     34     75     126
56     44     176     544
57     40     27     2561
58     11     119     620
59     67     27     1012
60     77     121     197
61     30     112     446
62     10     33     92
63     43     101     3900
64     33     5     568
65     57     65     1845
66     99     136     906
67     24     105     2806
68     33     35     586
69     8     172     149
70     54     6     4877
71     70     5     33
72     41     5     2245
73     65     38     2131
74     67     142     718
75     95     19     4126
76     91     161     753
77     97     167     1561
78     51     49     2103
79     15     160     4116
80     40     80     59
81     38     28     3215
82     55     40     367
83     8     141     4276
84     4     67     541
85     3     153     3254
86     57     53     234
87     21     9     2686
88     80     39     986
89     42     198     1156
90     49     94     900
91     36     106     1793
92     34     44     2559
93     56     177     1202
94     82     160     4513
95     6     191     1151
96     63     65     2189
97     49     85     4809
98     25     98     567
99     61     100     3132
100     72     113     904
101     61     147     272
102     41     182     1098
103     64     32     2603
104     63     162     888
105     93     87     2059
106     9     130     800
107     59     199     1013
108     49     195     2745
109     57     155     307
110     92     6     709
111     78     84     401
112     90     88     1103
113     6     147     5074
114     50     84     1013
115     80     78     2778
116     21     71     104
117     91     62     1970
118     14     118     3672
119     67     135     1240
120     82     40     2185
121     92     35     1105
122     99     50     534
123     78     43     3888
124     52     62     241
125     37     48     240
126     44     61     503
127     85     157     1854
128     24     44     2580
129     57     178     9
130     74     54     772
131     32     25     1990
132     43     179     1995
133     45     133     1759
134     44     9     4526
135     85     185     143
136     77     162     3508
137     70     26     338
138     6     139     1144
139     35     3     2745
140     19     51     656
141     53     149     321
142     73     186     2390
143     18     123     3689
144     65     23     358
145     75     131     2192
146     50     128     1543
147     70     169     573
148     25     182     847
149     98     152     1962
150     17     196     4424
151     53     90     226
152     49     70     4977
153     44     186     310
154     31     107     2374
155     36     78     1147
156     14     85     394
157     39     126     2204
158     54     4     2868
159     75     81     465
160     88     182     248
161     17     174     1791
162     67     45     353
163     40     136     2957
164     57     140     520
165     24     182     2861
166     60     5     419
167     96     69     682
168     24     93     2691
169     40     10     1248
170     20     129     357
171     85     83     4159
172     22     11     367
173     19     65     4046
174     61     3     479
175     14     138     1985
176     58     7     2564
177     66     158     575
178     5     42     751
179     76     127     453
180     14     176     823
181     76     139     1753
182     83     57     738
183     23     39     4533
184     80     125     417
185     55     43     1105
186     11     53     2760
187     64     34     283
188     6     123     151
189     57     199     4904
190     15     97     358
191     13     147     2137
192     59     70     1823
193     47     6     1571
194     99     152     3958
195     6     177     449
196     39     147     5016
197     28     130     1264
198     28     137     2891
199     63     68     1078
200     62     122     52
