1        5        9        5
2        7        4       14
3       12        9        5
4        3        1        6
5       14        4       20
6        3        9       24
7        6        1       20
8       13        8       10
9        4        6       26
10        4        4       21
11       11        4       13
12       15        3       22
13        5        8        9
14        4        2       26
15        6        9        1
16       14        9       23
17       10        6       14
18       14        2        2
19        7        2       13
20        6        6       18
21        7        3       17
22       10        6       12
23       12        7       11
24       14        9       10
25        3        8       13
26       13        3       27
27       10        4       14
28        9        1       14
29       10        6       15
30       15        6        6
31        9        4       26
32       13        4       17
33        3        9       16
34        6        1       29
35        5        6        4
36        5        3        4
37       11        6       22
38       13        3        1
39       15        9        3
40        7        8        2
41       12        5        0
42       12        2       11
43       13        2       17
44       14        8       27
45        8        4        5
46       11        6       23
47       14        4        3
48       12        2        2
49        7        7        7
50        6        3       27
