1     31     44     1892
2     36     34     4806
3     47     46     523
4     37     46     1181
5     4     18     5927
6     19     22     1211
7     8     33     9
8     25     21     3526
9     12     1     6554
10     9     7     1406
11     43     1     492
12     9     39     6280
13     41     47     795
14     41     12     344
15     20     32     2396
16     49     35     2291
17     21     22     2438
18     11     25     7113
19     26     14     973
20     12     10     583
21     25     14     7194
22     48     15     235
23     29     26     7065
24     48     24     1521
25     32     2     4473
26     11     32     1809
27     17     36     5644
28     21     20     1696
29     24     38     2461
30     36     45     488
31     13     14     4574
32     7     28     721
33     4     25     5762
34     3     12     177
35     36     35     6182
36     4     10     948
37     4     41     442
38     31     26     2719
39     22     12     3899
40     19     48     25
41     17     26     4326
42     4     11     915
43     34     4     215
44     45     46     3231
45     16     29     2487
46     44     42     1551
47     35     2     6288
48     18     49     269
49     38     36     7076
50     17     38     731
51     8     30     6621
52     11     7     147
53     32     44     27
54     35     48     4292
55     6     31     1338
56     45     35     5261
57     26     28     1039
58     9     8     1266
59     35     35     5482
60     6     30     797
61     34     36     5200
62     46     42     412
63     38     35     2546
64     44     13     535
65     25     3     5402
66     46     28     48
67     36     1     6751
68     21     32     1591
69     21     47     6610
70     21     10     1446
71     49     18     5527
72     27     17     1356
73     14     11     3442
74     22     8     6953
75     37     28     1272
76     6     19     1472
77     13     21     1029
78     33     23     5766
79     33     27     736
80     48     20     6525
81     48     30     1072
82     42     48     5884
83     26     4     871
84     30     36     4992
85     7     40     491
86     6     8     4496
87     10     45     649
88     4     2     5152
89     11     1     220
90     15     40     3058
91     36     34     5524
92     1     19     1362
93     25     13     3404
94     5     30     5383
95     17     14     646
96     32     5     800
97     4     28     4953
98     16     5     732
99     19     1     5597
100     16     12     293
101     18     38     5643
102     9     45     161
103     46     5     358
104     2     44     5613
105     42     3     1383
106     34     2     556
107     4     15     2352
108     7     19     3195
109     29     26     943
110     45     19     751
111     46     6     5937
112     43     21     879
113     4     27     6716
114     12     33     305
115     3     38     3660
116     34     44     236
117     11     7     2806
118     25     17     434
119     45     16     368
120     40     21     5679
121     22     9     341
122     33     4     3534
123     28     47     5605
124     13     7     213
125     8     2     5596
126     36     42     401
127     13     25     2812
128     9     12     499
129     26     38     7236
130     31     42     770
131     5     27     4401
132     14     37     900
133     36     31     3385
134     20     32     4536
135     46     47     1312
136     41     33     3996
137     30     47     1656
138     15     26     5598
139     35     12     1733
140     18     15     5406
141     3     9     1478
142     2     37     6472
143     25     22     1070
144     26     33     129
145     5     4     1075
146     30     38     689
147     40     10     3612
148     10     41     1626
149     38     34     4474
150     29     31     997
151     10     16     3885
152     17     46     518
153     48     40     4907
154     30     12     458
155     16     46     132
156     33     25     1879
157     32     43     4248
158     5     14     1182
159     15     24     1707
160     23     7     2790
161     1     38     5720
162     33     12     496
163     29     42     6211
164     11     26     1112
165     44     12     3730
166     34     42     265
167     31     35     3261
168     32     11     1545
169     43     31     7062
170     14     42     1778
171     48     22     3953
172     26     20     1752
173     18     34     2897
174     23     21     6072
175     42     18     377
176     36     4     5733
177     30     38     1711
178     31     7     2881
179     20     33     2573
180     41     12     4540
181     45     2     802
182     4     28     2984
183     39     13     2973
184     7     29     4204
185     22     15     1527
186     17     12     4892
187     3     46     1482
188     15     12     5295
189     3     38     776
190     13     46     6205
191     8     49     946
192     22     49     5357
193     9     26     1258
194     6     22     2767
195     43     7     2320
196     36     31     2905
197     42     27     928
198     29     24     3724
199     26     49     287
200     37     38     6908
201     21     13     1415
202     9     28     6841
203     33     39     45
204     45     12     5470
205     14     42     1582
206     26     15     6657
207     17     19     1125
208     25     7     231
209     1     20     4042
210     8     33     1498
211     44     6     5620
212     26     9     930
213     33     38     7225
214     36     44     1341
215     22     36     521
216     18     25     771
217     46     28     4435
218     46     30     1717
219     33     4     4767
220     22     35     415
221     35     44     4336
222     39     7     869
223     18     46     6865
224     18     43     643
225     11     38     5388
226     14     11     784
227     14     3     4442
228     4     45     129
229     12     1     0
230     49     32     1367
231     28     42     4241
232     22     41     517
233     32     5     602
234     15     35     25
235     39     5     3491
236     14     21     871
237     15     30     1583
238     41     7     4108
239     5     6     1471
240     6     18     6646
241     39     34     1110
242     44     18     4402
243     27     6     148
244     44     5     2327
245     16     45     1447
246     1     25     2031
247     16     37     1474
248     7     11     3298
249     49     24     5828
250     10     35     1350
251     29     37     2609
252     30     42     5103
253     6     29     253
254     23     32     1527
255     38     46     3346
256     37     35     6921
257     34     41     42
258     12     2     4345
259     2     24     762
260     6     26     6355
261     30     48     432
262     40     19     5433
263     19     26     54
264     24     5     1115
265     48     46     2370
266     4     6     5461
267     39     8     1268
268     6     17     4518
269     45     47     23
270     33     14     5238
271     49     2     247
272     32     22     907
273     5     20     6238
274     29     2     407
275     10     20     4768
276     3     23     895
277     46     15     4106
278     9     11     926
279     1     29     894
280     34     20     2890
281     27     19     4435
282     35     18     632
283     10     28     3106
284     36     31     2916
285     37     30     3924
286     3     29     1102
287     2     27     3676
288     6     48     1620
289     27     49     5587
290     4     45     163
291     36     25     146
292     31     21     1989
293     10     23     4972
294     3     26     1584
295     47     37     4460
296     38     27     320
297     29     13     2760
298     36     13     3597
299     38     28     4678
300     23     24     649
