1     19     35     7024
2     28     29     601
3     10     37     2776
4     9     2     4940
5     46     32     306
6     31     6     4295
7     31     2     1525
8     46     12     6115
9     44     31     873
10     13     9     1581
11     32     47     4070
12     17     33     1017
13     12     44     5363
14     10     2     862
15     10     16     47
16     10     19     2979
17     11     30     7244
18     17     14     951
19     39     43     1174
20     36     39     7114
21     29     30     1752
22     45     31     6572
23     14     39     646
24     6     41     4387
25     10     4     1476
26     20     28     227
27     42     40     6202
28     39     45     1181
29     39     44     1120
30     30     22     3569
31     22     33     6050
32     11     18     404
33     38     18     7505
34     9     1     1322
35     29     26     3561
36     1     10     4372
37     38     38     517
38     22     38     3782
39     14     43     1363
40     41     5     1934
41     3     40     5230
42     32     26     406
43     44     13     7056
44     16     19     431
45     3     24     1332
46     13     5     1478
47     45     15     1146
48     23     30     1183
49     2     31     6627
50     13     19     1695
51     35     1     2215
52     46     3     3009
53     17     31     1725
54     16     42     3742
55     24     32     142
56     9     21     3467
57     1     16     3618
58     41     45     3860
59     20     14     149
60     49     49     7061
61     13     21     1455
62     1     26     5855
63     24     24     302
64     23     36     3778
65     17     43     109
66     1     14     841
67     1     18     6030
68     16     29     1366
69     35     48     4748
70     24     34     1023
71     41     11     4649
72     25     1     1644
73     5     3     5421
74     13     24     1529
75     15     13     1980
76     8     35     6077
77     42     46     1684
78     5     45     5641
79     31     18     232
80     29     31     4868
81     49     18     1239
82     45     40     4364
83     30     7     1713
84     32     39     376
85     15     13     560
86     29     42     5953
87     41     38     1088
88     28     22     5661
89     33     5     766
90     48     47     6068
91     43     10     987
92     8     7     2743
93     22     6     5784
94     21     9     53
95     24     40     3891
96     48     40     99
97     10     24     1887
98     31     40     2030
99     15     24     4704
100     33     20     1866
101     17     5     1168
102     14     24     5793
103     31     8     1224
104     45     44     1226
105     23     30     2401
106     14     13     6367
107     15     46     1666
108     30     7     5493
109     16     26     1116
110     28     16     1331
111     25     25     4594
112     10     49     360
113     17     18     2005
114     33     17     6354
115     25     8     1271
116     40     44     3596
117     31     30     961
118     29     25     3349
119     3     16     3763
120     18     40     1204
121     42     27     4040
122     19     36     674
123     7     44     6485
124     22     19     854
125     12     49     5123
126     17     38     1082
127     48     49     7376
128     40     35     1346
129     38     32     6976
130     12     22     1592
131     41     36     6726
132     39     18     766
133     15     9     2492
134     43     45     5362
135     33     48     610
136     33     24     2371
137     4     39     5660
138     32     43     915
139     5     6     6839
140     12     43     1410
141     45     7     1398
142     32     46     5874
143     42     11     1098
144     24     39     2017
145     44     30     6088
146     11     1     178
147     2     43     5079
148     36     44     102
149     40     33     2474
150     41     38     2788
151     23     9     2355
152     20     33     4824
153     35     12     58
154     14     38     5055
155     34     24     1376
156     13     2     5250
157     40     49     342
158     31     20     3988
159     17     23     1666
160     44     11     6609
161     26     9     270
162     28     4     5526
163     8     39     770
164     45     7     1530
165     2     26     3086
166     1     12     4322
167     18     20     138
168     1     26     5036
169     37     40     1148
170     45     19     2821
171     17     30     3468
172     28     28     6119
173     24     41     303
174     25     37     15
175     29     35     5667
176     39     48     638
177     2     37     6762
178     32     48     602
179     33     16     6382
180     14     12     630
181     23     36     5173
182     48     35     92
183     23     3     6895
184     25     7     1623
185     5     42     713
186     15     10     2341
187     22     6     5388
188     20     35     903
189     23     21     4339
190     12     39     1582
191     15     5     4782
192     44     44     1282
193     26     21     7076
194     42     6     1106
195     38     30     2120
196     25     2     1233
197     43     43     1006
198     22     35     6625
199     20     29     988
200     40     30     4443
201     47     5     842
202     20     20     3306
203     34     29     6545
204     16     1     1247
205     28     6     222
206     44     19     4809
207     36     4     1868
208     39     41     7470
209     33     39     1223
210     21     38     6418
211     41     2     848
212     17     7     7442
213     13     38     1229
214     16     1     6421
215     20     44     1730
216     33     33     6065
217     48     19     1693
218     4     31     1429
219     32     42     6192
220     14     26     718
221     26     38     266
222     34     2     2232
223     33     37     6701
224     29     14     233
225     44     19     3368
226     36     17     5881
227     41     39     971
228     49     29     3580
229     38     33     2569
230     21     40     2904
231     40     9     2358
232     24     34     851
233     39     11     7212
234     18     36     479
235     17     42     7247
236     16     24     159
237     28     1     4157
238     40     30     860
239     30     49     3338
240     40     40     6230
241     25     16     485
242     6     46     7148
243     4     40     1441
244     41     35     597
245     11     20     989
246     46     47     1279
247     8     11     4482
248     10     23     1183
249     24     8     5355
250     1     2     808
251     9     46     5865
252     4     10     914
253     39     2     1487
254     39     18     5942
255     11     29     254
256     35     18     4093
257     11     37     907
258     25     9     2080
259     14     22     6890
260     46     36     674
261     27     3     6622
262     34     34     655
263     10     19     2260
264     22     15     1362
265     21     37     4497
266     5     19     1094
267     47     7     6353
268     38     30     654
269     26     17     622
270     19     18     2846
271     37     41     2356
272     1     15     2448
273     37     18     803
274     34     31     7281
275     8     28     1359
276     12     8     4845
277     16     8     1412
278     14     31     4807
279     3     30     626
280     37     5     3042
281     15     46     5144
282     8     36     724
283     16     26     6520
284     34     11     1130
285     35     35     2500
286     4     40     3570
287     43     49     4151
288     24     10     1370
289     35     27     7507
290     36     38     390
291     13     27     4386
292     12     3     1028
293     46     40     4950
294     45     2     1151
295     30     8     3651
296     21     46     5831
297     37     49     415
298     3     44     6865
299     5     9     1740
300     43     27     3429
