1     22     2     3984
2     37     28     1650
3     4     48     4370
4     4     8     1657
5     13     22     3729
6     31     13     142
7     17     49     4559
8     21     11     337
9     35     49     7209
10     30     26     1804
11     7     29     6556
12     4     38     825
13     39     31     5908
14     48     32     1143
15     15     16     1302
16     47     46     5021
17     1     10     1063
18     5     15     3547
19     9     49     7174
20     37     14     1498
21     43     47     4532
22     4     12     438
23     5     20     5621
24     6     49     1136
25     19     21     4689
26     17     24     860
27     18     27     6099
28     48     5     1040
29     4     22     5809
30     20     36     1814
31     33     15     2645
32     8     17     2786
33     26     46     443
34     30     18     5648
35     3     41     866
36     32     33     2457
37     24     33     6006
38     42     16     640
39     26     7     5205
40     6     9     1490
41     3     17     4208
42     2     24     90
43     41     46     1913
44     1     8     4279
45     22     30     1721
46     24     21     2860
47     15     33     1658
48     40     5     2567
49     4     11     6042
50     10     8     254
51     18     37     1053
52     40     11     4844
53     24     44     1062
54     23     11     4302
55     39     15     1070
56     30     4     7364
57     15     13     1684
58     27     19     1794
59     6     43     6191
60     43     45     742
61     29     27     6607
62     19     8     1667
63     35     46     1756
64     39     4     2022
65     49     31     5499
66     3     18     1549
67     37     15     5303
68     39     12     160
69     33     24     7188
70     38     6     1461
71     46     41     2177
72     10     49     2089
73     20     32     6772
74     30     5     582
75     37     28     7232
76     13     5     616
77     23     18     4368
78     39     36     388
79     29     20     3850
80     48     21     205
81     39     46     5485
82     11     19     907
83     9     22     1629
84     21     49     1546
85     22     21     2840
86     33     48     2234
87     25     11     4639
88     23     23     1372
89     24     45     6660
90     28     2     1053
91     33     6     777
92     43     5     3601
93     17     48     5441
94     14     28     1645
95     4     9     7180
96     17     9     971
97     1     13     4194
98     22     14     1617
99     44     41     1549
100     48     35     4842
101     41     22     905
102     25     12     3653
103     19     46     6771
104     48     30     51
105     11     32     7166
106     34     1     1530
107     22     15     6391
108     10     20     1390
109     18     12     1359
110     49     26     522
111     16     32     5134
112     40     37     403
113     8     21     844
114     28     26     2048
115     23     19     5799
116     1     45     155
117     39     40     2308
118     26     37     4660
119     20     3     1015
120     42     31     1352
121     24     21     1219
122     1     4     2786
123     46     32     3221
124     1     39     5206
125     27     34     962
126     13     36     4356
127     26     33     641
128     37     3     6666
129     5     30     1613
130     5     9     6884
131     41     39     223
132     36     47     4172
133     31     14     891
134     31     8     5509
135     24     46     195
136     43     30     658
137     7     27     1933
138     17     17     6228
139     29     43     1473
140     7     26     7063
141     2     34     637
142     35     46     417
143     17     30     1120
144     49     18     6530
145     31     33     1102
146     17     25     1241
147     16     25     4733
148     44     4     961
149     43     8     3046
150     25     29     6260
151     1     29     910
152     18     37     2740
153     2     5     7223
154     43     45     21
155     4     9     1136
156     47     13     1986
157     10     31     2434
158     48     10     870
159     10     36     5968
160     21     20     1258
161     45     20     666
162     39     28     269
163     22     24     3385
164     48     37     2241
165     30     15     419
166     12     26     863
167     41     13     2921
168     23     4     1524
169     18     49     2575
170     8     44     4925
171     30     33     854
172     27     33     4242
173     21     42     1017
174     5     26     875
175     22     25     7028
176     6     4     1192
177     20     30     6422
178     34     19     448
179     10     4     5414
180     8     8     649
181     31     20     664
182     36     40     3174
183     32     40     1059
184     17     6     5687
185     2     15     1783
186     10     36     495
187     23     21     3215
188     36     25     7254
189     3     42     1418
190     36     46     1824
191     38     28     5420
192     44     5     47
193     38     33     7319
194     43     11     900
195     45     41     7060
196     33     7     1470
197     37     8     5967
198     15     30     264
199     32     39     6641
200     35     46     835
201     41     18     4303
202     23     15     805
203     4     45     5419
204     44     18     1092
205     41     43     5571
206     31     30     325
207     24     11     1139
208     16     25     3941
209     6     31     1660
210     1     35     5777
211     1     37     430
212     5     18     4768
213     36     3     684
214     47     25     850
215     19     31     2788
216     26     49     354
217     9     3     1595
218     12     1     5289
219     23     36     1724
220     47     23     1587
221     49     27     2943
222     22     48     1425
223     18     47     3282
224     11     45     6965
225     20     11     619
226     48     49     6428
227     8     28     1599
228     22     12     1353
229     2     49     5492
230     38     20     1626
231     27     11     2514
232     29     18     2440
233     32     22     3993
234     40     28     698
235     18     1     3526
236     15     29     5291
237     8     2     459
238     36     2     1479
239     39     14     2631
240     38     35     5717
241     3     2     1275
242     16     8     223
243     34     32     3531
244     5     10     6634
245     46     30     886
246     24     20     6241
247     43     28     1329
248     15     25     596
249     23     46     4429
250     49     23     635
251     43     24     5965
252     26     47     1738
253     10     16     2193
254     38     47     1141
255     30     17     6429
256     25     41     1586
257     27     18     3296
258     42     32     571
259     26     14     3284
260     22     27     4242
261     15     15     108
262     24     5     2887
263     17     47     5397
264     9     12     1624
265     21     31     110
266     21     14     1887
267     2     11     5803
268     26     40     1091
269     42     41     1969
270     8     36     4210
271     25     49     1123
272     11     2     6259
273     8     19     1027
274     28     6     6388
275     31     2     1365
276     37     16     335
277     42     12     3108
278     36     6     6985
279     48     10     1137
280     10     25     6218
281     13     7     1049
282     33     29     1103
283     29     38     4078
284     46     5     806
285     28     24     424
286     20     49     5278
287     5     35     1542
288     46     18     2124
289     23     47     5559
290     33     41     149
291     38     34     3179
292     12     22     81
293     7     49     3426
294     32     13     1077
295     34     9     5587
296     1     14     1273
297     26     11     1901
298     48     13     1508
299     21     25     5587
300     19     14     1055
