1     24     22     9748
2     44     41     2072
3     12     2     1488
4     63     42     7736
5     22     4     345
6     34     23     9349
7     26     48     501
8     83     20     1094
9     83     17     2933
10     66     17     2783
11     90     30     1773
12     6     19     310
13     33     30     9844
14     28     12     1021
15     2     37     7831
16     52     21     858
17     54     20     8871
18     21     8     1777
19     17     2     3389
20     27     31     4936
21     72     48     7254
22     41     36     2009
23     32     16     1420
24     77     25     4311
25     3     39     9761
26     49     16     443
27     48     44     2411
28     35     31     7298
29     99     48     728
30     73     41     8542
31     1     17     679
32     22     14     2763
33     36     43     354
34     14     42     5289
35     24     47     68
36     89     12     389
37     94     7     8655
38     51     21     339
39     43     17     10120
40     63     44     2131
41     63     20     1212
42     92     43     5090
43     13     37     820
44     54     4     7165
45     68     47     2460
46     1     41     2666
47     10     3     10037
48     10     47     403
49     39     35     3731
50     69     36     10280
51     44     41     2443
52     86     21     107
53     96     25     5288
54     60     33     2196
55     88     48     314
56     66     49     9598
57     50     27     257
58     17     27     1956
59     38     16     4290
60     85     4     3387
61     21     39     2284
62     52     33     6291
63     63     11     2459
64     78     24     5071
65     48     44     5253
66     48     7     1009
67     53     37     1147
68     49     5     8744
69     65     35     562
70     85     2     6317
71     87     37     302
72     49     47     2355
73     1     28     3862
74     46     29     3617
75     48     29     3482
76     16     22     6495
77     16     46     982
78     14     48     2337
79     88     17     5505
80     85     41     374
81     76     35     496
82     64     1     5133
83     14     38     2451
84     99     44     9085
85     79     7     1132
86     78     5     7398
87     41     14     27
88     76     6     1884
89     67     31     1014
90     97     48     10008
91     23     39     536
92     10     49     3973
93     40     44     6571
94     92     33     510
95     46     39     6177
96     16     30     2372
97     32     2     2360
98     20     18     1979
99     22     41     321
100     5     48     5186
101     52     39     9022
102     7     38     1239
103     41     18     5983
104     13     45     1873
105     24     29     2695
106     44     11     8248
107     54     30     143
108     24     10     6812
109     20     17     2437
110     92     14     1484
111     60     1     10227
112     72     31     719
113     64     42     3583
114     97     6     1585
115     73     30     2314
116     17     42     4346
117     37     42     2759
118     28     31     6685
119     67     38     1163
120     27     30     9544
121     53     12     1086
122     17     4     3337
123     98     20     3074
124     58     9     7014
125     8     7     681
126     67     14     4778
127     37     6     6194
128     99     3     1920
129     83     21     4315
130     3     27     4060
131     86     35     103
132     63     37     5445
133     99     19     2508
134     6     12     3479
135     30     41     3359
136     20     41     10161
137     89     11     2320
138     68     21     4848
139     76     44     292
140     20     38     1782
141     5     49     8254
142     1     30     950
143     63     3     71
144     8     15     8507
145     52     21     2604
146     55     45     6192
147     78     5     1930
148     92     35     6367
149     60     19     44
150     23     30     630
151     79     22     2323
152     67     39     7634
153     95     9     1816
154     6     33     5114
155     84     12     8163
156     89     6     1840
157     67     24     330
158     92     19     731
159     60     38     2295
160     77     31     3776
161     90     36     6288
162     41     11     1168
163     92     41     2197
164     38     16     4641
165     7     16     8452
166     27     3     308
167     40     13     2256
168     40     11     6594
169     86     42     828
170     95     8     9189
171     91     39     662
172     90     34     9455
173     89     34     1011
174     66     43     1562
175     40     37     6962
176     50     26     1522
177     88     18     6474
178     99     25     2135
179     96     3     5816
180     90     41     1186
181     55     39     8579
182     75     36     1657
183     82     40     7458
184     90     18     317
185     10     47     5779
186     11     42     897
187     85     45     7549
188     31     9     32
189     58     39     4983
190     58     15     9003
191     78     27     1085
192     51     31     2927
193     38     32     9535
194     36     21     736
195     96     11     10324
196     8     32     1812
197     59     22     9872
198     84     40     1586
199     35     30     4667
200     63     23     8934
