20.922     10336     9975
20.705     10286     9975
20.705     10286     9975
20.922     10336     9975
20.922     10336     9975
20.922     10336     9975
20.922     10336     9975
20.705     10286     9975
20.705     10286     9975
20.922     10336     9975
             
20.704     9863     9550.5
20.007     9856     9550.5
20.007     9856     9550.5
20.704     9863     9550.5
20.704     9863     9550.5
20.704     9863     9550.5
20.704     9863     9550.5
20.007     9856     9550.5
20.007     9856     9550.5
20.704     9863     9550.5
             
20.439     10044     9720
20.907     10003     9720
20.907     10003     9720
20.439     10044     9720
20.907     10044     9720
20.907     10044     9720
20.439     10044     9720
20.907     10003     9720
20.907     10003     9720
20.907     10044     9720
             
20.892     10269     9873
20.563     10270     9873
20.563     10270     9873
20.892     10269     9873
20.892     10270     9873
20.892     10270     9873
20.892     10269     9873
20.563     10270     9873
20.563     10270     9873
20.892     10270     9873
             
20.954     10947     10380
20.553     10964     10380
20.553     10964     10380
20.954     10947     10380
20.954     10964     10380
20.954     10964     10380
20.954     10947     10380
20.553     10964     10380
20.553     10964     10380
20.954     10964     10380
             
20.454     11100     10580.5
20.517     11139     10580.5
20.517     11139     10580.5
20.454     11100     10580.5
20.517     11139     10580.5
20.517     11139     10580.5
20.454     11100     10580.5
20.517     11139     10580.5
20.517     11139     10580.5
20.517     11139     10580.5
             
20.063     9871     9737
20.345     9871     9737
20.345     9871     9737
20.063     9871     9737
20.345     9871     9737
20.345     9871     9737
20.063     9871     9737
20.345     9871     9737
20.345     9871     9737
20.345     9871     9737
             
20.001     10375     9945
20.943     10375     9945
20.943     10375     9945
20.001     10375     9945
20.943     10375     9945
20.943     10375     9945
20.001     10375     9945
20.943     10375     9945
20.943     10375     9945
20.943     10375     9945
             
20.876     9721     9543
20.407     9739     9543
20.407     9739     9543
20.876     9721     9543
20.876     9739     9543
20.876     9739     9543
20.876     9721     9543
20.407     9739     9543
20.407     9739     9543
20.876     9739     9543
             
20.438     10555     10171
20.001     10574     10171
20.001     10574     10171
20.438     10555     10171
20.438     10574     10171
20.438     10574     10171
20.438     10555     10171
20.001     10574     10171
20.001     10574     10171
20.438     10574     10171
             
