1     7     18     432
2     20     55     57
3     45     76     64
4     44     6     6
5     36     49     424
6     21     18     105
7     15     65     143
8     30     5     422
9     2     97     38
10     1     59     304
11     49     58     151
12     22     90     355
13     6     30     137
14     5     50     523
15     23     81     125
16     20     32     515
17     19     63     21
18     42     85     622
19     2     45     58
20     15     28     485
21     44     28     37
22     31     61     405
23     31     88     50
24     41     49     448
25     14     66     148
26     24     90     546
27     38     70     99
28     9     4     296
29     42     2     162
30     34     76     317
31     44     52     316
32     39     79     9
33     33     35     565
34     38     44     123
35     37     70     384
36     28     3     10
37     49     23     278
38     26     29     195
39     41     48     99
40     33     39     607
41     7     35     119
42     4     56     211
43     20     67     169
44     40     10     602
45     11     40     124
46     48     12     507
47     35     27     1
48     11     82     11
49     22     83     67
50     1     13     202
