5.008      1234      1178
5.007      1233      1178
5.008      1233      1178
5.008      1233      1178
5.007      1233      1178
5.008      1233      1178
5.007      1233      1178
5.008      1233      1178
5.008      1233      1178
5.008      1233      1178

5.008      1341      1277
5.008      1357      1277
5.007      1341      1277
5.008      1351      1277
5.012      1341      1277
5.007      1357      1277
5.008      1341      1277
5.008      1351      1277
5.007      1351      1277
5.008      1341      1277

5.008      1188      1157
5.006      1188      1157
5.008      1188      1157
5.007      1191      1157
5.008      1205      1157
5.008      1194      1157
5.007      1188      1157
5.008      1188      1157
5.007      1188      1157
5.008      1190      1157

5.007      1176      1136
5.008      1177      1136
5.007      1158      1136
5.008      1176      1136
5.008      1177      1136
5.007      1176      1136
5.008      1176      1136
5.007      1180      1136
5.008      1176      1136
5.003      1176      1136

5.007      1392    1316.5
5.008      1392    1316.5
5.008      1392    1316.5
5.007      1392    1316.5
5.008      1392    1316.5
5.005      1392    1316.5
5      1392    1316.5
5.008      1392    1316.5
5.007      1392    1316.5
5.008      1392    1316.5

5.008      1310      1283
5.007      1310      1283
5.006      1310      1283
5.007      1310      1283
5.008      1310      1283
5.008      1310      1283
5.007      1310      1283
5.008      1310      1283
5.007      1310      1283
5.008      1310      1283

5.008      1266      1234
5.007      1267      1234
5.008      1254      1234
5.007      1269      1234
5.008      1268      1234
5.007      1262      1234
5.008      1267      1234
5.008      1269      1234
5.007      1245      1234
5.008      1267      1234

5.008      1219      1214
5.007      1217      1214
5.008      1241      1214
5.008      1217      1214
5.007      1241      1214
5.008      1226      1214
5.008      1218      1214
5.006      1241      1214
5.008      1241      1214
5.008      1241      1214

5.008      1199      1168
5.008      1197      1168
5.007      1197      1168
5.011      1197      1168
5.007      1199      1168
5.008      1199      1168
5.008      1197      1168
5.007      1197      1168
5.008      1199      1168
5.008      1197      1168

5.008      1262      1236
5.007      1262      1236
5.008      1262      1236
5.007      1268      1236
5.008      1262      1236
5.008      1270      1236
5.007      1262      1236
5.008      1262      1236
5.007      1262      1236
5.008      1263      1236

