1     45     95     251
2     41     32     59
3     39     48     64
4     24     74     243
5     38     38     21
6     18     45     96
7     10     72     179
8     3     75     67
9     45     49     50
10     25     69     20
11     4     28     211
12     47     49     27
13     35     49     62
14     25     15     262
15     26     8     70
16     39     25     246
17     29     41     84
18     9     94     286
19     29     67     14
20     26     77     310
21     45     29     22
22     29     14     246
23     20     16     39
24     21     92     2
25     49     80     210
26     16     82     51
27     44     75     291
28     26     56     78
29     30     28     264
30     2     62     62
31     43     20     75
32     39     24     286
33     30     80     55
34     48     4     64
35     13     67     172
36     37     35     50
37     20     49     28
38     22     38     177
39     8     36     19
40     41     38     275
41     3     70     29
42     41     14     110
43     36     78     338
44     24     24     75
45     40     59     20
46     23     48     22
47     5     46     26
48     24     55     138
49     25     77     41
50     4     13     64
