1     28     30     134
2     15     80     36
3     12     17     106
4     32     32     152
5     14     16     40
6     7     51     164
7     8     87     10
8     1     50     214
9     45     13     11
10     30     65     25
11     17     23     124
12     40     28     35
13     14     64     240
14     16     8     51
15     15     91     94
16     17     65     220
17     23     46     43
18     29     50     241
19     4     18     58
20     10     12     200
21     5     58     26
22     45     67     210
23     19     9     19
24     1     83     41
25     35     2     72
26     8     78     210
27     35     78     56
28     8     23     100
29     12     1     223
30     21     35     46
31     22     32     49
32     9     51     113
33     16     48     35
34     9     40     116
35     11     70     5
36     2     49     71
37     35     20     137
38     8     9     55
39     25     89     33
40     22     83     47
41     6     70     119
42     21     67     219
43     37     91     25
44     49     90     189
45     22     66     41
46     23     96     82
47     39     30     224
48     8     53     60
49     33     63     9
50     20     41     82
