10.016     10055     9810.5
10.016     10122     9810.5
10.016     10122     9810.5
10.016     10055     9810.5
10.016     10122     9810.5
10.016     10122     9810.5
10.016     10055     9810.5
10.016     10122     9810.5
10.016     10122     9810.5
10.016     10122     9810.5
             
10.016     9484     9286.5
10.016     9488     9286.5
10.016     9488     9286.5
10.016     9484     9286.5
10.016     9488     9286.5
10.016     9488     9286.5
10.016     9484     9286.5
10.016     9488     9286.5
10.016     9488     9286.5
10.016     9488     9286.5
             
10.004     11104     10405.5
10.001     11104     10405.5
10.001     11104     10405.5
10.004     11104     10405.5
10.004     11104     10405.5
10.004     11104     10405.5
10.004     11104     10405.5
10.001     11104     10405.5
10.001     11104     10405.5
10.004     11104     10405.5
             
10.016     10482     10063
10.016     10482     10063
10.016     10482     10063
10.016     10482     10063
10.016     10482     10063
10.016     10482     10063
10.016     10482     10063
10.016     10482     10063
10.016     10482     10063
10.016     10482     10063
             
10.016     9807     9598
10.016     9807     9598
10.016     9807     9598
10.016     9807     9598
10.016     9807     9598
10.016     9807     9598
10.016     9807     9598
10.016     9807     9598
10.016     9807     9598
10.016     9807     9598
             
10.016     10364     10258.5
10.016     10363     10258.5
10.016     10363     10258.5
10.016     10364     10258.5
10.016     10364     10258.5
10.016     10364     10258.5
10.016     10364     10258.5
10.016     10363     10258.5
10.016     10363     10258.5
10.016     10364     10258.5
             
10.016     10598     10332
10.016     10498     10332
10.016     10498     10332
10.016     10598     10332
10.016     10598     10332
10.016     10598     10332
10.016     10598     10332
10.016     10498     10332
10.016     10498     10332
10.016     10598     10332
             
10.016     10417     10098.5
10.006     10404     10098.5
10.006     10404     10098.5
10.016     10417     10098.5
10.016     10417     10098.5
10.016     10417     10098.5
10.016     10417     10098.5
10.006     10404     10098.5
10.006     10404     10098.5
10.016     10417     10098.5
             
10.016     10534     10332.5
10.016     10435     10332.5
10.016     10435     10332.5
10.016     10534     10332.5
10.016     10534     10332.5
10.016     10534     10332.5
10.016     10534     10332.5
10.016     10435     10332.5
10.016     10435     10332.5
10.016     10534     10332.5
             
10.016     9279     8979.5
10.016     9180     8979.5
10.016     9180     8979.5
10.016     9279     8979.5
10.016     9279     8979.5
10.016     9279     8979.5
10.016     9279     8979.5
10.016     9180     8979.5
10.016     9180     8979.5
10.016     9279     8979.5
             
