10.656     10016     9810.5
10.579     10039     9810.5
10.579     10039     9810.5
10.656     10016     9810.5
10.656     10039     9810.5
10.656     10039     9810.5
10.656     10016     9810.5
10.579     10039     9810.5
10.579     10039     9810.5
10.656     10039     9810.5
             
10.532     9407     9286.5
10.719     9407     9286.5
10.719     9407     9286.5
10.532     9407     9286.5
10.719     9407     9286.5
10.719     9407     9286.5
10.532     9407     9286.5
10.719     9407     9286.5
10.719     9407     9286.5
10.719     9407     9286.5
             
10.141     11004     10405.5
10.047     11004     10405.5
10.047     11004     10405.5
10.141     11004     10405.5
10.141     11004     10405.5
10.141     11004     10405.5
10.141     11004     10405.5
10.047     11004     10405.5
10.047     11004     10405.5
10.141     11004     10405.5
             
10.411     10482     10063
10.703     10482     10063
10.703     10482     10063
10.411     10482     10063
10.703     10482     10063
10.703     10482     10063
10.411     10482     10063
10.703     10482     10063
10.703     10482     10063
10.703     10482     10063
             
10.172     9807     9598
10.423     9807     9598
10.423     9807     9598
10.172     9807     9598
10.423     9807     9598
10.423     9807     9598
10.172     9807     9598
10.423     9807     9598
10.423     9807     9598
10.423     9807     9598
             
10.016     10363     10258.5
10.813     10363     10258.5
10.813     10363     10258.5
10.016     10363     10258.5
10.813     10363     10258.5
10.813     10363     10258.5
10.016     10363     10258.5
10.813     10363     10258.5
10.813     10363     10258.5
10.813     10363     10258.5
             
10.266     10591     10332
10.078     10591     10332
10.078     10591     10332
10.266     10516     10332
10.266     10591     10332
10.266     10591     10332
10.266     10516     10332
10.078     10591     10332
10.078     10591     10332
10.266     10591     10332
             
10.251     10404     10098.5
10.250     10404     10098.5
10.250     10420     10098.5
10.251     10404     10098.5
10.251     10404     10098.5
10.251     10404     10098.5
10.251     10404     10098.5
10.250     10420     10098.5
10.250     10404     10098.5
10.251     10404     10098.5
             
10.208     10537     10332.5
10.688     10534     10332.5
10.688     10534     10332.5
10.208     10537     10332.5
10.688     10537     10332.5
10.688     10537     10332.5
10.208     10537     10332.5
10.688     10534     10332.5
10.688     10534     10332.5
10.688     10537     10332.5
             
10.047     9180     8979.5
10.485     9279     8979.5
10.485     9279     8979.5
10.047     9180     8979.5
10.485     9279     8979.5
10.485     9279     8979.5
10.047     9180     8979.5
10.485     9279     8979.5
10.485     9279     8979.5
10.485     9279     8979.5
             
