30.005     7620     7463
30.001     7643     7463
30.001     7643     7463
30.005     7620     7463
30.005     7643     7463
30.005     7643     7463
30.005     7620     7463
30.001     7643     7463
30.001     7643     7463
30.005     7643     7463
             
0.157     7766     7766
0.14     7766     7766
0.14     7766     7766
0.157     7766     7766
0.157     7766     7766
0.157     7766     7766
0.157     7766     7766
0.14     7766     7766
0.14     7766     7766
0.157     7766     7766
             
30.001     8064     7890
30.002     8058     7890
30.002     8058     7890
30.001     8064     7890
30.002     8064     7890
30.002     8064     7890
30.001     8064     7890
30.002     8058     7890
30.002     8058     7890
30.002     8064     7890
             
30.005     7335     7001
30.001     7359     7001
30.001     7359     7001
30.005     7335     7001
30.005     7359     7001
30.005     7359     7001
30.005     7335     7001
30.001     7359     7001
30.001     7359     7001
30.005     7359     7001
             
30.001     7615     7360
30.002     7629     7360
30.002     7629     7360
30.001     7615     7360
30.002     7629     7360
30.002     7629     7360
30.001     7615     7360
30.002     7629     7360
30.002     7629     7360
30.002     7629     7360
             
30.001     7551     7446
30.002     7566     7446
30.002     7566     7446
30.001     7551     7446
30.002     7566     7446
30.002     7566     7446
30.001     7551     7446
30.002     7566     7446
30.002     7566     7446
30.002     7566     7446
             
30.001     7962     7786
30.001     7923     7786
30.001     7923     7786
30.001     7962     7786
30.001     7962     7786
30.001     7962     7786
30.001     7962     7786
30.001     7923     7786
30.001     7923     7786
30.001     7962     7786
             
30.002     8064     7852
30.006     8092     7852
30.006     8092     7852
30.002     8064     7852
30.006     8092     7852
30.006     8092     7852
30.002     8064     7852
30.006     8092     7852
30.006     8092     7852
30.006     8092     7852
             
30.001     8053     7872
30.001     8053     7872
30.001     8053     7872
30.001     8053     7872
30.001     8053     7872
30.001     8053     7872
30.001     8053     7872
30.001     8053     7872
30.001     8053     7872
30.001     8053     7872
             
30.007     7923     7714
30.001     7939     7714
30.001     7939     7714
30.007     7923     7714
30.007     7939     7714
30.007     7939     7714
30.007     7923     7714
30.001     7939     7714
30.001     7939     7714
30.007     7939     7714
             
