30.001     7670     7463
30.048     7676     7463
30.048     7676     7463
30.001     7670     7463
30.048     7676     7463
30.048     7676     7463
30.001     7670     7463
30.048     7676     7463
30.048     7676     7463
30.048     7676     7463
             
0.094     7766     7766
1.125     7766     7766
1.125     7766     7766
0.094     7766     7766
1.125     7766     7766
1.125     7766     7766
0.094     7766     7766
1.125     7766     7766
1.125     7766     7766
1.125     7766     7766
             
30.001     8091     7890
30.079     8088     7890
30.079     8088     7890
30.001     8091     7890
30.079     8091     7890
30.079     8091     7890
30.001     8091     7890
30.079     8088     7890
30.079     8088     7890
30.079     8091     7890
             
30.032     7371     7001
30.001     7362     7001
30.001     7362     7001
30.032     7371     7001
30.032     7371     7001
30.032     7371     7001
30.032     7371     7001
30.001     7362     7001
30.001     7362     7001
30.032     7371     7001
             
30.016     7649     7360
30.001     7660     7360
30.001     7660     7360
30.016     7649     7360
30.016     7660     7360
30.016     7660     7360
30.016     7649     7360
30.001     7660     7360
30.001     7660     7360
30.016     7660     7360
             
30.007     7588     7446
30.033     7584     7446
30.033     7584     7446
30.007     7588     7446
30.033     7588     7446
30.033     7588     7446
30.007     7588     7446
30.033     7584     7446
30.033     7584     7446
30.033     7588     7446
             
30.048     7978     7786
30.032     7935     7786
30.032     7935     7786
30.048     7978     7786
30.048     7978     7786
30.048     7978     7786
30.048     7978     7786
30.032     7935     7786
30.032     7935     7786
30.048     7978     7786
             
30.079     8113     7852
30.032     8130     7852
30.032     8130     7852
30.079     8113     7852
30.079     8130     7852
30.079     8130     7852
30.079     8113     7852
30.032     8130     7852
30.032     8130     7852
30.079     8130     7852
             
30.032     8053     7872
30.126     8006     7872
30.126     8006     7872
30.032     8053     7872
30.126     8053     7872
30.126     8053     7872
30.032     8053     7872
30.126     8006     7872
30.126     8006     7872
30.126     8053     7872
             
30.033     7941     7714
30.016     7929     7714
30.016     7929     7714
30.033     7941     7714
30.033     7941     7714
30.033     7941     7714
30.033     7941     7714
30.016     7929     7714
30.016     7929     7714
30.033     7941     7714
             
