1     98     2     101
2     47     158     4031
3     33     32     1776
4     51     4     4977
5     78     170     100
6     99     117     5848
7     50     197     1393
8     96     3     2527
9     66     57     5603
10     99     164     122
11     44     90     1942
12     30     9     1342
13     88     55     2136
14     65     166     2900
15     91     96     5791
16     44     37     1758
17     49     98     4479
18     50     46     339
19     9     164     18
20     24     169     4493
21     8     87     1085
22     34     113     4423
23     80     146     142
24     69     12     199
25     69     140     6332
26     47     59     481
27     42     174     2095
28     82     114     268
29     54     59     4726
30     19     52     679
31     15     189     2834
32     31     90     4563
33     98     113     655
34     30     96     804
35     78     16     6911
36     94     14     519
37     66     93     6534
38     49     41     1427
39     25     175     6118
40     72     171     501
41     7     41     2420
42     18     112     4560
43     83     110     454
44     75     91     2320
45     93     154     3798
46     76     89     577
47     62     106     286
48     89     170     4680
49     40     55     1310
50     59     146     1179
51     94     112     4202
52     89     181     81
53     96     195     6052
54     54     134     1415
55     33     145     2319
56     81     79     6328
57     49     166     46
58     27     142     1712
59     58     145     6413
60     8     163     1439
61     82     150     2257
62     69     177     1778
63     39     3     1883
64     14     48     2531
65     26     143     1626
66     35     158     2528
67     77     59     1439
68     56     1     14
69     21     99     7202
70     48     109     682
71     49     127     6115
72     85     86     1127
73     35     125     1239
74     78     19     2731
75     47     147     5970
76     22     199     388
77     95     117     6211
78     30     23     440
79     91     40     674
80     2     118     6798
81     16     156     83
82     34     4     2476
83     93     180     6438
84     82     66     85
85     14     63     3600
86     29     100     5745
87     60     13     657
88     43     173     5750
89     8     76     32
90     12     32     877
91     10     129     3056
92     28     195     955
93     63     44     6104
94     68     136     1105
95     71     2     5476
96     29     51     1483
97     96     5     1684
98     61     26     5415
99     72     108     625
100     7     22     3479
101     53     34     6348
102     90     124     905
103     39     82     2039
104     69     107     972
105     94     45     4758
106     6     143     1682
107     33     197     264
108     14     140     6323
109     94     107     1152
110     34     58     479
111     50     83     776
112     86     151     5703
113     77     151     988
114     1     27     1987
115     74     124     1591
116     85     182     4628
117     50     77     1288
118     5     140     3539
119     13     93     4314
120     90     67     1059
121     38     65     1148
122     52     14     5910
123     3     180     206
124     18     12     6203
125     35     89     1124
126     79     52     2270
127     48     81     3473
128     75     66     4677
129     29     135     972
130     32     107     2503
131     65     101     448
132     73     114     6748
133     37     148     1314
134     77     192     2577
135     47     39     2586
136     92     162     418
137     21     57     6242
138     52     139     256
139     92     21     4133
140     84     44     208
141     56     61     5565
142     72     41     275
143     51     168     5562
144     63     7     1580
145     9     52     1312
146     62     126     4333
147     29     135     443
148     55     176     1837
149     34     180     3548
150     51     118     2990
151     21     138     4212
152     68     193     817
153     67     133     7044
154     42     198     1780
155     67     96     4920
156     75     74     484
157     14     45     6309
158     95     199     1101
159     27     22     2221
160     39     176     1245
161     10     74     3652
162     88     34     909
163     30     104     6506
164     32     84     25
165     5     61     1717
166     81     136     2919
167     62     83     2950
168     96     197     1497
169     66     11     4702
170     51     101     1659
171     88     166     5855
172     24     109     1535
173     82     160     4755
174     62     24     1194
175     62     72     551
176     35     2     1065
177     11     51     3702
178     32     177     6348
179     2     149     662
180     77     43     2451
181     18     101     677
182     18     78     3020
183     58     149     3611
184     44     120     7332
185     28     7     1208
186     64     4     450
187     88     96     1199
188     73     173     675
189     1     24     2240
190     50     139     6215
191     48     42     63
192     2     115     2606
193     25     188     1198
194     86     151     412
195     44     42     4517
196     73     38     1397
197     32     164     4278
198     23     70     1728
199     18     44     4624
200     36     151     69
201     14     98     4996
202     14     113     1328
203     93     42     7103
204     52     194     789
205     41     171     1699
206     88     192     6337
207     13     116     1722
208     48     103     6062
209     76     138     1572
210     20     138     4966
211     92     193     552
212     80     22     463
213     60     164     5942
214     8     17     1840
215     47     176     1160
216     64     17     4476
217     6     80     1026
218     14     54     664
219     50     178     2921
220     24     147     1648
221     93     52     60
222     3     171     4070
223     38     133     1027
224     89     37     6010
225     83     60     1142
226     88     104     442
227     44     109     4912
228     30     134     508
229     94     153     7290
230     63     5     558
231     10     13     2808
232     81     126     5282
233     79     161     1458
234     90     94     524
235     9     143     791
236     34     136     833
237     8     160     6317
238     91     24     86
239     16     119     4931
240     23     37     22
241     95     184     6082
242     81     1     846
243     12     14     5784
244     41     87     821
245     76     137     1142
246     11     28     2675
247     93     143     1399
248     99     87     6452
249     83     24     1566
250     64     22     4261
251     40     75     626
252     60     3     5115
253     22     175     1064
254     36     164     3706
255     9     145     304
256     43     44     1991
257     82     47     7367
258     3     64     1122
259     7     136     6708
260     49     125     1442
261     24     150     1290
262     90     40     4898
263     29     37     453
264     35     81     4992
265     34     115     324
266     73     153     5339
267     15     18     1381
268     19     56     2342
269     77     6     6301
270     78     24     956
271     13     147     255
272     82     162     3751
273     10     76     585
274     1     179     1091
275     80     61     651
276     61     158     5457
277     37     168     716
278     68     102     6649
279     22     140     1610
280     61     42     5873
281     83     101     1627
282     6     156     5496
283     28     75     1479
284     75     133     2415
285     27     28     752
286     86     155     2628
287     63     159     2920
288     21     20     5344
289     82     93     912
290     1     83     2666
291     53     111     658
292     15     131     3866
293     14     176     1107
294     7     85     4453
295     17     167     1648
296     19     190     6045
297     13     194     732
298     42     29     3944
299     33     95     662
300     16     87     2342
