1     43     1     4474
2     183     132     570
3     136     113     2022
4     162     113     2438
5     199     100     1084
6     43     52     4181
7     60     63     618
8     110     138     3743
9     79     5     907
10     17     169     3928
11     15     34     179
12     162     113     4536
13     192     198     661
14     46     112     2016
15     21     65     1759
16     65     63     773
17     105     146     2568
18     103     68     83
19     56     17     3562
20     2     140     34
21     186     124     2081
22     173     195     1379
23     179     120     3823
24     140     181     843
25     169     46     1286
26     120     102     4047
27     93     193     1073
28     12     119     4676
29     167     55     836
30     186     38     392
31     111     71     2388
32     179     139     2657
33     175     90     300
34     176     14     3578
35     173     149     1032
36     105     36     1166
37     54     65     19
38     2     56     2337
39     130     148     3718
40     182     74     219
41     165     31     887
42     34     44     1344
43     67     168     3435
44     191     179     640
45     78     5     1781
46     25     114     2275
47     148     35     605
48     13     93     3322
49     96     182     429
50     144     74     1181
51     165     196     2489
52     106     111     1189
53     40     162     1730
54     36     48     1548
55     58     1     2513
56     47     25     1053
57     14     102     3055
58     35     143     384
59     147     48     2782
60     5     120     556
61     76     137     3019
62     26     44     683
63     154     129     151
64     9     8     448
65     194     17     2623
66     106     82     25
67     148     65     2324
68     129     199     3363
69     141     22     410
70     50     43     4464
71     12     131     796
72     120     51     3925
73     53     70     876
74     110     64     1599
75     192     180     3024
76     92     126     90
77     58     19     2014
78     105     125     2888
79     108     51     1019
80     85     112     1422
81     42     68     4327
82     35     129     1118
83     27     106     2634
84     196     119     1012
85     52     39     3619
86     108     137     181
87     102     65     3071
88     30     36     893
89     127     119     2566
90     73     146     1131
91     16     158     2058
92     37     106     3611
93     137     128     1039
94     62     117     4076
95     36     182     1161
96     22     41     1472
97     131     160     3216
98     23     175     541
99     13     151     1089
100     106     120     2615
101     178     101     390
102     53     180     1669
103     157     141     3968
104     76     44     555
105     82     120     4357
106     161     75     107
107     31     192     3768
108     187     125     219
109     169     166     2341
110     93     171     2338
111     14     19     186
112     131     108     733
113     30     51     3567
114     77     16     891
115     67     142     3963
116     183     121     1159
117     49     146     2427
118     62     114     730
119     155     70     4510
120     89     37     506
121     7     186     2978
122     69     166     1146
123     132     41     2064
124     42     153     4575
125     166     148     661
126     14     34     1789
127     7     60     4751
128     184     13     851
129     40     199     4125
130     7     89     743
131     142     184     2863
132     198     7     254
133     141     178     3260
134     160     75     1039
135     39     87     2607
136     99     93     659
137     53     49     4238
138     108     58     469
139     132     39     152
140     95     144     3700
141     72     38     28
142     71     170     2192
143     154     126     2644
144     136     13     1100
145     181     128     249
146     37     156     3098
147     190     55     145
148     62     37     4213
149     142     108     871
150     2     40     4395
151     98     164     1188
152     21     185     918
153     71     139     909
154     94     132     2272
155     87     144     2902
156     145     136     1155
157     74     127     1830
158     64     138     3995
159     52     109     1212
160     14     73     3493
161     133     56     512
162     196     117     3890
163     57     157     313
164     41     4     540
165     52     4     2608
166     88     164     979
167     43     71     3390
168     132     51     351
169     63     82     2647
170     10     194     49
171     7     75     3758
172     119     73     897
173     52     80     636
174     70     162     4180
175     185     189     133
176     107     45     2356
177     16     12     763
178     51     47     4790
179     104     79     1076
180     14     171     3263
181     31     93     574
182     136     139     366
183     126     77     996
184     87     165     2596
185     25     195     1166
186     112     181     4566
187     131     124     404
188     185     35     1143
189     114     113     2249
190     91     10     4136
191     100     193     272
192     89     19     2683
193     46     96     266
194     166     4     3161
195     8     152     1100
196     14     78     4712
197     101     120     384
198     13     47     351
199     134     25     956
200     180     162     2973
201     38     41     597
202     132     188     4078
203     165     70     437
204     175     86     469
205     124     133     4308
206     2     107     363
207     169     143     4379
208     52     15     470
209     16     77     4775
210     121     21     1201
211     189     60     3094
212     148     182     766
213     187     47     4719
214     64     187     848
215     129     66     2676
216     188     140     115
217     160     178     289
218     19     102     861
219     8     79     1512
220     35     70     2239
221     15     44     323
222     32     171     685
223     153     48     2366
224     27     150     4472
225     181     39     761
226     80     192     852
227     88     179     886
228     196     27     2380
229     184     77     905
230     4     181     2895
231     41     26     483
232     60     98     868
233     128     192     2872
234     4     1     530
235     163     48     4230
236     7     104     9
237     106     107     4353
238     105     119     1027
239     137     57     1298
240     152     6     943
241     101     119     118
242     168     34     4349
243     40     35     852
244     60     140     3605
245     159     114     14
246     123     184     2953
247     196     88     451
248     55     90     2288
249     135     124     3088
250     184     122     1174
251     36     16     1452
252     67     92     658
253     81     80     3368
254     191     142     751
255     74     192     3665
256     164     30     259
257     34     132     472
258     65     47     3261
259     16     57     67
260     180     144     4082
261     131     73     564
262     171     64     2808
263     171     102     977
264     8     119     1316
265     29     51     3829
266     174     44     695
267     8     182     1078
268     12     96     55
269     169     42     2216
270     9     63     384
271     9     22     2924
272     11     59     848
273     29     104     2991
274     2     84     728
275     24     92     2413
276     70     90     3987
277     181     151     1023
278     183     192     3497
279     141     197     971
280     92     40     4822
281     153     55     93
282     11     68     2811
283     122     103     93
284     163     22     3935
285     146     28     75
286     150     31     2748
287     198     1     987
288     28     131     3036
289     49     164     1184
290     96     194     1129
291     51     25     2194
292     50     75     4697
293     91     182     403
294     79     175     2395
295     188     140     4283
296     3     9     711
297     185     110     4709
298     84     51     663
299     103     165     2466
300     5     13     994
301     34     1     1485
302     174     77     2121
303     163     40     4511
304     82     103     1167
305     166     160     461
306     138     113     3841
307     20     150     919
308     182     195     3361
309     57     158     63
310     177     24     297
311     10     189     1531
312     56     73     1552
313     84     197     3962
314     193     74     415
315     30     119     2508
316     89     121     1097
317     12     111     4100
318     31     63     632
319     114     96     3051
320     70     47     1182
321     62     44     552
322     78     55     4253
323     153     122     631
324     167     12     1210
325     176     191     4676
326     191     50     663
327     81     143     3926
328     36     95     1155
329     182     42     2367
330     110     93     3094
331     115     179     342
332     196     100     2889
333     109     40     1046
334     34     185     795
335     39     19     1679
336     171     167     488
337     44     138     3478
338     102     180     927
339     53     131     718
340     4     79     3569
341     140     5     391
342     5     20     4360
343     175     70     1059
344     110     143     2489
345     58     9     700
346     145     89     3133
347     97     3     907
348     151     8     41
349     78     183     2502
350     142     148     669
351     10     189     2180
352     20     97     4403
353     152     122     642
354     116     23     4516
355     106     166     675
356     165     31     3159
357     119     25     559
358     47     56     4295
359     137     144     1158
360     13     74     4290
361     60     96     416
362     38     165     819
363     174     57     456
364     167     58     1201
365     180     71     1922
366     142     145     3811
367     109     19     807
368     21     2     2712
369     199     189     1004
370     184     33     1640
371     141     93     4761
372     39     185     1213
373     131     151     799
374     53     140     730
375     124     144     2894
376     40     192     122
377     196     31     161
378     164     163     1546
379     158     51     2611
380     112     105     558
381     102     91     2058
382     11     54     4150
383     121     197     779
384     134     145     441
385     155     139     2065
386     118     110     1104
387     25     184     3662
388     175     18     28
389     86     2     3404
390     110     56     426
391     18     30     4566
392     13     94     727
393     155     6     4483
394     138     189     196
395     80     198     1771
396     22     195     4752
397     64     34     808
398     24     172     3723
399     19     60     749
400     173     187     3082
401     184     4     524
402     120     166     1379
403     155     57     2664
404     63     157     570
405     38     176     2319
406     86     170     3372
407     18     164     286
408     14     176     3954
409     114     47     1168
410     111     133     1266
411     75     170     3984
412     112     38     491
413     63     97     2468
414     7     181     650
415     27     141     1313
416     172     167     600
417     96     34     2617
418     39     116     1088
419     73     178     3602
420     187     94     356
421     36     58     3486
422     12     121     934
423     99     19     2216
424     87     108     1020
425     70     146     4139
426     187     180     873
427     155     74     2189
428     170     126     1193
429     199     159     759
430     1     103     380
431     126     106     2714
432     123     124     668
433     106     13     3134
434     81     151     554
435     105     115     1322
436     98     99     503
437     193     125     1243
438     100     139     369
439     189     69     2455
440     185     139     23
441     191     80     472
442     35     175     199
443     51     92     116
444     150     68     2534
445     62     112     818
446     101     118     1606
447     197     2     3225
448     87     68     518
449     149     128     3017
450     7     131     698
451     189     5     1228
452     169     144     1685
453     58     103     450
454     163     173     1756
455     9     136     3930
456     73     175     648
457     111     195     3587
458     125     160     84
459     81     6     3199
460     37     115     938
461     191     30     2456
462     5     94     548
463     155     76     2534
464     121     33     678
465     182     186     1132
466     51     159     4489
467     126     150     1132
468     15     137     436
469     194     188     2871
470     119     181     838
471     57     60     4643
472     108     104     353
473     54     182     1992
474     79     169     1714
475     198     83     4656
476     172     23     174
477     102     105     3032
478     3     186     311
479     85     153     4742
480     104     18     931
481     136     61     4146
482     179     194     907
483     68     43     2689
484     38     39     182
485     178     166     537
486     140     92     1333
487     165     180     4671
488     154     78     608
489     132     129     1745
490     130     60     25
491     30     19     3452
492     121     113     883
493     159     180     4068
494     100     25     1026
495     55     164     156
496     4     76     4452
497     64     10     783
498     30     136     2090
499     30     49     3364
500     6     36     681
