50.065     20098     19594
50.005     20103     19594
50.005     20103     19594
50.065     20098     19594
50.065     20103     19594
50.065     20103     19594
50.065     20098     19594
50.005     20103     19594
50.005     20103     19594
50.065     20103     19594
             
50.031     20174     19750
50.003     20214     19750
50.003     20214     19750
50.031     20174     19750
50.031     20214     19750
50.031     20214     19750
50.031     20174     19750
50.003     20214     19750
50.003     20214     19750
50.031     20214     19750
             
50.013     21285     20621.6
50.019     21356     20621.6
50.019     21356     20621.6
50.013     21285     20621.6
50.019     21356     20621.6
50.019     21356     20621.6
50.013     21285     20621.6
50.019     21356     20621.6
50.019     21356     20621.6
50.019     21356     20621.6
             
50.024     20224     19756.4
50.019     20215     19756.4
50.019     20215     19756.4
50.024     20224     19756.4
50.024     20224     19756.4
50.024     20224     19756.4
50.024     20224     19756.4
50.019     20215     19756.4
50.019     20215     19756.4
50.024     20224     19756.4
             
50.002     20156     19609
50.001     20220     19609
50.001     20220     19609
50.002     20156     19609
50.002     20220     19609
50.002     20220     19609
50.002     20156     19609
50.001     20220     19609
50.001     20220     19609
50.002     20220     19609
             
50.022     20668     20089.6
50.018     20664     20089.6
50.018     20664     20089.6
50.022     20668     20089.6
50.022     20668     20089.6
50.022     20668     20089.6
50.022     20668     20089.6
50.018     20664     20089.6
50.018     20664     20089.6
50.022     20668     20089.6
             
50.007     20783     20086.8
50.044     20676     20086.8
50.044     20676     20086.8
50.007     20783     20086.8
50.044     20783     20086.8
50.044     20783     20086.8
50.007     20783     20086.8
50.044     20676     20086.8
50.044     20676     20086.8
50.044     20783     20086.8
             
50.018     20183     19627.6
50.034     20171     19627.6
50.034     20171     19627.6
50.018     20183     19627.6
50.034     20183     19627.6
50.034     20183     19627.6
50.018     20183     19627.6
50.034     20171     19627.6
50.034     20171     19627.6
50.034     20183     19627.6
             
50.035     20564     20122.8
50.017     20643     20122.8
50.017     20643     20122.8
50.035     20564     20122.8
50.035     20643     20122.8
50.035     20643     20122.8
50.035     20564     20122.8
50.017     20643     20122.8
50.017     20643     20122.8
50.035     20643     20122.8
             
50.050     20544     19990.2
50.001     20623     19990.2
50.001     20623     19990.2
50.050     20544     19990.2
50.050     20623     19990.2
50.050     20623     19990.2
50.050     20544     19990.2
50.001     20623     19990.2
50.001     20623     19990.2
50.050     20623     19990.2
             
