1     75     70     813
2     20     120     10701
3     79     68     2378
4     25     35     3206
5     19     56     10647
6     65     101     1193
7     84     186     3044
8     7     153     6431
9     80     108     1455
10     78     85     7110
11     29     77     358
12     38     181     8521
13     92     96     76
14     48     109     6646
15     3     101     578
16     40     187     6504
17     36     37     641
18     99     52     6538
19     37     93     986
20     21     117     12125
21     7     17     714
22     63     15     9461
23     61     175     3078
24     16     39     7867
25     34     177     2080
26     10     146     10777
27     65     158     2276
28     92     173     71
29     52     29     5020
30     56     36     11896
31     70     175     628
32     72     61     2112
33     58     46     7621
34     26     66     1078
35     4     88     4626
36     51     169     764
37     32     20     6151
38     66     136     6670
39     41     38     2265
40     40     3     4498
41     9     183     11007
42     77     137     860
43     70     124     11913
44     10     2     374
45     14     18     2984
46     64     31     5311
47     36     71     8568
48     63     101     590
49     56     165     7084
50     97     191     584
51     46     143     120
52     41     104     7373
53     89     67     415
54     35     17     4455
55     25     33     4322
56     34     177     6182
57     6     51     8809
58     84     169     1859
59     97     30     807
60     68     39     10683
61     11     94     1559
62     42     146     5819
63     13     133     2653
64     42     40     8681
65     40     161     1877
66     54     39     4986
67     16     62     36
68     16     155     11642
69     84     154     769
70     88     164     3681
71     42     121     2057
72     28     91     11662
73     27     19     2343
74     20     15     448
75     20     70     7673
76     29     47     1284
77     46     91     7059
78     46     168     1804
79     12     24     590
80     69     142     3810
81     94     169     10143
82     16     41     2839
83     80     83     8366
84     71     64     692
85     57     191     10713
86     58     147     2232
87     80     185     9087
88     79     128     1803
89     85     29     3238
90     17     119     12255
91     4     139     1224
92     90     114     1477
93     10     36     4395
94     24     86     8995
95     36     197     2167
96     14     49     12358
97     73     23     1995
98     9     155     2027
99     51     110     10169
100     10     17     522
101     92     162     4774
102     78     127     4032
103     23     10     9264
104     13     168     1387
105     78     183     2561
106     49     78     1991
107     59     39     6339
108     14     136     3601
109     62     160     12320
110     67     140     922
111     59     129     5408
112     57     8     1987
113     21     65     12095
114     54     103     1186
115     82     161     10250
116     25     100     1486
117     22     65     11420
118     8     147     2556
119     62     171     3084
120     25     183     11821
121     65     33     3139
122     22     109     3327
123     82     166     8184
124     75     11     3125
125     33     196     3859
126     15     116     7382
127     93     70     1414
128     64     118     11843
129     76     66     1373
130     37     52     2529
131     42     168     6100
132     56     81     4493
133     54     19     7487
134     92     54     1295
135     31     78     4830
136     11     146     4597
137     65     10     5183
138     41     31     1416
139     78     156     4056
140     10     193     9080
141     14     72     2320
142     53     186     3866
143     6     65     6355
144     94     61     3173
145     27     92     6271
146     8     146     8859
147     28     119     2781
148     8     34     8183
149     90     130     7
150     42     170     11517
151     83     27     715
152     22     83     2013
153     93     19     9419
154     36     38     506
155     27     183     12792
156     14     172     650
157     30     133     5330
158     73     110     1227
159     58     177     10819
160     96     82     1170
161     96     18     4389
162     15     119     3806
163     27     194     7228
164     92     119     1978
165     34     56     8357
166     85     190     179
167     69     27     7733
168     34     33     610
169     84     171     6617
170     38     72     1767
171     89     158     7911
172     79     117     1939
173     62     11     10569
174     16     142     2150
175     80     27     1056
176     15     156     8825
177     5     81     928
178     60     102     10090
179     58     8     3035
180     6     96     5071
181     88     59     9730
182     16     55     1097
183     98     133     3603
184     84     121     2488
185     95     194     6957
186     12     28     1060
187     75     6     10759
188     73     92     1908
189     91     71     8213
190     78     53     2989
191     96     92     4209
192     73     75     12077
193     82     105     1252
194     49     107     1799
195     48     71     12108
196     87     158     1852
197     54     70     3275
198     79     144     10048
199     52     88     891
200     1     103     6407
201     56     91     1085
202     62     190     7536
203     18     20     655
204     63     182     3317
205     26     142     3778
206     93     15     7153
207     57     96     2633
208     48     197     5010
209     60     143     3133
210     13     25     6323
211     26     57     6685
212     16     185     488
213     44     118     3875
214     54     192     12626
215     81     148     1951
216     7     150     8520
217     32     42     2540
218     40     190     1906
219     2     118     10141
220     14     45     2266
221     31     142     9865
222     58     67     2026
223     74     110     6619
224     54     58     2713
225     6     156     9489
226     97     195     2324
227     9     183     505
228     5     64     9862
229     10     174     1741
230     46     135     6453
231     89     117     2628
232     70     103     8047
233     69     98     408
234     25     159     586
235     45     142     11391
236     81     129     519
237     75     146     8287
238     79     89     2245
239     62     82     31
240     76     9     7296
241     56     118     3149
242     49     69     7499
243     13     76     83
244     28     43     4564
245     15     17     6334
246     85     145     3602
247     59     75     10802
248     17     192     1456
249     81     177     1868
250     35     105     9964
251     89     37     986
252     43     51     4818
253     97     87     4165
254     94     70     12007
255     97     165     559
256     1     161     12477
257     64     12     793
258     21     41     1491
259     52     177     451
260     23     35     11099
261     37     187     1836
262     26     166     1326
263     25     181     1015
264     54     173     3990
265     34     24     11641
266     97     24     239
267     59     121     9550
268     53     198     1673
269     30     138     3772
270     87     24     8546
271     30     37     730
272     58     187     9651
273     60     170     434
274     77     19     11589
275     68     125     885
276     13     124     9990
277     9     185     522
278     39     119     8874
279     84     193     2670
280     19     14     7517
281     20     116     2574
282     87     183     6017
283     24     128     11256
284     71     33     566
285     64     36     12161
286     60     97     1721
287     67     8     5372
288     56     121     9673
289     65     156     2636
290     24     102     3396
291     94     99     8914
292     17     18     1777
293     30     90     718
294     84     119     4004
295     36     193     10224
296     56     72     182
297     71     189     9644
298     33     6     1475
299     27     76     906
300     15     144     11989
301     82     14     1722
302     29     172     3003
303     73     23     6840
304     8     55     2769
305     90     10     289
306     13     130     7001
307     99     42     534
308     17     142     12757
309     93     171     735
310     49     100     6839
311     99     23     3172
312     24     26     9639
313     67     180     424
314     53     60     2588
315     33     37     7561
316     40     101     2036
317     1     149     806
318     45     189     11871
319     79     97     551
320     63     45     7921
321     84     107     506
322     2     160     12321
323     88     155     291
324     45     18     8786
325     99     70     1000
326     18     147     8993
327     23     181     1961
328     25     98     2849
329     71     126     7472
330     24     101     2718
331     44     26     5239
332     80     116     11118
333     87     137     2921
334     81     195     2346
335     9     94     11850
336     74     74     615
337     55     53     3487
338     31     104     165
339     57     135     8343
340     35     94     1989
341     93     87     3127
342     94     154     11452
343     9     22     137
344     56     132     7671
345     76     161     1589
346     56     193     11975
347     26     68     1643
348     73     142     12641
349     68     28     849
350     61     88     3601
351     35     183     8740
352     56     142     347
353     65     74     5965
354     1     199     1136
355     74     121     3270
356     40     114     7645
357     25     92     889
358     86     113     8467
359     79     31     23
360     93     108     10998
361     29     4     1575
362     2     31     7169
363     61     98     694
364     6     138     9971
365     91     39     1338
366     6     145     7208
367     62     85     2671
368     57     125     11355
369     2     114     3113
370     40     6     4905
371     7     136     1606
372     77     157     6376
373     8     151     7316
374     33     101     2135
375     90     43     12524
376     99     172     2957
377     73     138     9970
378     63     68     864
379     61     103     6507
380     33     166     505
381     20     194     9277
382     55     184     539
383     44     155     3733
384     97     57     5661
385     1     97     3703
386     60     177     4648
387     12     142     8761
388     68     164     3089
389     10     36     285
390     71     153     12011
391     61     23     18
392     40     61     10401
393     96     16     2010
394     48     143     6321
395     75     33     9488
396     63     98     1867
397     49     78     3869
398     99     61     8445
399     29     83     1853
400     23     75     8867
401     55     160     2981
402     45     82     10691
403     50     18     1455
404     5     95     3410
405     57     13     12664
406     2     113     2839
407     1     94     8421
408     53     117     1142
409     97     160     404
410     6     194     8419
411     1     129     2176
412     82     144     8536
413     79     83     3163
414     1     151     4421
415     18     179     88
416     78     147     759
417     88     111     6428
418     94     163     514
419     53     140     4602
420     34     149     5123
421     27     189     10015
422     50     43     609
423     80     15     11971
424     88     195     2614
425     86     79     3970
426     36     157     10486
427     63     23     329
428     2     8     5592
429     76     122     7403
430     46     159     78
431     54     111     11226
432     96     79     3016
433     39     42     4278
434     45     182     9378
435     94     76     2418
436     98     48     7600
437     70     68     718
438     19     55     5382
439     18     109     4690
440     90     191     2337
441     46     25     9741
442     84     103     2318
443     97     137     9200
444     90     161     1801
445     24     142     2744
446     72     167     2779
447     86     112     10263
448     56     85     649
449     10     64     9696
450     2     17     629
451     52     32     8395
452     64     177     799
453     90     126     11210
454     98     86     267
455     63     12     5033
456     88     37     835
457     76     124     12283
458     73     170     457
459     73     159     8121
460     33     26     157
461     70     116     9506
462     28     65     3084
463     76     110     2780
464     63     128     9532
465     79     159     1174
466     12     20     5706
467     4     98     3275
468     68     143     2915
469     57     62     9038
470     26     80     1256
471     60     69     4873
472     78     168     3104
473     71     10     10571
474     80     99     632
475     3     105     972
476     79     142     8159
477     95     182     2900
478     71     67     11728
479     45     139     731
480     55     145     10146
481     94     78     2083
482     86     191     845
483     90     52     9912
484     77     45     1940
485     26     192     4840
486     67     33     8792
487     85     82     361
488     67     181     8552
489     16     178     2913
490     93     54     5374
491     84     82     9253
492     32     129     3104
493     78     8     4831
494     76     162     323
495     44     194     12156
496     81     142     1641
497     2     166     1280
498     24     1     1004
499     45     113     7446
500     39     171     1712
