1     51     95     6773
2     3     25     2151
3     2     140     7160
4     27     31     2081
5     64     106     4074
6     80     55     4710
7     80     72     5919
8     52     14     6046
9     15     48     3885
10     53     136     6452
11     63     30     603
12     70     80     9847
13     80     191     156
14     43     106     11500
15     55     137     2880
16     92     60     6663
17     16     56     1964
18     52     172     5919
19     3     122     9058
20     73     180     2757
21     93     71     6763
22     59     101     837
23     4     166     5796
24     88     150     1259
25     50     112     5240
26     62     71     2810
27     84     39     12020
28     29     127     854
29     94     159     4430
30     49     7     3316
31     27     60     4210
32     46     65     11333
33     80     124     694
34     29     56     2971
35     14     172     5719
36     15     43     8366
37     82     12     2495
38     52     144     5365
39     89     57     2583
40     79     42     1208
41     88     90     5419
42     34     115     7084
43     34     165     311
44     62     163     4709
45     57     24     11999
46     66     178     2923
47     13     131     9273
48     34     6     1901
49     75     111     11288
50     60     1     2720
51     70     80     492
52     89     26     11504
53     48     190     2091
54     49     169     1174
55     66     14     210
56     35     116     4261
57     39     21     6884
58     43     37     364
59     37     134     3561
60     75     11     7024
61     34     162     469
62     90     10     4525
63     1     150     2652
64     46     23     8717
65     79     77     2751
66     10     39     6745
67     21     197     953
68     53     168     115
69     77     160     10094
70     45     112     2263
71     3     156     12020
72     25     161     2472
73     78     152     173
74     56     9     1923
75     1     98     10675
76     9     91     2861
77     26     19     4849
78     70     180     141
79     72     77     6422
80     65     76     767
81     85     128     5776
82     58     11     8900
83     57     188     1492
84     41     146     657
85     67     147     11808
86     52     101     1092
87     60     125     4103
88     76     34     11049
89     55     60     1380
90     73     153     11029
91     77     159     2148
92     30     79     1630
93     77     88     8733
94     63     184     1933
95     51     148     4205
96     50     26     8438
97     44     91     2151
98     98     57     134
99     93     190     7609
100     65     132     592
101     99     122     802
102     2     22     4732
103     1     102     1972
104     6     32     6977
105     54     24     1463
106     77     93     12067
107     80     159     2375
108     1     191     5756
109     13     49     10351
110     24     45     1417
111     31     49     3451
112     20     22     7531
113     43     55     2365
114     50     25     10529
115     14     90     2176
116     27     80     5089
117     25     199     5163
118     13     46     9634
119     93     118     955
120     31     22     5962
121     97     112     11798
122     62     149     227
123     42     198     11523
124     87     168     2235
125     96     187     9928
126     76     72     1539
127     53     68     11862
128     45     185     1469
129     70     87     10605
130     87     68     246
131     99     27     6190
132     77     88     2478
133     13     39     5698
134     43     120     5129
135     64     184     5049
136     11     178     10349
137     85     177     1940
138     45     174     3560
139     69     149     2675
140     6     133     5659
141     4     78     594
142     10     106     2460
143     79     109     3440
144     66     151     4508
145     23     187     2962
146     3     142     2374
147     5     39     8942
148     26     193     1886
149     11     195     10410
150     79     187     1445
151     44     141     6790
152     74     52     2938
153     75     125     7244
154     66     180     1980
155     81     102     1784
156     99     6     1993
157     14     150     4717
158     22     102     864
159     88     63     9363
160     20     37     860
161     64     136     73
162     44     131     7496
163     56     3     1039
164     23     9     7476
165     51     123     976
166     35     89     1067
167     30     20     1370
168     1     58     6399
169     27     121     580
170     44     173     3650
171     24     54     7022
172     8     148     1485
173     13     25     2951
174     40     49     6350
175     93     26     1278
176     43     105     3643
177     62     123     7196
178     7     24     747
179     59     127     5329
180     93     86     990
181     20     55     7371
182     27     79     2713
183     77     65     11020
184     53     85     1180
185     7     181     11253
186     29     193     1874
187     75     20     8668
188     30     30     2943
189     25     183     8218
190     38     170     1270
191     24     9     3441
192     76     153     7366
193     91     110     471
194     48     130     1726
195     15     63     5827
196     52     41     10533
197     86     100     1290
198     1     120     10992
199     98     197     642
200     22     60     2686
201     97     190     10546
202     28     113     2425
203     37     68     3838
204     66     139     10323
205     48     73     2151
206     46     15     3535
207     93     131     10303
208     49     13     368
209     11     103     5929
210     12     154     6671
211     68     1     1541
212     33     154     10941
213     86     16     1745
214     81     103     10576
215     90     145     1499
216     47     13     7465
217     65     25     918
218     98     104     5673
219     67     81     9035
220     43     62     2063
221     22     107     11745
222     10     4     1355
223     48     192     7670
224     31     47     2824
225     74     173     6282
226     80     192     2290
227     24     61     8448
228     78     69     895
229     73     47     11096
230     7     111     928
231     93     18     9941
232     37     97     1614
233     17     41     3959
234     26     159     2069
235     51     15     12158
236     87     138     2144
237     43     36     4402
238     37     83     11223
239     33     110     2948
240     71     86     9679
241     26     148     427
242     75     142     9857
243     89     67     1633
244     85     22     8646
245     11     139     2865
246     34     22     3132
247     54     174     10365
248     49     124     2070
249     5     47     2629
250     16     93     131
251     29     83     2847
252     72     57     2319
253     51     72     80
254     63     140     10005
255     85     43     1141
256     52     96     6044
257     51     11     4392
258     64     129     1009
259     58     128     3672
260     13     77     8969
261     27     55     2418
262     92     75     9461
263     5     186     1585
264     79     194     2313
265     20     72     8125
266     60     112     515
267     96     132     10635
268     68     188     1766
269     18     168     1074
270     13     71     4172
271     74     109     3717
272     30     133     807
273     13     5     99
274     24     4     967
275     26     177     673
276     91     168     10239
277     78     81     1753
278     93     135     6019
279     46     88     445
280     34     67     3636
281     17     140     11235
282     56     96     1647
283     4     141     10372
284     41     57     2601
285     4     60     2241
286     53     145     4096
287     86     191     2809
288     89     54     4018
289     60     58     10078
290     29     144     2504
291     15     23     4952
292     25     64     10161
293     33     77     666
294     14     112     8553
295     17     6     2090
296     72     17     5677
297     83     150     7966
298     42     129     2912
299     32     84     9196
300     26     44     2458
301     34     147     1270
302     11     187     10638
303     54     32     622
304     4     168     9251
305     82     48     33
306     9     63     7381
307     83     131     364
308     21     119     2193
309     70     179     6768
310     53     192     1925
311     12     158     8846
312     21     7     3024
313     50     164     458
314     84     79     5441
315     97     8     12092
316     34     106     848
317     22     78     8534
318     18     185     2028
319     96     184     5866
320     33     172     9090
321     45     12     1564
322     35     122     136
323     46     91     10346
324     22     122     2681
325     4     57     11177
326     54     199     445
327     13     110     1900
328     20     66     7813
329     50     111     1434
330     23     134     7406
331     54     134     1440
332     45     148     10812
333     72     191     2126
334     53     103     8958
335     79     145     2797
336     80     133     2854
337     34     167     2963
338     8     62     5782
339     68     33     9481
340     26     54     364
341     42     60     6764
342     21     100     179
343     48     184     4806
344     1     190     7369
345     67     37     697
346     92     8     9510
347     55     156     257
348     95     155     4251
349     25     133     719
350     36     71     9660
351     60     35     2729
352     65     90     6690
353     96     193     1697
354     14     83     10298
355     32     41     2468
356     82     75     7838
357     27     15     2389
358     12     1     152
359     47     54     1450
360     94     189     6366
361     87     30     1160
362     19     165     6873
363     85     91     2143
364     89     86     3116
365     56     77     1796
366     41     97     3125
367     78     15     9931
368     7     60     1409
369     87     142     8165
370     77     43     1827
371     40     70     399
372     13     165     1995
373     4     85     618
374     24     112     5145
375     59     59     7298
376     41     132     2185
377     43     71     5095
378     29     166     11300
379     13     108     1034
380     55     117     1623
381     47     112     8572
382     83     132     679
383     37     128     4058
384     92     60     5091
385     61     63     10904
386     25     77     1560
387     86     198     11892
388     81     36     65
389     49     43     154
390     43     5     9973
391     69     9     609
392     20     104     3630
393     30     40     11576
394     4     192     2724
395     91     39     3320
396     19     63     3585
397     34     71     4934
398     45     116     2105
399     17     185     1151
400     2     55     12227
401     54     89     1031
402     9     30     12027
403     31     182     1745
404     21     30     530
405     2     166     9697
406     83     140     383
407     87     59     1399
408     40     154     8885
409     22     47     2931
410     20     12     3414
411     3     94     5189
412     26     23     3879
413     92     1     11088
414     97     102     2376
415     52     159     2277
416     42     44     5683
417     64     90     4862
418     21     51     6146
419     83     79     2754
420     75     122     10118
421     76     3     200
422     96     118     9817
423     79     170     2812
424     71     45     981
425     13     153     6947
426     89     189     1146
427     94     149     9438
428     85     83     810
429     99     122     6438
430     3     101     3051
431     68     102     7307
432     33     47     1884
433     26     81     6212
434     9     75     2933
435     50     151     3300
436     45     66     2618
437     7     83     8119
438     27     27     835
439     61     65     469
440     70     112     9407
441     66     21     1141
442     78     143     5462
443     32     74     8830
444     47     153     908
445     89     111     10947
446     73     32     1194
447     87     19     3618
448     11     42     6207
449     20     97     543
450     74     65     2797
451     55     52     7220
452     54     147     1570
453     41     196     8520
454     87     166     918
455     89     25     6270
456     80     128     2382
457     95     100     7903
458     19     90     2186
459     13     75     11011
460     9     136     2082
461     4     62     11482
462     64     135     1182
463     64     131     7337
464     26     86     2491
465     47     185     5360
466     69     135     7650
467     25     152     363
468     99     88     9744
469     93     65     734
470     71     60     1371
471     3     178     10312
472     72     48     2006
473     49     124     7128
474     31     49     442
475     50     109     10047
476     55     143     1729
477     32     20     1348
478     60     145     11981
479     76     129     2032
480     23     107     1308
481     12     22     10883
482     26     96     1048
483     85     85     5591
484     22     60     701
485     84     4     7298
486     79     24     2409
487     63     40     7594
488     10     182     2375
489     50     10     57
490     35     73     3182
491     96     96     1571
492     58     57     11190
493     36     85     2174
494     63     144     5065
495     35     51     1466
496     87     11     5124
497     59     81     268
498     2     139     6456
499     38     128     689
500     86     114     10084
