1     77     85     8732
2     80     122     2203
3     62     59     11867
4     40     23     895
5     42     198     3438
6     62     14     12213
7     60     28     1126
8     39     48     2118
9     35     116     2269
10     72     134     4628
11     92     173     808
12     79     148     4436
13     1     162     8288
14     52     29     2904
15     36     177     8805
16     59     21     1291
17     74     106     7469
18     64     66     2183
19     10     3     9915
20     21     60     2204
21     43     187     4951
22     89     132     10140
23     77     6     1724
24     29     171     7431
25     62     147     153
26     37     28     3783
27     70     78     7251
28     88     173     2308
29     7     50     2538
30     63     177     4025
31     23     42     4016
32     67     159     9514
33     86     141     693
34     60     37     9732
35     21     23     1926
36     42     138     6552
37     32     7     1882
38     16     65     7826
39     33     99     2651
40     2     54     12658
41     81     93     127
42     99     59     7811
43     72     108     3168
44     94     28     5079
45     99     152     12123
46     15     5     1111
47     82     116     6258
48     49     156     2090
49     74     162     4788
50     52     31     11481
51     77     106     1419
52     82     89     601
53     95     132     8433
54     88     42     220
55     16     23     12200
56     31     95     1586
57     24     5     12284
58     48     22     2186
59     41     89     7096
60     99     12     40
61     15     47     9430
62     85     82     2800
63     59     192     2402
64     10     4     6821
65     34     14     1647
66     42     6     5492
67     77     184     11283
68     30     10     1838
69     91     104     12869
70     62     198     2320
71     81     137     11987
72     56     148     1820
73     19     58     12083
74     41     193     459
75     47     5     5962
76     58     61     9590
77     30     133     386
78     62     90     2331
79     31     86     8412
80     84     52     2689
81     37     63     6350
82     91     126     9714
83     84     103     1454
84     12     176     9657
85     5     185     1228
86     16     27     9853
87     95     190     3011
88     54     107     9671
89     24     138     1751
90     18     56     3536
91     16     16     2782
92     74     30     4045
93     36     72     6847
94     99     4     2808
95     82     145     7370
96     95     75     2882
97     21     56     2695
98     15     129     10844
99     2     91     3073
100     39     146     12826
101     24     132     2658
102     27     114     34
103     20     85     2576
104     9     105     2157
105     66     18     7428
106     95     61     1375
107     53     127     8820
108     57     173     595
109     57     114     12075
110     58     7     2487
111     31     140     8223
112     73     125     563
113     17     70     8195
114     40     38     65
115     3     151     4021
116     42     175     6619
117     30     178     1197
118     65     27     101
119     37     141     4986
120     80     157     4126
121     22     4     7866
122     32     160     3204
123     34     84     12170
124     92     147     1698
125     21     161     9713
126     90     147     2479
127     47     114     6532
128     26     29     532
129     1     126     12750
130     47     196     319
131     40     79     9023
132     73     57     2515
133     84     144     12161
134     10     183     293
135     54     52     1380
136     26     58     342
137     49     61     12622
138     99     171     1977
139     20     60     11482
140     89     174     3136
141     2     127     455
142     33     183     3412
143     81     182     4291
144     96     50     12672
145     53     53     629
146     65     144     8761
147     95     45     1369
148     7     79     4372
149     85     55     9907
150     2     100     1116
151     15     197     11021
152     87     111     2260
153     73     49     1529
154     93     26     3712
155     49     22     9864
156     41     164     2021
157     8     32     9076
158     8     190     240
159     62     158     7827
160     35     137     414
161     25     131     11229
162     80     75     1292
163     22     106     4629
164     40     138     11504
165     17     173     2897
166     25     105     2191
167     82     144     11391
168     93     153     759
169     37     82     4725
170     86     86     831
171     37     132     7718
172     99     70     2288
173     20     73     11200
174     94     115     1481
175     57     69     9791
176     18     71     1828
177     87     133     2180
178     99     29     5899
179     67     140     9080
180     72     177     2178
181     66     18     2921
182     88     111     11146
183     43     114     1552
184     13     121     11860
185     50     15     2983
186     10     40     5955
187     98     42     758
188     45     17     2622
189     88     70     5765
190     64     33     4176
191     34     8     10031
192     97     38     1442
193     66     33     2027
194     69     132     3129
195     70     77     10017
196     36     193     1051
197     64     62     11720
198     61     187     514
199     56     74     4628
200     43     53     2532
201     51     123     12756
202     64     100     1035
203     86     175     8302
204     25     21     2664
205     42     170     2143
206     53     23     8380
207     82     80     2092
208     75     29     7037
209     30     161     2820
210     56     50     2014
211     53     59     6691
212     61     56     1423
213     46     77     2225
214     71     81     7319
215     54     42     3218
216     99     139     12457
217     4     105     2801
218     46     85     9670
219     41     123     2734
220     7     199     5159
221     4     25     4693
222     73     192     3876
223     47     4     2996
224     10     28     9108
225     43     160     2176
226     25     71     485
227     10     32     3523
228     27     27     6518
229     36     98     2258
230     48     99     8261
231     77     107     2764
232     89     1     8272
233     45     131     2087
234     87     155     9346
235     56     126     2512
236     14     28     10788
237     37     81     2567
238     93     108     9692
239     31     162     537
240     19     14     7408
241     50     15     1142
242     95     195     7953
243     74     151     1327
244     94     9     2184
245     79     47     11865
246     56     186     923
247     96     171     5663
248     94     1     4143
249     51     18     10045
250     70     196     177
251     95     45     7994
252     35     159     820
253     45     12     5840
254     78     16     6198
255     46     124     6630
256     18     52     2657
257     70     122     7179
258     21     48     401
259     49     187     11650
260     60     84     2579
261     23     100     6090
262     38     8     1787
263     93     183     11656
264     18     22     621
265     12     33     10127
266     61     83     2262
267     89     57     2814
268     38     86     4329
269     39     196     8739
270     24     161     2761
271     52     69     414
272     24     95     6904
273     91     101     533
274     62     73     12645
275     89     3     849
276     20     187     9285
277     18     54     1282
278     3     176     4312
279     50     133     3782
280     67     121     6101
281     42     180     9175
282     54     9     1740
283     5     175     6051
284     97     60     12501
285     19     161     278
286     75     52     4059
287     67     40     4905
288     54     31     12784
289     9     42     278
290     58     189     422
291     50     45     2830
292     65     22     6062
293     35     94     5819
294     54     182     259
295     3     99     5848
296     59     69     2099
297     28     54     11037
298     18     42     1787
299     64     76     9549
300     16     40     1154
301     87     100     8440
302     60     106     2089
303     96     145     555
304     77     37     4604
305     86     24     1349
306     71     160     7699
307     27     146     1172
308     79     39     8492
309     72     22     344
310     81     157     1657
311     37     196     12277
312     54     61     2767
313     20     143     10830
314     82     117     1036
315     80     171     11034
316     39     199     1847
317     5     39     7206
318     8     132     430
319     74     83     910
320     94     167     8271
321     62     108     2641
322     48     87     314
323     26     132     2649
324     61     138     8690
325     12     135     1201
326     79     160     1591
327     14     13     5904
328     26     83     456
329     59     108     622
330     47     90     5478
331     83     151     3885
332     86     75     9728
333     13     131     1097
334     33     82     4419
335     66     83     2259
336     69     78     11375
337     72     197     263
338     36     10     100
339     2     149     9695
340     92     160     7
341     89     94     10094
342     17     132     2956
343     73     105     7086
344     45     125     890
345     49     97     11495
346     60     37     1413
347     83     12     12837
348     24     185     1981
349     95     30     4774
350     67     184     6705
351     29     39     571
352     8     9     7161
353     25     66     156
354     14     146     11353
355     73     130     0
356     78     196     1213
357     71     196     10457
358     20     177     2770
359     63     127     10635
360     4     107     1350
361     22     51     7583
362     58     172     1549
363     7     108     9153
364     62     6     2083
365     76     144     12652
366     14     58     339
367     60     33     10205
368     63     83     2525
369     96     78     752
370     60     155     6794
371     94     70     2345
372     73     86     7313
373     63     2     2867
374     79     38     2429
375     35     54     4171
376     58     107     6742
377     93     108     694
378     87     137     2979
379     49     149     6440
380     3     134     3496
381     86     113     10421
382     81     6     1785
383     35     155     11757
384     30     35     874
385     60     181     5319
386     24     193     545
387     78     11     12106
388     41     49     3116
389     49     138     3566
390     96     113     10644
391     94     133     860
392     18     112     11812
393     82     77     80
394     90     159     8696
395     24     142     1233
396     55     61     4676
397     37     199     6347
398     43     184     207
399     65     151     11611
400     41     178     1990
401     62     64     7616
402     30     94     842
403     70     130     5779
404     28     63     1581
405     93     56     8263
406     84     81     3147
407     95     126     8274
408     64     163     1340
409     85     99     8935
410     83     111     295
411     84     11     973
412     57     50     9775
413     94     180     2375
414     7     177     265
415     50     100     5947
416     27     29     3385
417     48     58     8214
418     83     60     2521
419     58     25     2090
420     82     102     11686
421     45     35     3115
422     84     54     10944
423     24     83     1217
424     65     198     4339
425     48     165     11179
426     19     151     1023
427     75     189     10375
428     6     164     1146
429     7     190     9055
430     42     196     2286
431     55     175     5686
432     48     105     7722
433     30     77     545
434     15     35     4536
435     92     199     7768
436     2     199     381
437     24     118     9332
438     43     15     2625
439     88     138     8849
440     21     125     1430
441     19     16     8458
442     96     19     2378
443     13     93     9500
444     11     131     1027
445     3     39     154
446     32     199     8634
447     6     185     2404
448     30     95     7042
449     82     118     53
450     32     109     5003
451     51     132     6878
452     55     171     3156
453     89     84     5796
454     5     114     11089
455     69     192     1361
456     68     22     10183
457     79     142     2855
458     30     177     2493
459     81     187     8147
460     71     20     1364
461     19     135     8341
462     26     190     3133
463     40     49     7128
464     64     57     3028
465     82     72     12188
466     16     89     101
467     10     183     4038
468     17     16     10639
469     50     102     2874
470     42     187     5035
471     11     54     9661
472     63     81     121
473     83     95     12823
474     3     32     2853
475     9     89     255
476     59     159     12908
477     45     82     2710
478     78     44     8322
479     38     52     1127
480     94     113     3986
481     18     9     4139
482     89     41     592
483     98     83     2189
484     69     126     7038
485     32     97     580
486     92     155     2390
487     17     2     4930
488     76     160     9888
489     20     51     949
490     51     63     8201
491     87     128     1995
492     73     96     5489
493     91     53     3862
494     33     170     9725
495     47     36     3189
496     18     16     6947
497     65     115     1860
498     7     8     4912
499     19     115     635
500     85     112     4710
