1     20     188     10305
2     25     186     3013
3     34     64     11593
4     19     50     2217
5     2     81     11945
6     1     56     2193
7     70     14     8926
8     86     92     1070
9     33     186     6975
10     44     78     665
11     92     96     10803
12     85     41     2266
13     26     122     8954
14     36     125     2500
15     69     6     3259
16     18     5     1330
17     30     182     10326
18     24     96     2497
19     37     21     850
20     94     158     8803
21     7     17     99
22     78     28     9442
23     1     94     1134
24     2     103     883
25     92     101     10954
26     28     15     88
27     39     104     45
28     92     37     7336
29     28     140     1044
30     89     98     4128
31     42     69     2339
32     97     159     6405
33     62     56     7690
34     67     34     304
35     76     32     12424
36     24     101     2092
37     23     192     5962
38     80     190     5175
39     76     158     3484
40     67     149     12793
41     28     84     3031
42     5     134     9888
43     83     9     105
44     46     23     12034
45     18     88     1267
46     91     184     1585
47     23     1     1701
48     96     199     6177
49     30     68     11267
50     82     129     1922
51     57     20     10338
52     42     4     3161
53     77     4     7804
54     92     71     1108
55     62     46     9704
56     25     82     821
57     21     165     11425
58     80     58     2774
59     33     121     9283
60     10     53     2757
61     23     181     8327
62     41     77     1127
63     72     127     6348
64     91     99     9389
65     73     113     551
66     53     45     10792
67     7     149     981
68     54     106     8924
69     96     85     257
70     19     33     12458
71     46     170     2819
72     87     82     10349
73     31     75     178
74     63     153     5611
75     9     120     12308
76     19     119     2040
77     65     167     8353
78     33     67     1557
79     43     151     4569
80     22     38     8264
81     48     19     2414
82     35     37     628
83     95     88     12654
84     50     45     2789
85     40     168     3774
86     94     104     11187
87     24     186     1559
88     67     66     526
89     73     182     11502
90     5     133     3138
91     91     26     7985
92     52     41     2554
93     58     4     361
94     55     41     11243
95     81     184     1960
96     40     156     3409
97     54     62     2425
98     46     71     1779
99     71     108     11975
100     45     189     981
101     81     65     6612
102     22     59     941
103     80     97     9127
104     27     140     93
105     68     127     3700
106     96     88     4441
107     95     145     8432
108     12     93     1403
109     52     125     596
110     69     1     2471
111     68     2     2229
112     75     149     6771
113     89     179     2861
114     13     7     6639
115     96     48     2335
116     77     29     11691
117     66     10     182
118     13     192     2346
119     1     49     8295
120     91     132     5
121     7     58     6469
122     11     129     1921
123     78     30     4718
124     32     121     12031
125     90     49     1707
126     51     158     11512
127     78     124     1518
128     55     67     2630
129     52     154     6841
130     27     162     330
131     90     192     8786
132     40     1     350
133     83     51     3487
134     41     5     10261
135     26     31     1019
136     89     193     8039
137     66     159     2268
138     47     17     11056
139     44     63     370
140     51     46     1533
141     11     102     7506
142     15     22     300
143     61     153     7252
144     95     105     332
145     38     174     11882
146     66     198     1821
147     17     14     6431
148     69     73     1739
149     21     119     5039
150     59     147     8689
151     95     2     2906
152     80     169     3963
153     70     128     8620
154     65     134     1963
155     95     25     11961
156     55     87     2966
157     64     176     6491
158     15     50     1854
159     33     150     1566
160     87     144     8680
161     45     177     365
162     68     181     8743
163     42     97     369
164     95     10     8570
165     58     31     191
166     93     187     7231
167     33     86     1862
168     17     183     7683
169     38     175     395
170     39     32     6138
171     23     29     12334
172     6     69     2667
173     50     99     8132
174     19     136     2995
175     87     4     1320
176     91     193     3068
177     90     174     6982
178     6     50     1814
179     93     140     12191
180     72     141     2141
181     63     100     12399
182     1     192     1145
183     28     57     1427
184     61     173     2744
185     65     66     736
186     66     183     8201
187     21     48     3085
188     63     191     8367
189     94     47     2700
190     87     196     1001
191     84     159     9275
192     46     18     2338
193     27     37     10488
194     80     91     1301
195     49     91     11953
196     25     10     2770
197     12     163     10112
198     79     40     2353
199     29     41     3435
200     81     94     6968
201     85     75     3185
202     90     2     6654
203     19     156     2103
204     69     105     7575
205     33     195     979
206     64     85     1492
207     29     138     10336
208     71     107     86
209     41     27     1592
210     21     58     12058
211     19     124     2845
212     69     95     5801
213     37     140     3286
214     77     73     841
215     23     59     2582
216     30     52     5419
217     57     73     9647
218     67     166     2289
219     97     126     4660
220     59     102     12494
221     12     107     2422
222     71     91     11447
223     5     101     26
224     8     100     5156
225     51     3     6767
226     39     145     1223
227     42     179     2084
228     19     182     3829
229     37     124     8859
230     42     69     2721
231     56     83     5534
232     73     151     4314
233     5     183     2201
234     13     106     9689
235     89     165     2902
236     63     159     6722
237     30     110     986
238     66     191     1017
239     68     52     2929
240     87     157     4918
241     76     51     12218
242     25     38     3061
243     66     102     5070
244     37     69     9645
245     94     181     1159
246     28     141     6011
247     63     167     11586
248     65     30     1512
249     1     70     7495
250     37     135     1628
251     17     78     680
252     26     88     10578
253     68     152     2329
254     11     151     1844
255     90     139     4819
256     92     148     7970
257     2     137     853
258     59     67     12194
259     88     57     2936
260     67     176     8422
261     46     168     2002
262     99     56     11205
263     30     143     2380
264     56     121     11097
265     15     22     1627
266     3     101     3282
267     83     113     5844
268     49     44     6823
269     42     77     30
270     46     68     8849
271     9     88     2023
272     7     130     9195
273     20     106     789
274     92     168     10617
275     17     75     1250
276     97     110     4132
277     61     53     7966
278     9     105     985
279     60     196     10626
280     4     24     1699
281     38     109     8933
282     6     186     1170
283     52     103     4628
284     63     163     11746
285     85     1     3189
286     67     176     6934
287     71     139     2887
288     77     175     12443
289     78     98     2435
290     3     69     3290
291     77     95     11901
292     20     118     758
293     11     4     1474
294     7     6     10993
295     13     31     2483
296     99     16     8215
297     45     197     1495
298     9     8     4255
299     62     159     4527
300     57     189     3759
301     71     174     6854
302     40     5     549
303     77     124     6539
304     42     64     2848
305     26     47     7390
306     10     42     606
307     78     26     10697
308     28     44     413
309     80     188     8544
310     18     115     2519
311     24     31     5756
312     83     62     2836
313     30     121     6234
314     40     193     935
315     31     160     1405
316     58     9     5163
317     20     176     3877
318     19     136     12571
319     10     26     873
320     80     143     4728
321     69     81     9777
322     44     87     1474
323     58     172     1690
324     84     46     1317
325     99     100     9570
326     58     12     2550
327     17     111     8734
328     23     155     1208
329     8     150     6508
330     30     198     3054
331     52     32     10281
332     20     137     1704
333     99     34     5859
334     66     120     5104
335     71     59     7536
336     59     153     1487
337     74     107     8938
338     54     76     1408
339     98     58     3056
340     68     77     3380
341     99     98     12730
342     55     66     2942
343     30     164     10054
344     97     67     1552
345     88     129     1540
346     80     44     8650
347     89     84     2280
348     66     75     10666
349     22     122     2174
350     25     172     7241
351     85     125     843
352     78     45     7698
353     89     29     589
354     21     43     10006
355     92     11     681
356     27     169     102
357     55     56     11284
358     19     112     2539
359     32     51     8239
360     6     117     2480
361     70     189     8426
362     72     49     1129
363     52     177     1657
364     18     143     2265
365     64     113     1938
366     82     55     1699
367     69     187     5140
368     91     175     9061
369     14     34     2079
370     37     8     10896
371     95     147     2366
372     78     136     7452
373     89     93     1333
374     20     8     11760
375     7     192     1572
376     15     12     6393
377     58     3     11117
378     16     148     1441
379     59     181     4234
380     24     101     4414
381     73     143     6694
382     56     147     1144
383     15     102     489
384     32     75     4188
385     25     12     882
386     38     26     12593
387     35     70     754
388     25     79     3679
389     71     197     8387
390     31     135     1205
391     87     47     880
392     22     139     4240
393     13     5     4871
394     40     186     7207
395     44     58     2633
396     82     185     3700
397     8     108     1647
398     64     74     7921
399     25     42     989
400     15     27     11843
401     55     104     1094
402     14     12     9584
403     75     159     691
404     64     67     329
405     63     186     5429
406     48     199     2567
407     9     36     5404
408     58     90     392
409     87     157     8780
410     75     169     1561
411     26     95     2463
412     98     90     6001
413     15     12     582
414     60     73     568
415     70     195     11887
416     47     174     2951
417     23     81     10762
418     82     97     853
419     65     50     6506
420     62     142     220
421     91     163     12036
422     27     11     1639
423     13     8     2915
424     82     130     4169
425     53     66     2990
426     23     144     5111
427     77     139     8942
428     8     49     2215
429     95     21     2129
430     29     139     10704
431     92     151     1280
432     82     113     7303
433     88     77     1544
434     70     176     1428
435     83     136     11140
436     12     4     2751
437     80     88     12469
438     63     47     374
439     10     78     4028
440     82     39     3655
441     54     144     7038
442     39     135     3121
443     67     44     1999
444     82     36     4143
445     26     52     11693
446     92     100     2333
447     80     182     11772
448     75     6     1831
449     29     115     6877
450     28     38     906
451     19     96     11158
452     89     114     1335
453     36     180     8260
454     98     136     1894
455     31     68     3020
456     4     120     12065
457     39     122     3006
458     60     132     4203
459     78     4     2907
460     51     105     8665
461     16     45     213
462     3     40     6016
463     66     192     12722
464     13     43     1057
465     2     138     6419
466     45     158     2132
467     78     129     3601
468     35     1     1060
469     57     190     4365
470     30     130     10399
471     23     79     2340
472     79     182     5140
473     20     159     1781
474     93     74     4455
475     70     124     11624
476     86     155     1580
477     92     179     8146
478     59     142     2712
479     39     59     10869
480     35     179     1604
481     12     9     3047
482     65     11     7136
483     74     199     1486
484     30     51     289
485     92     50     6091
486     51     30     9044
487     84     153     2775
488     8     94     8656
489     55     170     3012
490     40     110     7096
491     54     98     1065
492     84     12     3327
493     86     195     189
494     81     181     12799
495     73     150     941
496     83     7     11778
497     17     116     2434
498     34     87     3702
499     81     54     8227
500     88     9     2101
