1     31     84     1305
2     42     5     425
3     45     152     1632
4     12     9     181
5     37     193     428
6     23     84     1218
7     28     4     1034
8     23     49     656
9     39     82     43
10     5     195     532
11     17     123     387
12     13     37     80
13     33     83     2284
14     3     54     257
15     49     181     47
16     18     32     2320
17     32     164     403
18     10     193     1673
19     36     25     210
20     1     47     2159
21     4     51     162
22     47     83     1884
23     5     198     98
24     20     82     2167
25     11     73     368
26     22     151     826
27     5     81     1181
28     28     176     140
29     21     160     900
30     10     150     2213
31     22     142     392
32     33     184     168
33     24     41     359
34     43     161     2292
35     5     131     495
36     38     71     1097
37     25     175     2363
38     19     184     305
39     11     192     1455
40     5     39     304
41     10     6     206
42     26     49     2304
43     3     158     572
44     36     176     1112
45     10     89     2273
46     49     191     55
47     9     109     1235
48     2     70     382
49     18     103     1211
50     45     183     1880
51     13     48     507
52     12     162     1801
53     3     189     372
54     40     11     884
55     10     195     2255
56     15     160     37
57     16     73     1152
58     13     70     2354
59     36     25     561
60     36     61     1174
61     24     64     1128
62     10     186     591
63     8     32     2315
64     6     84     212
65     3     81     310
66     6     26     1912
67     12     158     544
68     37     183     584
69     13     2     1778
70     22     36     539
71     24     84     981
72     28     157     242
73     20     61     2161
74     13     174     160
75     6     147     2037
76     48     90     89
77     34     17     1161
78     49     116     1948
79     17     171     14
80     14     18     2406
81     34     97     303
82     16     192     673
83     23     32     1052
84     33     173     1399
85     45     11     554
86     49     99     2148
87     26     42     597
88     44     70     386
89     20     170     1250
90     35     167     273
91     6     97     860
92     4     62     1987
93     43     106     216
94     37     1     2400
95     25     178     6
96     35     136     898
97     13     165     1239
98     43     96     119
99     19     118     763
100     21     188     507
101     27     108     88
102     44     112     2144
103     31     2     349
104     40     39     2015
105     46     11     75
106     46     59     2320
107     31     107     335
108     33     110     390
109     44     26     185
110     8     50     357
111     6     115     2260
112     38     68     143
113     21     137     2139
114     5     96     604
115     18     50     2373
116     36     195     522
117     6     96     1078
118     42     86     1861
119     25     72     597
120     46     28     1180
121     9     19     829
122     14     63     778
123     5     107     527
124     6     191     373
125     38     44     1616
126     3     104     611
127     33     4     84
128     46     41     98
129     25     132     14
130     32     5     143
131     1     26     920
132     7     91     1635
133     14     163     360
134     13     36     2346
135     12     9     199
136     4     74     495
137     7     193     848
138     29     161     1320
139     20     101     419
140     27     96     993
141     45     150     1495
142     23     40     509
143     47     55     718
144     45     136     2374
145     8     179     54
146     11     117     337
147     44     9     1930
148     42     158     423
149     6     148     2001
150     36     22     74
151     28     144     1819
152     40     138     553
153     8     23     2291
154     1     92     557
155     12     3     1881
156     8     40     557
157     10     17     2250
158     12     143     369
159     44     76     388
160     33     29     1885
161     21     99     30
162     10     112     2428
163     29     1     597
164     43     66     602
165     21     93     1034
166     30     12     2110
167     29     89     231
168     24     39     635
169     23     195     1800
170     6     105     35
171     8     188     1793
172     17     64     597
173     30     192     1323
174     47     122     23
175     23     112     2364
176     25     25     568
177     19     139     1333
178     21     168     90
179     23     140     2185
180     31     55     439
181     15     36     945
182     49     72     1280
183     14     74     354
184     9     30     2324
185     49     187     97
186     43     67     501
187     25     109     62
188     36     1     1012
189     9     50     315
190     7     173     81
191     1     159     1938
192     25     136     264
193     25     96     2390
194     44     122     125
195     48     51     1312
196     30     147     588
197     23     29     887
198     49     95     1200
199     41     63     1423
200     38     28     306
201     46     1     849
202     40     27     2445
203     24     121     545
204     32     117     1374
205     15     20     239
206     19     85     1909
207     35     10     137
208     23     118     2020
209     23     93     272
210     5     176     2426
211     42     104     406
212     43     110     2303
213     40     68     533
214     19     171     2283
215     47     154     395
216     41     74     1037
217     10     65     1048
218     6     185     1755
219     27     33     261
220     4     20     1565
221     1     186     235
222     16     50     1221
223     11     167     770
224     19     70     42
225     8     26     634
226     33     125     844
227     47     166     1321
228     37     37     376
229     26     80     269
230     36     12     1517
231     38     151     227
232     24     16     1949
233     25     121     292
234     3     115     490
235     48     163     1088
236     38     104     2249
237     40     28     103
238     3     39     1108
239     28     184     845
240     38     2     1795
241     27     70     551
242     38     121     151
243     28     42     1276
244     40     12     426
245     7     182     1454
246     3     107     118
247     6     183     906
248     19     142     1211
249     11     52     112
250     29     134     658
251     11     165     1042
252     15     16     1614
253     32     177     149
254     9     158     1302
255     21     80     428
256     42     83     912
257     28     36     1753
258     5     24     343
259     12     85     1680
260     23     58     569
261     30     63     1971
262     36     192     29
263     6     2     703
264     22     167     2447
265     38     3     305
266     3     186     919
267     33     173     251
268     28     107     1799
269     7     14     131
270     45     27     997
271     25     93     1914
272     1     72     415
273     24     148     420
274     49     50     2295
275     47     28     200
276     47     59     631
277     3     115     780
278     22     135     1657
279     33     84     611
280     7     172     1173
281     43     181     1921
282     33     161     75
283     29     27     1840
284     6     32     323
285     26     186     1947
286     26     164     379
287     2     149     1340
288     30     38     325
289     27     44     1638
290     36     83     113
291     33     59     1507
292     35     47     253
293     21     119     855
294     21     156     318
295     29     160     1229
296     12     131     23
297     8     195     70
298     13     49     1454
299     2     13     228
300     25     48     647
301     3     91     1050
302     39     148     1491
303     12     188     110
304     2     77     328
305     33     86     1636
306     17     154     190
307     49     65     2050
308     36     117     606
309     29     162     713
310     2     153     470
311     43     194     1028
312     21     115     409
313     30     60     103
314     28     6     2125
315     31     146     180
316     38     105     192
317     18     175     449
318     35     41     1220
319     20     14     2018
320     16     129     494
321     39     71     1709
322     43     189     429
323     38     71     2080
324     47     198     451
325     38     18     305
326     42     79     646
327     8     99     1946
328     7     71     569
329     31     14     1316
330     37     19     475
331     14     42     518
332     21     55     1416
333     8     39     459
334     31     184     1466
335     31     189     258
336     46     21     1117
337     8     5     2401
338     46     45     575
339     18     97     382
340     1     120     1248
341     37     167     511
342     19     134     905
343     47     189     1683
344     46     64     496
345     9     108     1585
346     47     74     2
347     1     157     545
348     10     35     491
349     47     169     2224
350     29     19     60
351     46     67     480
352     45     68     1845
353     26     199     208
354     29     77     167
355     4     22     1583
356     43     129     18
357     29     37     419
358     22     57     1185
359     36     65     2050
360     36     84     101
361     25     169     155
362     40     186     1640
363     21     1     546
364     39     86     976
365     31     9     584
366     27     193     1814
367     8     188     121
368     42     183     1985
369     20     117     496
370     24     72     1689
371     13     83     249
372     19     91     2313
373     40     61     407
374     19     9     1090
375     37     173     1375
376     9     110     419
377     8     49     1199
378     13     188     1562
379     29     27     515
380     36     77     518
381     12     35     316
382     37     14     1538
383     12     3     65
384     15     65     194
385     41     110     116
386     18     37     2116
387     38     136     11
388     14     153     2421
389     31     118     6
390     30     58     2184
391     38     48     85
392     42     170     34
393     42     50     704
394     15     33     709
395     5     114     695
396     24     129     1511
397     2     140     90
398     29     197     136
399     6     55     1758
400     19     119     111
401     5     156     1981
402     20     132     344
403     20     133     1699
404     14     173     390
405     3     132     350
406     32     180     1212
407     45     23     1981
408     32     82     569
409     34     79     1244
410     4     63     466
411     34     102     1466
412     8     172     459
413     20     43     2127
414     36     47     58
415     45     100     224
416     43     78     1748
417     28     185     437
418     38     117     614
419     15     57     161
420     14     60     2136
421     10     94     576
422     10     186     427
423     16     50     2360
424     11     89     317
425     28     139     654
426     10     143     1701
427     8     2     313
428     8     111     1278
429     46     137     604
430     31     172     60
431     20     1     282
432     6     68     966
433     7     127     1437
434     23     146     100
435     41     133     2081
436     47     161     531
437     33     102     395
438     47     143     1149
439     45     10     471
440     1     191     2255
441     3     191     533
442     34     143     634
443     5     125     2214
444     7     8     104
445     38     130     2237
446     15     190     578
447     42     194     2164
448     24     192     211
449     18     14     740
450     31     155     2181
451     29     127     529
452     18     67     1421
453     2     3     364
454     10     77     36
455     38     40     811
456     41     65     1582
457     9     152     393
458     8     138     1658
459     2     156     484
460     49     69     1406
461     38     118     153
462     38     49     1877
463     43     46     7
464     24     197     348
465     42     189     1137
466     36     12     1127
467     16     167     1103
468     45     86     913
469     44     9     1032
470     12     126     1475
471     3     141     244
472     11     196     2147
473     41     6     510
474     23     181     2209
475     22     1     364
476     35     21     1464
477     32     101     273
478     49     19     480
479     11     11     2222
480     44     152     362
481     11     75     108
482     49     36     1659
483     3     106     78
484     48     31     1880
485     26     156     513
486     12     161     1509
487     21     175     392
488     45     63     2397
489     3     88     480
490     35     147     958
491     8     17     2113
492     9     132     60
493     5     38     2004
494     16     30     404
495     21     87     2221
496     5     42     514
497     43     95     1323
498     24     186     403
499     14     184     1693
500     39     70     538
