1     146     157     577
2     114     162     117
3     50     127     15
4     61     90     497
5     194     105     46
6     120     22     151
7     5     22     293
8     172     46     279
9     87     176     397
10     14     194     127
11     84     15     471
12     43     122     127
13     56     199     78
14     74     145     368
15     102     114     35
16     190     63     515
17     5     129     54
18     133     162     18
19     113     25     13
20     94     12     528
21     12     81     46
22     150     72     491
23     50     142     102
24     97     177     223
25     62     95     153
26     110     57     355
27     40     2     42
28     48     183     54
29     72     143     74
30     86     134     42
31     77     32     2
32     187     115     285
33     188     7     199
34     167     100     539
35     5     114     59
36     50     11     472
37     111     145     47
38     141     168     526
39     138     99     112
40     83     155     538
41     131     110     44
42     93     12     516
43     175     130     79
44     15     12     161
45     13     59     137
46     175     115     434
47     191     64     37
48     132     141     522
49     93     183     101
50     16     121     389
51     1     23     146
52     13     79     253
53     8     118     70
54     5     32     307
55     2     144     34
56     43     6     33
57     91     170     348
58     40     133     146
59     60     171     22
60     69     9     94
61     106     3     539
62     61     20     83
63     103     186     294
64     68     106     52
65     87     43     276
66     33     142     517
67     199     161     100
68     8     82     512
69     115     134     14
70     36     153     52
71     127     53     392
72     167     120     58
73     99     41     526
74     120     154     130
75     42     83     340
76     152     146     106
77     177     13     185
78     192     175     77
79     164     105     160
80     108     79     555
81     134     10     31
82     67     149     396
83     91     185     111
84     109     110     478
85     37     135     117
86     58     27     175
87     139     64     109
88     145     132     448
89     6     189     119
90     157     90     299
91     89     119     99
92     126     90     102
93     176     159     325
94     3     93     74
95     148     199     375
96     162     15     86
97     128     82     506
98     83     88     82
99     103     29     433
100     166     190     126
