20.064      2634    2557.5
20.085      2625    2557.5
20.032      2637    2557.5
20.079      2634    2557.5
20.111      2636    2557.5
20.063      2634    2557.5
20.11      2634    2557.5
20.11      2634    2557.5
20.001      2634    2557.5
20.001      2649    2557.5

20.021      2689      2606
20.017      2687      2606
20.111      2687      2606
20.048      2687      2606
20.048      2688      2606
20.142      2687      2606
20.11      2687      2606
20.033      2687      2606
20.032      2685      2606
20.131      2687      2606

20.111      2652    2645.5
20.111      2660    2645.5
20.001      2667    2645.5
20.064      2655    2645.5
20.048      2681    2645.5
20.095      2661    2645.5
20.079      2666    2645.5
20.079      2664    2645.5
20.099      2652    2645.5
20.063      2667    2645.5

20.063      2589      2557
20.126      2589      2557
20.001      2574      2557
20.095      2574      2557
20.11      2589      2557
20.048      2589      2557
20.094      2589      2557
20.084      2589      2557
20.126      2574      2557
20.063      2574      2557

20.032      2645      2570
20.095      2645      2570
20.079      2634      2570
20.048      2645      2570
20.033      2645      2570
20.11      2645      2570
20.072      2634      2570
20.079      2645      2570
20.079      2634      2570
20.001      2645      2570

20.11      2653      2567
20.017      2641      2567
20.001      2637      2567
20.064      2641      2567
20.063      2638      2567
20.1      2637      2567
20.048      2650      2567
20.063      2637      2567
20.095      2652      2567
20.063      2639      2567

20.095      2779    2657.5
20.126      2779    2657.5
20.063      2779    2657.5
20.095      2779    2657.5
20.037      2779    2657.5
20.016      2779    2657.5
20.095      2779    2657.5
20.048      2779    2657.5
20.016      2779    2657.5
20.017      2779    2657.5

20.11      2513      2465
20.032      2498      2465
20.048      2498      2465
20.023      2498      2465
20.001      2498      2465
20.095      2498      2465
20.095      2483      2465
20.094      2498      2465
20.017      2498      2465
20.016      2498      2465

20.095      2622    2575.5
20.079      2622    2575.5
20.055      2622    2575.5
20.001      2622    2575.5
20.141      2622    2575.5
20.095      2622    2575.5
20.048      2607    2575.5
20.032      2622    2575.5
20.064      2622    2575.5
20.048      2622    2575.5

20.001      2656    2561.5
20.053      2659    2561.5
20.016      2656    2561.5
20.032      2656    2561.5
20.064      2656    2561.5
20.141      2656    2561.5
20.095      2656    2561.5
20.141      2656    2561.5
20.017      2656    2561.5
20.001      2656    2561.5

