20.001      2639    2557.5
20.001      2648    2557.5
20.001      2644    2557.5
20.017      2637    2557.5
20.001      2628    2557.5
20.001      2640    2557.5
20.001      2641    2557.5
20.017      2637    2557.5
20.007      2641    2557.5
20.001      2653    2557.5

20.001      2695      2606
20.001      2698      2606
20.016      2701      2606
20.017      2692      2606
20.001      2687      2606
20.001      2688      2606
20.001      2698      2606
20.006      2699      2606
20.016      2691      2606
20.017      2687      2606

20.016      2701    2645.5
20.001      2708    2645.5
20.001      2673    2645.5
20.001      2690    2645.5
20.001      2690    2645.5
20.001      2679    2645.5
20.007      2695    2645.5
20.017      2694    2645.5
20.001      2690    2645.5
20.001      2684    2645.5

20.017      2601      2557
20.001      2599      2557
20.001      2607      2557
20.001      2607      2557
20.001      2610      2557
20.021      2611      2557
20.001      2605      2557
20.001      2589      2557
20.017      2598      2557
20.001      2613      2557

20.016      2639      2570
20.001      2640      2570
20.001      2642      2570
20.001      2652      2570
20.005      2662      2570
20.016      2639      2570
20.001      2639      2570
20.001      2651      2570
20.001      2639      2570
20.001      2642      2570

20.017      2641      2567
20.001      2655      2567
20.001      2654      2567
20.023      2652      2567
20.001      2641      2567
20.001      2648      2567
20.001      2644      2567
20.001      2670      2567
20.017      2628      2567
20.001      2648      2567

20.001      2786    2657.5
20.001      2790    2657.5
20.008      2789    2657.5
20.017      2798    2657.5
20.016      2789    2657.5
20.001      2788    2657.5
20.017      2782    2657.5
20.016      2787    2657.5
20.017      2781    2657.5
20.001      2782    2657.5

20.001      2513      2465
20.007      2510      2465
20.001      2516      2465
20.016      2508      2465
20.017      2520      2465
20.001      2513      2465
20.001      2527      2465
20.001      2522      2465
20.001      2511      2465
20.001      2508      2465

20.006      2635    2575.5
20.001      2635    2575.5
20.001      2637    2575.5
20.001      2632    2575.5
20.001      2653    2575.5
20.001      2644    2575.5
20.001      2645    2575.5
20.001      2630    2575.5
20.017      2635    2575.5
20.021      2647    2575.5

20.001      2666    2561.5
20.001      2663    2561.5
20.001      2665    2561.5
20.001      2668    2561.5
20.001      2659    2561.5
20.001      2661    2561.5
20.016      2661    2561.5
20.001      2670    2561.5
20.005      2665    2561.5
20.001      2663    2561.5

