30.001       640   623.875
30.037       640   623.875
30.017       640   623.875
30.017       640   623.875
30.018       640   623.875
30.001       640   623.875
30.037       640   623.875
30.017       640   623.875
30.017       640   623.875
30.018       640   623.875

30.002       649    631.25
30.017       649    631.25
30.006       649    631.25
30.018       649    631.25
30.033       649    631.25
30.002       649    631.25
30.017       649    631.25
30.006       649    631.25
30.018       649    631.25
30.033       649    631.25

30.017       657   636.125
30.017       649   636.125
30.002       656   636.125
30.006       649   636.125
30.002       657   636.125
30.017       656   636.125
30.017       656   636.125
30.002       656   636.125
30.006       656   636.125
30.002       649   636.125

30.002       624   611.125
30.017       621   611.125
30.017       621   611.125
30.002       624   611.125
30.006       628   611.125
30.002       624   611.125
30.017       624   611.125
30.017       621   611.125
30.002       624   611.125
30.006       628   611.125

30.032       633    615.25
30.018       633    615.25
30.001       633    615.25
30.017       633    615.25
30.002       633    615.25
30.032       633    615.25
30.018       633    615.25
30.001       633    615.25
30.017       633    615.25
30.002       633    615.25

30.006       647   631.125
30.018       640   631.125
30.017       645   631.125
30.017       647   631.125
30.017       645   631.125
30.006       640   631.125
30.018       645   631.125
30.017       645   631.125
30.017       647   631.125
30.017       640   631.125

30.002       636    619.75
30.006       636    619.75
30.002       631    619.75
30.017       636    619.75
30.017       631    619.75
30.002       636    619.75
30.006       631    619.75
30.002       636    619.75
30.017       636    619.75
30.017       631    619.75

30.017       626   611.625
30.017       626   611.625
30.006       624   611.625
30.018       624   611.625
30.032       621   611.625
30.017       621   611.625
30.017       626   611.625
30.006       624   611.625
30.018       624   611.625
30.032       621   611.625

30.017       622     611.5
30.002       619     611.5
30.001       622     611.5
30.006       619     611.5
30.001       619     611.5
30.017       622     611.5
30.002       623     611.5
30.001       622     611.5
30.006       622     611.5
30.001       622     611.5

30.017       638   625.625
30.002       638   625.625
30.001       638   625.625
30.017       638   625.625
30.002       638   625.625
30.001       638   625.625
30.017       638   625.625
30.002       638   625.625
30.001       638   625.625
30.017       638   625.625

