20.000     2562     2456.25
20.000     2557     2456.25
20.000     2557     2456.25
20.000     2562     2456.25
20.000     2562     2456.25
20.000     2562     2456.25
20.000     2562     2456.25
20.000     2557     2456.25
20.000     2557     2456.25
20.000     2562     2456.25
             
20.452     2644     2473.13
20.922     2644     2473.13
20.922     2644     2473.13
20.452     2644     2473.13
20.922     2644     2473.13
20.922     2644     2473.13
20.452     2644     2473.13
20.922     2644     2473.13
20.922     2644     2473.13
20.922     2644     2473.13
             
20.413     2529     2423.38
20.005     2546     2423.38
20.005     2546     2423.38
20.413     2529     2423.38
20.413     2546     2423.38
20.413     2546     2423.38
20.413     2529     2423.38
20.005     2546     2423.38
20.005     2546     2423.38
20.413     2546     2423.38
             
20.581     2437     2337.88
20.000     2454     2337.88
20.000     2454     2337.88
20.581     2437     2337.88
20.581     2454     2337.88
20.581     2454     2337.88
20.581     2437     2337.88
20.000     2454     2337.88
20.000     2454     2337.88
20.581     2454     2337.88
             
20.336     2515     2386.63
20.393     2494     2386.63
20.393     2494     2386.63
20.336     2515     2386.63
20.393     2515     2386.63
20.393     2515     2386.63
20.336     2515     2386.63
20.393     2494     2386.63
20.393     2494     2386.63
20.393     2515     2386.63
             
20.192     2476     2329
20.744     2432     2329
20.744     2432     2329
20.192     2476     2329
20.744     2476     2329
20.744     2476     2329
20.192     2476     2329
20.744     2432     2329
20.744     2432     2329
20.744     2476     2329
             
20.000     2513     2370.5
20.000     2485     2370.5
20.000     2485     2370.5
20.000     2513     2370.5
20.000     2513     2370.5
20.000     2513     2370.5
20.000     2513     2370.5
20.000     2485     2370.5
20.000     2485     2370.5
20.000     2513     2370.5
             
20.643     2476     2375.63
20.214     2480     2375.63
20.214     2480     2375.63
20.643     2476     2375.63
20.643     2480     2375.63
20.643     2480     2375.63
20.643     2476     2375.63
20.214     2480     2375.63
20.214     2480     2375.63
20.643     2480     2375.63
             
20.552     2522     2438.5
20.383     2574     2438.5
20.383     2574     2438.5
20.552     2522     2438.5
20.552     2574     2438.5
20.552     2574     2438.5
20.552     2522     2438.5
20.383     2574     2438.5
20.383     2574     2438.5
20.552     2574     2438.5
             
20.000     2599     2461.5
20.374     2618     2461.5
20.374     2618     2461.5
20.000     2599     2461.5
20.374     2618     2461.5
20.374     2618     2461.5
20.000     2599     2461.5
20.374     2618     2461.5
20.374     2618     2461.5
20.374     2618     2461.5
             
