1     65     3     457
2     141     28     70
3     188     15     138
4     193     45     397
5     171     18     140
6     135     33     438
7     12     15     71
8     125     34     328
9     182     30     88
10     173     31     371
11     28     12     133
12     128     20     491
13     86     2     27
14     66     34     175
15     100     43     81
16     32     14     14
17     174     24     413
18     89     16     33
19     96     44     419
20     121     15     49
21     128     29     437
22     81     18     142
23     120     29     477
24     33     35     38
25     168     19     258
26     45     33     334
27     127     11     15
28     135     10     380
29     33     36     42
30     66     17     269
31     87     35     198
32     118     41     161
33     9     49     546
34     161     8     2
35     41     9     128
36     187     3     67
37     152     31     397
38     194     48     23
39     167     22     181
40     160     4     34
41     90     48     519
42     151     32     87
43     110     46     526
44     127     13     85
45     89     46     236
46     163     24     163
47     164     21     269
48     169     2     131
49     20     32     471
50     149     47     91
