1     17     162     201
2     60     176     685
3     42     177     187
4     30     23     953
5     13     181     171
6     26     98     183
7     37     62     635
8     50     186     114
9     71     134     236
10     96     90     82
11     67     77     151
12     88     84     852
13     29     120     32
14     62     57     55
15     52     61     127
16     9     141     509
17     22     190     42
18     17     161     120
19     3     118     392
20     79     199     62
21     36     123     342
22     7     85     401
23     24     172     941
24     89     81     92
25     25     65     780
26     88     94     241
27     14     9     607
28     36     108     199
29     35     134     640
30     32     2     125
31     17     63     778
32     44     25     144
33     61     112     536
34     75     80     81
35     78     109     560
36     3     142     101
37     24     102     115
38     20     117     246
39     64     86     688
40     41     13     206
41     60     147     595
42     38     10     25
43     61     153     813
44     73     38     113
45     81     35     582
46     8     186     118
47     74     111     574
48     26     138     34
49     74     174     457
50     23     151     202
51     76     177     641
52     59     118     111
53     66     180     653
54     75     139     195
55     53     48     475
56     60     74     968
57     23     185     79
58     3     94     789
59     47     22     7
60     60     150     489
61     78     70     62
62     81     34     765
63     79     100     220
64     62     60     636
65     66     188     215
66     35     180     939
67     8     76     175
68     90     173     1004
69     76     71     64
70     37     189     401
71     62     61     243
72     50     106     740
73     17     69     119
74     58     135     581
75     85     30     104
76     51     108     858
77     21     108     233
78     97     52     26
79     95     164     760
80     75     18     75
81     92     24     858
82     27     163     55
83     5     115     555
84     75     69     81
85     98     108     45
86     97     50     892
87     77     31     26
88     24     47     797
89     45     49     111
90     15     83     31
91     84     14     1011
92     69     36     15
93     15     41     756
94     69     94     129
95     22     132     387
96     23     121     92
97     94     131     823
98     84     10     64
99     61     116     284
100     32     78     171
