50.034     5088     4974
50.033     5091     4974
50.033     5091     4974
50.034     5088     4974
50.034     5091     4974
50.034     5091     4974
50.034     5088     4974
50.033     5091     4974
50.033     5091     4974
50.034     5091     4974
             
50.045     5063     5035
50.022     5063     5035
50.022     5063     5035
50.045     5063     5035
50.045     5063     5035
50.045     5063     5035
50.045     5063     5035
50.022     5063     5035
50.022     5063     5035
50.045     5063     5035
             
50.014     5167     4980
50.039     5167     4980
50.039     5167     4980
50.014     5167     4980
50.039     5167     4980
50.039     5167     4980
50.014     5167     4980
50.039     5167     4980
50.039     5167     4980
50.039     5167     4980
             
0.111     5178     5178
0.113     5178     5178
0.113     5178     5178
0.111     5178     5178
0.113     5178     5178
0.113     5178     5178
0.111     5178     5178
0.113     5178     5178
0.113     5178     5178
0.113     5178     5178
             
50.055     4984     4866
50.027     4984     4866
50.027     4984     4866
50.055     4984     4866
50.055     4984     4866
50.055     4984     4866
50.055     4984     4866
50.027     4984     4866
50.027     4984     4866
50.055     4984     4866
             
50.066     5207     5130
50.003     5207     5130
50.003     5207     5130
50.066     5207     5130
50.066     5207     5130
50.066     5207     5130
50.066     5207     5130
50.003     5207     5130
50.003     5207     5130
50.066     5207     5130
             
50.080     5171     5023
50.076     5171     5023
50.076     5171     5023
50.080     5171     5023
50.080     5171     5023
50.080     5171     5023
50.080     5171     5023
50.076     5171     5023
50.076     5171     5023
50.080     5171     5023
             
50.021     5276     5253
50.015     5277     5253
50.015     5277     5253
50.021     5276     5253
50.021     5277     5253
50.021     5277     5253
50.021     5276     5253
50.015     5277     5253
50.015     5277     5253
50.021     5277     5253
             
50.036     5159     5077
50.006     5165     5077
50.006     5165     5077
50.036     5159     5077
50.036     5165     5077
50.036     5165     5077
50.036     5159     5077
50.006     5165     5077
50.006     5165     5077
50.036     5165     5077
             
50.025     5036     4913
50.023     5036     4913
50.023     5036     4913
50.025     5036     4913
50.025     5036     4913
50.025     5036     4913
50.025     5036     4913
50.023     5036     4913
50.023     5036     4913
50.025     5036     4913
             
