50.035     51098     49802.5
50.006     51098     49802.5
50.006     51098     49802.5
50.035     51098     49802.5
50.035     51098     49802.5
50.035     51098     49802.5
50.035     51098     49802.5
50.006     51098     49802.5
50.006     51098     49802.5
50.035     51098     49802.5
             
50.099     52814     51517
50.023     53028     51517
50.023     53028     51517
50.099     52814     51517
50.099     53028     51517
50.099     53028     51517
50.099     52814     51517
50.023     53028     51517
50.023     53028     51517
50.099     53028     51517
             
50.072     50990     50092.5
50.038     50898     50092.5
50.038     50898     50092.5
50.072     50990     50092.5
50.072     50990     50092.5
50.072     50990     50092.5
50.072     50990     50092.5
50.038     50898     50092.5
50.038     50898     50092.5
50.072     50990     50092.5
             
50.042     53310     51614.5
50.043     53310     51614.5
50.043     53310     51614.5
50.042     53310     51614.5
50.043     53310     51614.5
50.043     53310     51614.5
50.042     53310     51614.5
50.043     53310     51614.5
50.043     53310     51614.5
50.043     53310     51614.5
             
50.047     50799     49868
50.022     50766     49868
50.022     50766     49868
50.047     50799     49868
50.047     50799     49868
50.047     50799     49868
50.047     50799     49868
50.022     50766     49868
50.022     50766     49868
50.047     50799     49868
             
50.006     50917     50202
50.001     51004     50202
50.001     51004     50202
50.006     50917     50202
50.006     51004     50202
50.006     51004     50202
50.006     50917     50202
50.001     51004     50202
50.001     51004     50202
50.006     51004     50202
             
50.046     50090     48595.5
50.015     50190     48595.5
50.015     50190     48595.5
50.046     50090     48595.5
50.046     50190     48595.5
50.046     50190     48595.5
50.046     50090     48595.5
50.015     50190     48595.5
50.015     50190     48595.5
50.046     50190     48595.5
             
50.019     50023     48979.5
50.027     49904     48979.5
50.027     49904     48979.5
50.019     50023     48979.5
50.027     50023     48979.5
50.027     50023     48979.5
50.019     50023     48979.5
50.027     49904     48979.5
50.027     49904     48979.5
50.027     50023     48979.5
             
50.028     49628     48229.5
50.022     49130     48229.5
50.022     49130     48229.5
50.028     49628     48229.5
50.028     49628     48229.5
50.028     49628     48229.5
50.028     49628     48229.5
50.022     49130     48229.5
50.022     49130     48229.5
50.028     49628     48229.5
             
50.044     49935     49228.5
50.003     50035     49228.5
50.003     50035     49228.5
50.044     49935     49228.5
50.044     50035     49228.5
50.044     50035     49228.5
50.044     49935     49228.5
50.003     50035     49228.5
50.003     50035     49228.5
50.044     50035     49228.5
             
