50.015     51197     49802.5
50.003     50998     49802.5
50.003     50998     49802.5
50.015     51197     49802.5
50.015     51197     49802.5
50.015     51197     49802.5
50.015     51197     49802.5
50.003     50998     49802.5
50.003     50998     49802.5
50.015     51197     49802.5
             
50.014     53010     51517
50.002     52911     51517
50.002     52911     51517
50.014     53010     51517
50.014     53010     51517
50.014     53010     51517
50.014     53010     51517
50.002     52911     51517
50.002     52911     51517
50.014     53010     51517
             
50.009     50988     50092.5
50.012     50889     50092.5
50.012     50889     50092.5
50.009     50988     50092.5
50.012     50988     50092.5
50.012     50988     50092.5
50.009     50988     50092.5
50.012     50889     50092.5
50.012     50889     50092.5
50.012     50988     50092.5
             
35     53310     51614.5
50.005     53410     51614.5
50.005     53410     51614.5
35     53310     51614.5
50.005     53410     51614.5
50.005     53410     51614.5
35     53310     51614.5
50.005     53410     51614.5
50.005     53410     51614.5
50.005     53410     51614.5
             
35     50666     49868
50.004     50567     49868
50.004     50567     49868
35     50666     49868
50.004     50666     49868
50.004     50666     49868
35     50666     49868
50.004     50567     49868
50.004     50567     49868
50.004     50666     49868
             
35     51104     50202
50.004     51008     50202
50.004     51008     50202
35     51104     50202
50.004     51104     50202
50.004     51104     50202
35     51104     50202
50.004     51008     50202
50.004     51008     50202
50.004     51104     50202
             
50.004     50327     48595.5
50.004     50389     48595.5
50.004     50389     48595.5
50.004     50327     48595.5
50.004     50389     48595.5
50.004     50389     48595.5
50.004     50327     48595.5
50.004     50389     48595.5
50.004     50389     48595.5
50.004     50389     48595.5
             
35     49975     48979.5
50.001     50080     48979.5
50.001     50080     48979.5
35     49975     48979.5
50.001     50080     48979.5
50.001     50080     48979.5
35     49975     48979.5
50.001     50080     48979.5
50.001     50080     48979.5
50.001     50080     48979.5
             
50.001     49529     48229.5
50.006     49528     48229.5
50.006     49528     48229.5
50.001     49529     48229.5
50.006     49529     48229.5
50.006     49529     48229.5
50.001     49529     48229.5
50.006     49528     48229.5
50.006     49528     48229.5
50.006     49529     48229.5
             
50.006     50035     49228.5
50.004     50035     49228.5
50.004     50035     49228.5
50.006     50035     49228.5
50.006     50035     49228.5
50.006     50035     49228.5
50.006     50035     49228.5
50.004     50035     49228.5
50.004     50035     49228.5
50.006     50035     49228.5
             
