1     64     29     493
2     31     36     58
3     89     11     471
4     59     33     66
5     77     43     513
6     57     40     102
7     44     49     579
8     79     42     66
9     31     42     574
10     96     47     3
11     38     44     154
12     35     49     213
13     89     18     559
14     98     49     100
15     55     7     311
16     94     10     77
17     86     43     134
18     83     9     466
19     50     2     122
20     89     12     541
21     96     45     23
22     12     25     559
23     98     14     34
24     8     25     128
25     66     29     597
26     14     26     28
27     37     11     359
28     98     42     111
29     99     2     283
30     47     46     323
31     55     21     52
32     31     32     568
33     58     40     141
34     25     47     272
35     21     19     538
36     27     26     77
37     80     29     77
38     95     23     148
39     85     37     405
40     59     18     136
41     38     9     529
42     87     21     66
43     65     22     337
44     26     45     81
45     78     18     125
46     42     16     331
47     97     40     92
48     56     20     65
49     58     3     458
50     17     24     137
