50.007     12633     12503
50.098     12634     12503
50.098     12634     12503
50.007     12633     12503
50.098     12634     12503
50.098     12634     12503
50.007     12633     12503
50.098     12634     12503
50.098     12634     12503
50.098     12634     12503
             
50.082     12914     12512.5
50.004     12889     12512.5
50.004     12889     12512.5
50.082     12914     12512.5
50.082     12914     12512.5
50.082     12914     12512.5
50.082     12914     12512.5
50.004     12889     12512.5
50.004     12889     12512.5
50.082     12914     12512.5
             
50.083     12938     12590.5
50.256     12962     12590.5
50.256     12962     12590.5
50.083     12987     12590.5
50.256     12962     12590.5
50.256     12962     12590.5
50.083     12987     12590.5
50.256     12962     12590.5
50.256     12962     12590.5
50.256     12962     12590.5
             
50.130     12839     12538.5
50.054     12858     12538.5
50.054     12858     12538.5
50.130     12839     12538.5
50.130     12858     12538.5
50.130     12858     12538.5
50.130     12839     12538.5
50.054     12858     12538.5
50.054     12858     12538.5
50.130     12858     12538.5
             
50.003     12441     12119
50.023     12441     12119
50.023     12441     12119
50.003     12441     12119
50.023     12441     12119
50.023     12441     12119
50.003     12441     12119
50.023     12441     12119
50.023     12441     12119
50.023     12441     12119
             
50.098     12638     12315.5
50.129     12638     12315.5
50.129     12638     12315.5
50.098     12638     12315.5
50.129     12638     12315.5
50.129     12638     12315.5
50.098     12638     12315.5
50.129     12638     12315.5
50.129     12638     12315.5
50.129     12638     12315.5
             
50.023     12555     12485
50.129     12577     12485
50.129     12567     12485
50.023     12555     12485
50.129     12567     12485
50.129     12567     12485
50.023     12555     12485
50.129     12567     12485
50.129     12577     12485
50.129     12577     12485
             
50.037     12460     12420
50.009     12431     12420
50.009     12431     12420
50.037     12460     12420
50.037     12460     12420
50.037     12460     12420
50.037     12460     12420
50.009     12431     12420
50.009     12431     12420
50.037     12460     12420
             
50.021     13270     13256
50.101     13278     13256
50.101     13278     13256
50.021     13270     13256
50.101     13278     13256
50.101     13278     13256
50.021     13270     13256
50.101     13278     13256
50.101     13278     13256
50.101     13278     13256
             
50.070     12258     11998
50.008     12258     11998
50.008     12258     11998
50.070     12277     11998
50.070     12258     11998
50.070     12258     11998
50.070     12277     11998
50.008     12258     11998
50.008     12258     11998
50.070     12258     11998
             
