5.007     2730     2627.5
5.008     2730     2627.5
5.007     2730     2627.5
5.007     2730     2627.5
5.008     2730     2627.5
5.008     2730     2627.5
5.007     2730     2627.5
5.007     2730     2627.5
5.008     2730     2627.5
5.007     2730     2627.5
             
5.007     2488     2386
5.008     2488     2386
5.008     2488     2386
5.008     2488     2386
5.008     2488     2386
5.008     2488     2386
5.008     2488     2386
5.008     2488     2386
5.008     2488     2386
5.007     2488     2386
             
5.001     2597     2540.5
5.002     2597     2540.5
5.005     2597     2540.5
5.005     2597     2540.5
5.002     2597     2540.5
5.002     2597     2540.5
5.005     2597     2540.5
5.005     2597     2540.5
5.002     2597     2540.5
5.001     2597     2540.5
             
5.002     2476     2475
5.003     2476     2475
5.001     2476     2475
5.001     2476     2475
5.003     2476     2475
5.003     2476     2475
5.001     2476     2475
5.001     2476     2475
5.003     2476     2475
5.002     2476     2475
             
5.003     2507     2449
5.002     2507     2449
5.003     2507     2449
5.003     2507     2449
5.003     2507     2449
5.003     2507     2449
5.003     2507     2449
5.003     2507     2449
5.002     2507     2449
5.002     2507     2449
             
5.005     2475     2360
5.007     2475     2360
5.007     2475     2360
5.007     2475     2360
5.007     2475     2360
5.007     2475     2360
5.007     2475     2360
5.007     2475     2360
5.007     2475     2360
5.005     2475     2360
             
5.005     2446     2284
5.002     2437     2284
5.002     2446     2284
5.002     2437     2284
5.005     2437     2284
5.005     2437     2284
5.002     2437     2284
5.002     2446     2284
5.002     2437     2284
5.002     2437     2284
             
5.003     2522     2416.5
5.006     2522     2416.5
5.005     2522     2416.5
5.005     2522     2416.5
5.006     2529     2416.5
5.006     2529     2416.5
5.005     2522     2416.5
5.005     2522     2416.5
5.006     2522     2416.5
5.003     2522     2416.5
             
5.002     2705     2556
5.006     2705     2556
5.005     2705     2556
5.005     2705     2556
5.006     2705     2556
5.006     2705     2556
5.005     2705     2556
5.005     2705     2556
5.006     2705     2556
5.002     2705     2556
             
5.001     2739     2689
5.001     2739     2689
5.003     2739     2689
5.003     2739     2689
5.001     2739     2689
5.001     2739     2689
5.003     2739     2689
5.003     2739     2689
5.001     2739     2689
5.001     2739     2689
             
