1     48     18     14
2     83     26     456
3     62     26     549
4     24     29     225
5     8     35     728
6     30     39     286
7     69     47     348
8     10     33     653
9     66     1     238
10     55     9     45
11     91     16     685
12     48     28     99
13     32     5     680
14     54     47     269
15     61     35     246
16     39     14     73
17     17     3     1042
18     3     17     235
19     56     48     935
20     50     23     141
21     31     18     445
22     96     18     355
23     36     46     491
24     89     41     911
25     73     3     74
26     62     2     482
27     87     31     604
28     6     6     152
29     32     8     481
30     72     27     902
31     4     41     134
32     46     25     89
33     23     45     275
34     32     24     918
35     44     1     223
36     82     5     134
37     19     32     774
38     89     11     71
39     90     27     1008
40     49     17     59
41     8     38     402
42     57     47     934
43     22     4     0
44     21     3     122
45     25     41     1001
46     26     27     84
47     73     3     1054
48     86     24     47
49     15     3     564
50     63     46     1080
51     97     39     57
52     5     32     119
53     17     45     369
54     44     28     352
55     38     7     322
56     38     18     284
57     20     5     257
58     93     24     220
59     23     5     869
60     62     15     107
61     4     35     330
62     39     7     1082
63     69     43     124
64     35     19     918
65     29     44     157
66     48     26     80
67     30     5     576
68     16     15     283
69     18     35     264
70     21     33     572
71     22     10     937
72     99     35     34
73     35     23     597
74     3     6     199
75     57     33     1154
76     78     48     201
77     55     24     952
78     89     16     125
79     19     3     441
80     22     49     676
81     25     4     97
82     70     36     494
83     31     4     899
84     85     1     25
85     69     30     55
86     95     26     31
87     46     44     7
88     69     40     157
89     9     35     310
90     36     15     698
91     16     49     135
92     19     5     952
93     44     42     204
94     25     6     768
95     74     22     61
96     45     31     107
97     72     27     164
98     78     23     1148
99     33     20     124
100     67     44     655
101     41     31     283
102     86     44     1052
103     97     49     37
104     71     12     1129
105     88     42     228
106     5     8     1052
107     40     42     148
108     33     34     320
109     23     6     1053
110     95     8     120
111     67     21     442
112     53     15     93
113     96     21     520
114     76     37     182
115     2     48     230
116     54     49     899
117     32     24     169
118     85     37     712
119     31     48     269
120     34     27     318
121     59     42     730
122     10     11     0
123     78     23     771
124     10     3     34
125     10     16     376
126     8     46     355
127     23     38     609
128     14     27     92
129     68     29     235
130     18     9     1032
131     13     30     77
132     58     5     625
133     5     32     193
134     51     43     557
135     80     43     232
136     31     33     1150
137     85     10     46
138     16     43     160
139     64     38     1068
140     4     9     242
141     79     29     799
142     95     13     262
143     28     33     720
144     50     45     226
145     17     18     1141
146     13     48     100
147     27     7     880
148     59     16     126
149     93     16     223
150     27     20     569
151     5     33     168
152     93     41     179
153     9     17     1158
154     90     3     258
155     9     49     545
156     11     47     219
157     2     20     541
158     4     22     729
159     66     42     56
160     59     40     336
161     16     23     774
162     21     17     207
163     98     26     102
164     99     24     484
165     14     9     1027
166     98     47     186
167     24     1     1035
168     6     43     185
169     38     16     750
170     17     33     153
171     46     34     1107
172     81     12     143
173     88     22     559
174     80     25     21
175     81     48     39
176     91     30     972
177     10     10     129
178     51     11     372
179     51     30     803
180     1     21     256
181     60     22     30
182     75     41     317
183     96     14     620
184     8     35     159
185     53     46     172
186     63     11     148
187     96     11     53
188     37     19     584
189     20     40     252
190     99     16     57
191     37     9     499
192     2     26     718
193     73     46     79
194     80     28     237
195     27     10     368
196     72     18     374
197     65     19     414
198     24     31     973
199     16     24     182
200     17     40     835
