30.188     11825     11487.2
30.005     11823     11487.2
30.220     11814     11487.2
30.220     11814     11487.2
30.220     11823     11487.2
30.220     11823     11487.2
30.220     11814     11487.2
30.220     11814     11487.2
30.005     11823     11487.2
30.005     11823     11487.2
             
30.150     11717     11229.4
30.150     11677     11229.4
30.170     11641     11229.4
30.170     11641     11229.4
30.170     11677     11229.4
30.170     11677     11229.4
30.170     11641     11229.4
30.170     11641     11229.4
30.150     11677     11229.4
30.150     11677     11229.4
             
30.120     11872     11676.8
30.100     11963     11676.8
30.100     11886     11676.8
30.100     11963     11676.8
30.100     11963     11676.8
30.100     11963     11676.8
30.100     11963     11676.8
30.100     11886     11676.8
30.100     11963     11676.8
30.100     11872     11676.8
             
30.170     12232     11814
30.010     12158     11814
30.040     12200     11814
30.040     12200     11814
30.010     12158     11814
30.010     12158     11814
30.040     12200     11814
30.040     12200     11814
30.010     12158     11814
30.010     12158     11814
             
30.080     12186     11856.2
30.170     12181     11856.2
30.030     12181     11856.2
30.170     12181     11856.2
30.170     12181     11856.2
30.170     12181     11856.2
30.170     12181     11856.2
30.030     12181     11856.2
30.170     12181     11856.2
30.080     12181     11856.2
             
30.230     12307     11863.6
30.010     12281     11863.6
30.130     12272     11863.6
30.130     12272     11863.6
30.130     12281     11863.6
30.130     12281     11863.6
30.130     12272     11863.6
30.130     12272     11863.6
30.010     12281     11863.6
30.010     12281     11863.6
             
30.220     12594     12207
30.190     12633     12207
30.100     12599     12207
30.100     12599     12207
30.190     12633     12207
30.190     12633     12207
30.100     12599     12207
30.100     12599     12207
30.190     12633     12207
30.190     12594     12207
             
30.040     12288     11938
30.110     12306     11938
30.260     12288     11938
30.260     12288     11938
30.260     12288     11938
30.260     12288     11938
30.260     12288     11938
30.260     12288     11938
30.110     12306     11938
30.040     12288     11938
             
30.130     12069     11783.8
30.290     12046     11783.8
30.030     12071     11783.8
30.290     12046     11783.8
30.290     12071     11783.8
30.290     12071     11783.8
30.290     12046     11783.8
30.030     12071     11783.8
30.290     12046     11783.8
30.130     12046     11783.8
             
30.200     11536     11353
30.029     11546     11353
30.100     11540     11353
30.100     11540     11353
30.100     11546     11353
30.100     11546     11353
30.100     11540     11353
30.100     11540     11353
30.029     11546     11353
30.029     11536     11353
             
