1     22     135     1057
2     93     105     375
3     97     166     1047
4     20     194     227
5     43     1     1102
6     20     125     142
7     52     143     779
8     12     78     1487
9     40     169     428
10     61     53     1464
11     74     197     398
12     60     11     1582
13     84     54     301
14     19     105     1363
15     85     13     226
16     40     76     466
17     68     143     1839
18     14     80     283
19     24     9     737
20     41     189     1725
21     55     20     441
22     51     2     353
23     48     187     1582
24     25     184     106
25     34     39     1802
26     27     54     17
27     47     72     701
28     66     53     1071
29     72     195     374
30     1     28     1080
31     66     39     251
32     35     99     186
33     84     176     98
34     89     196     1417
35     25     134     326
36     62     21     1402
37     59     158     6
38     6     50     1523
39     60     25     71
40     2     88     1233
41     12     131     335
42     48     167     698
43     53     174     910
44     66     53     277
45     80     197     1765
46     59     161     367
47     27     57     1722
48     24     186     292
49     70     74     1858
50     3     69     374
51     35     58     1642
52     82     159     378
53     19     148     1425
54     84     28     215
55     56     154     980
56     77     66     93
57     92     81     1724
58     38     84     339
59     57     29     1644
60     75     84     157
61     78     6     245
62     89     141     269
63     7     176     446
64     36     104     82
65     42     14     160
66     63     46     238
67     24     88     1088
68     3     177     227
69     76     199     1679
70     18     86     370
71     65     174     1047
72     95     23     445
73     12     74     1655
74     36     37     83
75     89     146     63
76     63     9     515
77     99     91     1344
78     20     112     68
79     57     160     1403
80     64     84     160
81     75     28     509
82     17     69     1060
83     75     175     364
84     88     197     700
85     70     40     816
86     51     18     386
87     50     116     1523
88     52     173     264
89     10     94     214
90     5     8     652
91     83     2     429
92     44     91     1921
93     43     112     248
94     29     161     1228
95     16     185     349
96     97     87     145
97     58     104     1726
98     16     198     370
99     44     17     81
100     97     19     1405
101     83     137     278
102     22     172     1310
103     64     72     413
104     27     155     596
105     49     165     1141
106     37     126     90
107     77     177     1493
108     1     17     114
109     98     47     282
110     2     46     442
111     33     183     932
112     91     93     639
113     42     57     1832
114     59     86     328
115     18     125     1244
116     55     140     206
117     14     135     1876
118     11     4     241
119     60     55     768
120     65     46     560
121     61     66     807
122     99     142     1407
123     86     188     40
124     23     156     719
125     28     108     284
126     34     143     1073
127     57     107     227
128     74     69     272
129     18     40     555
130     97     162     1825
131     5     165     159
132     40     163     1036
133     31     121     312
134     33     33     1584
135     67     96     214
136     29     99     907
137     8     62     1664
138     1     33     39
139     70     125     777
140     75     187     1376
141     63     39     1
142     91     63     1633
143     10     26     298
144     42     65     813
145     50     130     742
146     64     163     146
147     15     112     1100
148     19     197     322
149     86     154     1483
150     66     13     407
151     24     64     1538
152     80     3     215
153     24     107     381
154     83     56     202
155     30     32     721
156     88     22     444
157     4     189     1657
158     22     46     65
159     55     12     1473
160     3     23     108
161     40     153     1517
162     67     5     199
163     7     169     39
164     75     33     1262
165     73     165     461
166     73     95     778
167     55     188     1770
168     21     10     267
169     81     129     477
170     60     7     1258
171     24     58     411
172     74     144     1157
173     19     187     431
174     96     71     1581
175     8     6     397
176     50     121     226
177     51     52     1518
178     44     108     0
179     54     144     375
180     20     121     1535
181     50     79     182
182     4     1     521
183     22     29     647
184     94     170     224
185     38     44     1301
186     34     29     479
187     96     106     1269
188     68     75     96
189     67     187     718
190     15     28     1566
191     23     191     78
192     58     65     250
193     18     70     1054
194     30     143     456
195     34     108     468
196     33     170     56
197     44     188     743
198     26     56     560
199     50     54     1565
200     85     47     394
