20.016     3825     3734.8
20.032     3862     3734.8
20.032     3825     3734.8
20.016     3825     3734.8
20.032     3836     3734.8
20.032     3836     3734.8
20.016     3825     3734.8
20.032     3825     3734.8
20.032     3862     3734.8
20.016     3825     3734.8
             
20.084     3994     3881
20.048     3993     3881
20.048     3993     3881
20.084     3994     3881
20.084     3992     3881
20.084     3992     3881
20.084     3994     3881
20.048     3993     3881
20.048     3993     3881
20.048     3993     3881
             
20.001     3930     3814
20.095     3951     3814
20.095     3930     3814
20.001     3930     3814
20.095     3951     3814
20.095     3951     3814
20.001     3930     3814
20.095     3930     3814
20.095     3951     3814
20.001     3930     3814
             
20.079     4178     4020.8
20.095     4159     4020.8
20.095     4159     4020.8
20.079     4156     4020.8
20.095     4159     4020.8
20.095     4159     4020.8
20.079     4156     4020.8
20.095     4159     4020.8
20.095     4159     4020.8
20.079     4159     4020.8
             
20.079     3904     3769.4
20.141     3886     3769.4
20.141     3886     3769.4
20.079     3904     3769.4
20.141     3886     3769.4
20.141     3886     3769.4
20.079     3904     3769.4
20.141     3886     3769.4
20.141     3886     3769.4
20.079     3886     3769.4
             
20.001     4138     4003.8
20.079     4137     4003.8
20.079     4137     4003.8
20.001     4138     4003.8
20.079     4127     4003.8
20.079     4127     4003.8
20.001     4138     4003.8
20.079     4137     4003.8
20.079     4137     4003.8
20.001     4137     4003.8
             
20.016     4071     3934.2
20.094     4068     3934.2
20.094     4068     3934.2
20.016     4071     3934.2
20.094     4068     3934.2
20.094     4068     3934.2
20.016     4071     3934.2
20.094     4068     3934.2
20.094     4068     3934.2
20.016     4068     3934.2
             
20.016     4167     4038.2
20.111     4187     4038.2
20.111     4167     4038.2
20.016     4167     4038.2
20.111     4178     4038.2
20.111     4178     4038.2
20.016     4167     4038.2
20.111     4167     4038.2
20.111     4187     4038.2
20.016     4167     4038.2
             
20.032     4302     4066.4
20.079     4296     4066.4
20.079     4288     4066.4
20.032     4302     4066.4
20.079     4288     4066.4
20.079     4288     4066.4
20.032     4302     4066.4
20.079     4288     4066.4
20.079     4296     4066.4
20.032     4296     4066.4
             
20.099     3813     3716.6
20.047     3808     3716.6
20.047     3808     3716.6
20.099     3813     3716.6
20.099     3808     3716.6
20.099     3808     3716.6
20.099     3813     3716.6
20.047     3808     3716.6
20.047     3808     3716.6
20.047     3808     3716.6
             
