0.001       156       156
0       156       156
0       156       156
0       156       156
0       156       156
0       156       156
0       156       156
0.002       156       156
0       156       156
0       156       156

0       135       135
0       135       135
0.001       135       135
0       135       135
0       135       135
0       135       135
0.001       135       135
0       135       135
0       135       135
0.001       135       135

1       290       162
1       290       162
1       290       162
1       290       162
1       290       162
1       290       162
1       290       162
1       290       162
1       290       162
1       290       162

1       279       122
1       279       122
1       279       122
1       279       122
1       279       122
1       279       122
1       279       122
1       279       122
1       279       122
1       279       122

1       312     188.4
1       312     188.4
1       312     188.4
1       312     188.4
1       312     188.4
1       312     188.4
1       312     188.4
1       312     188.4
1       312     188.4
1       312     188.4

1       305       206
1       305       206
1       305       206
1       305       206
1       305       206
1       305       206
1       305       206
1       305       206
1       305       206
1       305       206

1       254       162
1       254       162
1       254       162
1       254       162
1       254       162
1       254       162
1       254       162
1       254       162
1       254       162
1       254       162

1       231       142
1       231       142
1       231       142
1       231       142
1       231       142
1       231       142
1       231       142
1       231       142
1       231       142
1       231       142

0.001       168       168
0       168       168
0       168       168
0       168       168
0       168       168
0       168       168
0       168       168
0       168       168
0       168       168
0       168       168

1       242       161
1       242       161
1       242       161
1       242       161
1       242       161
1       242       161
1       242       161
1       242       161
1       242       161
1       242       161

