1     56     40     1015
2     121     3     1392
3     45     28     166
4     190     11     1309
5     42     13     183
6     84     39     1684
7     9     24     59
8     174     42     2204
9     57     8     117
10     55     42     760
11     178     24     2028
12     108     23     468
13     100     36     1379
14     44     9     350
15     52     14     590
16     82     45     692
17     92     44     2105
18     92     27     187
19     16     41     260
20     120     41     801
21     152     2     1311
22     48     13     242
23     134     32     58
24     173     42     1434
25     51     9     429
26     168     3     2111
27     74     39     352
28     176     27     480
29     126     26     675
30     98     1     2262
31     102     1     348
32     195     48     1687
33     90     30     392
34     11     25     791
35     9     2     1527
36     116     7     460
37     84     25     1724
38     97     47     307
39     73     3     2273
40     75     25     247
41     147     17     882
42     93     16     2203
43     193     29     431
44     10     24     356
45     81     13     1009
46     58     24     1516
47     31     12     422
48     73     12     1468
49     106     40     255
50     9     7     1423
