5.001     4686     4532
5     4668     4532
5     4686     4532
5     4686     4532
5.001     4686     4532
5.001     4686     4532
5     4686     4532
5     4686     4532
5     4668     4532
5.001     4686     4532
             
5     4533     4514
5     4528     4514
5     4554     4514
5     4554     4514
5     4533     4514
5     4533     4514
5     4554     4514
5     4554     4514
5     4528     4514
5     4533     4514
             
5.001     5005     4800.5
5     5005     4800.5
5     5005     4800.5
5     5005     4800.5
5.001     5005     4800.5
5.001     5005     4800.5
5     5005     4800.5
5     5005     4800.5
5     5005     4800.5
5.001     5005     4800.5
             
5     5233     5115.5
5     5233     5115.5
5.001     5233     5115.5
5.001     5233     5115.5
5     5233     5115.5
5     5233     5115.5
5.001     5233     5115.5
5.001     5233     5115.5
5     5233     5115.5
5     5233     5115.5
             
5.001     5306     5228
5     5286     5228
5     5316     5228
5     5316     5228
5.001     5306     5228
5.001     5306     5228
5     5316     5228
5     5316     5228
5     5286     5228
5.001     5306     5228
             
5     6038     5902
5.001     6114     5902
5     6020     5902
5     6020     5902
5.001     6114     5902
5.001     6114     5902
5     6020     5902
5     6020     5902
5.001     6114     5902
5.001     6114     5902
             
5     6041     5717.5
5.001     6041     5717.5
5     6041     5717.5
5     6041     5717.5
5.001     6041     5717.5
5.001     6041     5717.5
5     6041     5717.5
5     6041     5717.5
5.001     6041     5717.5
5.001     6041     5717.5
             
5     5474     5324.5
5     5475     5324.5
5.001     5475     5324.5
5.001     5474     5324.5
5     5474     5324.5
5     5474     5324.5
5.001     5474     5324.5
5.001     5475     5324.5
5     5475     5324.5
5     5475     5324.5
             
5.001     4842     4705
5     4815     4705
5     4819     4705
5     4819     4705
5.001     4842     4705
5.001     4842     4705
5     4819     4705
5     4819     4705
5     4815     4705
5.001     4842     4705
             
5     4992     4771
5     4990     4771
5.001     4990     4771
5.001     4990     4771
5     4992     4771
5     4992     4771
5.001     4990     4771
5.001     4990     4771
5     4990     4771
5     4992     4771
             
