20.778     10088     9888.5
20.978     10061     9888.5
20.978     10061     9888.5
20.778     10088     9888.5
20.978     10088     9888.5
20.978     10088     9888.5
20.778     10088     9888.5
20.978     10061     9888.5
20.978     10061     9888.5
20.978     10088     9888.5
             
20.359     10157     9903
20.669     10154     9903
20.669     10154     9903
20.359     10157     9903
20.669     10157     9903
20.669     10157     9903
20.359     10157     9903
20.669     10154     9903
20.669     10154     9903
20.669     10157     9903
             
20.396     10349     10122.5
20.000     10331     10122.5
20.000     10331     10122.5
20.396     10349     10122.5
20.396     10349     10122.5
20.396     10349     10122.5
20.396     10349     10122.5
20.000     10331     10122.5
20.000     10331     10122.5
20.396     10349     10122.5
             
20.527     10671     10444.5
20.876     10672     10444.5
20.876     10672     10444.5
20.527     10671     10444.5
20.876     10672     10444.5
20.876     10672     10444.5
20.527     10671     10444.5
20.876     10672     10444.5
20.876     10672     10444.5
20.876     10672     10444.5
             
20.517     9955     9752
20.000     9915     9752
20.000     9915     9752
20.517     9955     9752
20.517     9955     9752
20.517     9955     9752
20.517     9955     9752
20.000     9915     9752
20.000     9915     9752
20.517     9955     9752
             
20.069     10861     10203.5
20.599     10866     10203.5
20.599     10866     10203.5
20.069     10861     10203.5
20.599     10866     10203.5
20.599     10866     10203.5
20.069     10861     10203.5
20.599     10866     10203.5
20.599     10866     10203.5
20.599     10866     10203.5
             
20.293     10393     9997.5
20.155     10325     9997.5
20.155     10325     9997.5
20.293     10393     9997.5
20.293     10393     9997.5
20.293     10393     9997.5
20.293     10393     9997.5
20.155     10325     9997.5
20.155     10325     9997.5
20.293     10393     9997.5
             
20.111     9950     9731
20.236     9982     9731
20.236     9982     9731
20.111     9950     9731
20.236     9982     9731
20.236     9982     9731
20.111     9950     9731
20.236     9982     9731
20.236     9982     9731
20.236     9982     9731
             
20.006     10337     10121.5
20.484     10332     10121.5
20.484     10332     10121.5
20.006     10337     10121.5
20.484     10337     10121.5
20.484     10337     10121.5
20.006     10337     10121.5
20.484     10332     10121.5
20.484     10332     10121.5
20.484     10337     10121.5
             
20.166     10169     9957
20.484     10172     9957
20.484     10172     9957
20.166     10169     9957
20.484     10172     9957
20.484     10172     9957
20.166     10169     9957
20.484     10172     9957
20.484     10172     9957
20.484     10172     9957
             
