10.001       216   200.875
10       214   200.875
10.001       211   200.875
10       212   200.875
10.001       214   200.875
10       213   200.875
10.001       215   200.875
10       213   200.875
10.001       213   200.875
10       215   200.875

10.001       224   207.625
10       228   207.625
10.001       229   207.625
10.001       225   207.625
10       226   207.625
10.005       227   207.625
10.001       226   207.625
10       227   207.625
10.001       226   207.625
10       226   207.625

10.001       224    209.25
10       228    209.25
10.001       226    209.25
10       225    209.25
10.001       229    209.25
10       226    209.25
10.001       228    209.25
10       229    209.25
10.001       228    209.25
10       226    209.25

10.001       206    198.75
10       207    198.75
10.001       207    198.75
10.005       207    198.75
10       207    198.75
10.001       206    198.75
10       208    198.75
10.001       207    198.75
10       208    198.75
10.001       208    198.75

10       220    205.75
10.001       220    205.75
10       218    205.75
10.001       221    205.75
10       220    205.75
10.001       223    205.75
10       221    205.75
10.001       221    205.75
10       219    205.75
10.001       220    205.75

10       221    207.25
10.001       226    207.25
10.005       221    207.25
10.001       225    207.25
10       221    207.25
10.001       225    207.25
10       223    207.25
10.001       220    207.25
10       221    207.25
10.001       221    207.25

10.001       209    201.25
10       210    201.25
10.001       209    201.25
10.001       210    201.25
10       209    201.25
10.001       208    201.25
10       209    201.25
10.001       210    201.25
10       209    201.25
10.001       210    201.25

10.005       208   195.625
10.001       205   195.625
10       208   195.625
10.001       207   195.625
10       205   195.625
10.001       206   195.625
10       205   195.625
10.001       208   195.625
10.001       205   195.625
10       208   195.625

10       213   203.375
10.001       216   203.375
10       216   203.375
10.001       214   203.375
10       214   203.375
10.001       215   203.375
10       215   203.375
10.001       214   203.375
10.008       214   203.375
10.001       215   203.375

10       222    208.75
10.001       222    208.75
10       222    208.75
10.001       221    208.75
10       222    208.75
10.001       223    208.75
10       220    208.75
10.001       223    208.75
10       223    208.75
10.001       221    208.75

