1     180     10     799
2     79     69     89
3     46     99     761
4     29     25     188
5     78     86     52
6     164     38     568
7     78     50     44
8     126     44     671
9     99     4     148
10     85     23     502
11     117     32     27
12     129     8     870
13     176     19     126
14     2     73     289
15     54     63     845
16     117     2     88
17     175     31     421
18     6     44     70
19     133     9     276
20     116     80     113
21     175     30     648
22     30     96     176
23     107     27     827
24     26     53     200
25     81     22     438
26     141     24     317
27     15     11     149
28     81     9     323
29     50     32     136
30     41     79     718
31     6     98     210
32     108     58     929
33     66     62     195
34     186     72     246
35     74     58     46
36     191     27     723
37     27     11     226
38     126     39     604
39     2     2     184
40     152     39     321
41     92     4     540
42     178     94     141
43     115     7     127
44     33     20     347
45     104     64     905
46     125     33     218
47     106     1     277
48     61     69     355
49     125     49     427
50     96     72     389
