50.097      1025    1012.5
50.069      1022    1012.5
50.034      1025    1012.5
50.065      1026    1012.5
50.055      1023    1012.5
50.097      1025    1012.5
50.069      1022    1012.5
50.034      1025    1012.5
50.065      1026    1012.5
50.055      1023    1012.5

50.019      1075    1066.5
50.096      1077    1066.5
50.019      1077    1066.5
50.022      1075    1066.5
50.05      1075    1066.5
50.019      1075    1066.5
50.096      1077    1066.5
50.019      1077    1066.5
50.022      1075    1066.5
50.05      1075    1066.5

50.034      1094    1080.5
50.065      1096    1080.5
50.055      1095    1080.5
50.049      1093    1080.5
50.05      1095    1080.5
50.034      1094    1080.5
50.065      1096    1080.5
50.055      1095    1080.5
50.049      1093    1080.5
50.05      1095    1080.5

50.039      1057   1049.13
50.034      1058   1049.13
50.081      1058   1049.13
50.112      1058   1049.13
50.022      1060   1049.13
50.039      1057   1049.13
50.034      1058   1049.13
50.081      1058   1049.13
50.112      1060   1049.13
50.022      1060   1049.13

50.019      1049   1036.13
50.034      1047   1036.13
50.069      1048   1036.13
50.065      1048   1036.13
50.019      1048   1036.13
50.019      1049   1036.13
50.034      1047   1036.13
50.069      1048   1036.13
50.065      1048   1036.13
50.019      1048   1036.13

50.033      1086      1071
50.023      1082      1071
50.003      1081      1071
50.049      1083      1071
50.097      1085      1071
50.033      1086      1071
50.023      1082      1071
50.003      1081      1071
50.049      1083      1071
50.097      1085      1071

50.023      1079   1066.13
50.018      1078   1066.13
50.034      1075   1066.13
50.085      1076   1066.13
50.018      1078   1066.13
50.023      1079   1066.13
50.018      1078   1066.13
50.034      1075   1066.13
50.085      1076   1066.13
50.018      1078   1066.13

50.018      1082   1074.75
50.019      1083   1074.75
50.038      1084   1074.75
50.097      1081   1074.75
50.049      1081   1074.75
50.018      1082   1074.75
50.019      1083   1074.75
50.038      1084   1074.75
50.097      1081   1074.75
50.049      1081   1074.75

50.085      1072   1060.75
50.065      1069   1060.75
50.081      1071   1060.75
50.096      1072   1060.75
50.039      1072   1060.75
50.085      1072   1060.75
50.065      1069   1060.75
50.081      1072   1060.75
50.096      1072   1060.75
50.039      1072   1060.75

50.05      1065      1053
50.096      1064      1053
50.128      1065      1053
50.038      1064      1053
50.003      1065      1053
50.05      1065      1053
50.096      1064      1053
50.128      1065      1053
50.038      1064      1053
50.003      1065      1053
