50.007      1021    1012.5
50.002      1020    1012.5
50.003      1022    1012.5
50.007      1025    1012.5
50.003      1029    1012.5
50.007      1021    1012.5
50.002      1022    1012.5
50.003      1022    1012.5
50.007      1025    1012.5
50.003      1029    1012.5

50.002      1076    1066.5
50.003      1072    1066.5
50.007      1082    1066.5
50.003      1075    1066.5
50.002      1076    1066.5
50.002      1076    1066.5
50.003      1082    1066.5
50.007      1082    1066.5
50.003      1075    1066.5
50.002      1076    1066.5

50.007      1094    1080.5
50.002      1102    1080.5
50.003      1100    1080.5
50.003      1097    1080.5
50.008      1097    1080.5
50.007      1094    1080.5
50.002      1102    1080.5
50.003      1100    1080.5
50.003      1097    1080.5
50.008      1097    1080.5

50.003      1060   1049.13
50.002      1064   1049.13
50.003      1056   1049.13
50.006      1064   1049.13
50.003      1055   1049.13
50.003      1060   1049.13
50.002      1064   1049.13
50.003      1056   1049.13
50.006      1064   1049.13
50.003      1055   1049.13

50.003      1051   1036.13
50.008      1040   1036.13
50.002      1052   1036.13
50.003      1052   1036.13
50.003      1052   1036.13
50.003      1051   1036.13
50.008      1040   1036.13
50.002      1052   1036.13
50.003      1052   1036.13
50.003      1052   1036.13

50.007      1092      1071
50.003      1084      1071
50.002      1094      1071
50.007      1090      1071
50.003      1083      1071
50.007      1092      1071
50.003      1084      1071
50.002      1094      1071
50.007      1093      1071
50.003      1083      1071

50.003      1082   1066.13
50.003      1074   1066.13
50.007      1082   1066.13
50.002      1082   1066.13
50.003      1080   1066.13
50.003      1082   1066.13
50.003      1074   1066.13
50.007      1082   1066.13
50.002      1082   1066.13
50.003      1082   1066.13

50.003      1088   1074.75
50.009      1082   1074.75
50.002      1085   1074.75
50.003      1085   1074.75
50.007      1091   1074.75
50.003      1088   1074.75
50.009      1085   1074.75
50.002      1085   1074.75
50.003      1085   1074.75
50.007      1091   1074.75

50.002      1078   1060.75
50.003      1080   1060.75
50.003      1077   1060.75
50.007      1077   1060.75
50.002      1069   1060.75
50.002      1078   1060.75
50.003      1080   1060.75
50.003      1077   1060.75
50.007      1077   1060.75
50.002      1069   1060.75

50.002      1069      1053
50.007      1071      1053
50.003      1067      1053
50.003      1065      1053
50.002      1069      1053
50.002      1069      1053
50.007      1071      1053
50.003      1067      1053
50.003      1065      1053
50.002      1069      1053
