1     14     53     334
2     28     118     24
3     54     56     330
4     51     168     134
5     45     52     340
6     99     154     72
7     88     65     78
8     62     109     194
9     96     137     327
10     10     14     25
11     20     196     27
12     25     43     251
13     53     30     357
14     95     135     136
15     29     95     39
16     15     98     164
17     55     181     217
18     18     156     528
19     20     55     67
20     2     179     301
21     73     46     80
22     15     97     305
23     93     100     62
24     90     13     403
25     63     116     79
26     39     133     284
27     60     186     66
28     68     159     50
29     63     20     362
30     14     175     111
31     52     192     445
32     95     189     112
33     90     65     4
34     59     135     242
35     35     14     358
36     76     91     130
37     68     2     87
38     35     172     351
39     94     11     81
40     90     176     147
41     26     89     475
42     67     10     84
43     70     7     282
44     25     7     93
45     35     89     471
46     29     190     95
47     49     173     269
48     90     122     524
49     26     29     113
50     80     162     178
51     9     18     323
52     99     190     56
53     77     165     234
54     82     47     225
55     47     78     48
56     63     159     410
57     24     50     13
58     57     82     387
59     64     7     36
60     32     80     445
61     29     173     86
62     28     146     417
63     96     73     54
64     32     121     478
65     32     26     28
66     90     132     495
67     96     110     97
68     93     49     332
69     87     53     95
70     26     133     105
71     68     59     392
72     46     187     136
73     75     143     167
74     93     19     163
75     15     98     15
76     45     51     102
77     54     36     525
78     46     84     28
79     24     185     148
80     46     173     540
81     54     111     6
82     52     77     66
83     77     136     300
84     6     161     11
85     89     36     4
86     50     12     395
87     11     174     94
88     59     94     419
89     83     42     115
90     35     11     419
91     54     49     115
92     3     14     137
93     5     109     504
94     88     44     100
95     70     3     253
96     95     57     501
97     44     12     127
98     95     154     156
99     77     19     240
100     84     35     489
