1     9     38     1088
2     16     20     444
3     43     29     1305
4     8     37     37
5     42     48     1322
6     45     39     56
7     5     25     72
8     11     37     775
9     17     7     979
10     34     28     184
11     36     49     1137
12     36     24     243
13     8     34     1934
14     15     5     136
15     27     25     477
16     16     26     143
17     4     37     642
18     21     24     1627
19     1     33     318
20     48     33     217
21     32     24     927
22     8     23     1645
23     34     42     280
24     25     44     1228
25     38     43     271
26     47     49     683
27     8     3     367
28     6     7     722
29     3     29     875
30     21     1     1068
31     31     11     19
32     16     42     1370
33     30     7     253
34     40     30     1765
35     18     22     355
36     22     41     1124
37     4     4     248
38     17     43     1243
39     29     32     320
40     16     29     28
41     49     37     1782
42     41     20     92
43     32     34     902
44     30     36     1371
45     6     12     456
46     20     48     360
47     45     1     685
48     48     5     68
49     17     46     860
50     13     26     754
51     45     35     371
52     47     14     7
53     49     34     654
54     47     12     676
55     31     16     1951
56     13     7     274
57     20     10     354
58     1     23     1585
59     25     44     238
60     36     18     646
61     48     4     812
62     38     41     1502
63     18     37     36
64     3     9     114
65     23     15     1547
66     41     37     299
67     17     12     964
68     47     29     333
69     48     42     858
70     33     2     1560
71     22     38     379
72     3     28     585
73     44     12     1547
74     13     4     114
75     6     14     327
76     31     1     114
77     14     2     946
78     36     41     1779
79     5     36     209
80     23     17     530
81     1     36     274
82     29     49     351
83     20     42     1731
84     43     5     103
85     30     18     38
86     15     39     1675
87     42     35     195
88     49     14     1278
89     47     46     25
90     2     31     625
91     20     38     1895
92     8     27     437
93     7     36     853
94     30     45     1832
95     26     26     407
96     28     33     1739
97     13     21     444
98     19     14     1842
99     26     39     279
100     40     7     970
101     34     18     1594
102     16     1     276
103     11     44     732
104     8     32     1723
105     7     45     435
106     13     12     688
107     30     19     523
108     45     27     525
109     29     3     20
110     2     46     371
111     7     1     1087
112     3     43     445
113     24     47     354
114     42     49     152
115     36     2     497
116     23     19     809
117     35     2     668
118     27     25     93
119     37     31     1530
120     15     24     432
121     44     29     1009
122     2     4     435
123     11     25     1344
124     42     24     352
125     35     9     1492
126     40     49     21
127     48     42     1924
128     14     5     286
129     28     28     1082
130     32     2     84
131     47     40     1725
132     16     40     246
133     13     34     938
134     26     11     504
135     20     21     1284
136     45     35     427
137     22     13     556
138     35     13     860
139     45     30     685
140     14     17     579
141     18     22     507
142     5     25     408
143     43     27     443
144     14     1     1012
145     25     25     205
146     37     6     334
147     25     8     1756
148     15     32     199
149     37     18     991
150     29     26     169
151     4     35     1006
152     44     7     392
153     19     15     1660
154     29     11     11
155     2     12     446
156     4     49     935
157     10     43     1482
158     49     3     108
159     16     21     221
160     10     20     1298
161     13     35     412
162     38     27     1214
163     47     23     313
164     40     23     1717
165     18     38     251
166     45     20     1692
167     24     14     342
168     42     42     1434
169     24     6     441
170     18     18     611
171     28     7     1453
172     31     9     433
173     43     5     1238
174     33     1     87
175     46     12     770
176     14     49     1948
177     35     2     383
178     43     10     1200
179     10     42     331
180     23     10     917
181     2     20     170
182     31     1     1525
183     26     24     301
184     13     47     1696
185     44     11     331
186     47     5     116
187     37     35     1058
188     24     28     330
189     18     33     422
190     15     12     1360
191     40     27     353
192     17     3     1854
193     24     43     250
194     44     47     1625
195     31     2     380
196     5     9     6
197     19     46     1302
198     5     48     212
199     23     11     564
200     4     16     1133
201     37     48     483
202     38     36     1090
203     31     4     186
204     17     38     1399
205     37     10     63
206     21     2     1785
207     47     28     350
208     24     10     1249
209     26     49     57
210     46     46     1520
211     6     23     117
212     45     22     534
213     43     30     1298
214     46     10     432
215     23     49     984
216     46     24     139
217     37     11     549
218     33     13     1699
219     40     21     373
220     29     8     345
221     43     36     572
222     4     49     1617
223     3     31     91
224     38     26     1179
225     31     3     395
226     35     28     465
227     45     12     572
228     26     46     407
229     24     2     1137
230     38     13     140
231     21     26     1062
232     19     25     121
233     41     26     1865
234     11     1     474
235     14     19     443
236     11     30     75
237     40     15     1122
238     49     33     452
239     35     35     598
240     18     19     1339
241     17     49     99
242     15     26     1854
243     4     2     67
244     42     25     1860
245     14     48     233
246     36     42     1577
247     4     30     99
248     46     38     83
249     43     33     1804
250     49     4     8
251     8     35     1176
252     32     11     88
253     38     49     1840
254     10     41     129
255     2     16     1031
256     45     38     471
257     16     23     216
258     28     14     1062
259     31     32     291
260     35     37     606
261     39     28     107
262     16     38     1537
263     42     26     154
264     7     18     1822
265     42     14     219
266     5     36     361
267     10     37     1285
268     39     46     415
269     36     10     1166
270     29     1     342
271     14     39     1519
272     38     9     164
273     38     45     1530
274     15     28     460
275     10     16     1091
276     34     47     445
277     40     9     1883
278     33     21     302
279     26     7     1397
280     22     16     447
281     37     27     671
282     8     23     884
283     3     12     1742
284     1     30     361
285     43     31     1906
286     14     10     401
287     16     34     1064
288     32     49     85
289     14     15     1477
290     24     44     115
291     21     25     488
292     19     22     175
293     13     45     359
294     46     12     1870
295     33     4     376
296     36     6     1876
297     42     12     362
298     28     28     1493
299     25     26     404
300     34     38     1892
