30.082     1937     1838.88
30.015     1948     1838.88
30.015     1948     1838.88
30.082     1937     1838.88
30.082     1948     1838.88
30.082     1948     1838.88
30.082     1937     1838.88
30.015     1948     1838.88
30.015     1948     1838.88
30.082     1948     1838.88
             
15.5     1910     1910
14.252     1910     1910
14.252     1910     1910
15.5     1910     1910
15.5     1910     1910
15.5     1910     1910
15.5     1910     1910
14.252     1910     1910
14.252     1910     1910
15.5     1910     1910
             
30.020     1943     1943
30.004     1947     1943
30.004     1947     1943
30.020     1943     1943
30.020     1947     1943
30.020     1947     1943
30.020     1943     1943
30.004     1947     1943
30.004     1947     1943
30.020     1947     1943
             
30.003     1863     1810
30.049     1856     1810
30.049     1856     1810
30.003     1863     1810
30.049     1863     1810
30.049     1863     1810
30.003     1863     1810
30.049     1856     1810
30.049     1856     1810
30.049     1863     1810
             
30.002     1929     1849
30.050     1925     1849
30.050     1925     1849
30.002     1929     1849
30.050     1929     1849
30.050     1929     1849
30.002     1929     1849
30.050     1925     1849
30.050     1925     1849
30.050     1929     1849
             
30.003     1982     1982
30.004     1982     1982
30.004     1982     1982
30.003     1982     1982
30.004     1982     1982
30.004     1982     1982
30.003     1982     1982
30.004     1982     1982
30.004     1982     1982
30.004     1982     1982
             
30.019     1942     1887
30.039     1952     1887
30.039     1952     1887
30.019     1942     1887
30.039     1952     1887
30.039     1952     1887
30.019     1942     1887
30.039     1952     1887
30.039     1952     1887
30.039     1952     1887
             
30.016     1885     1873
30.017     1885     1873
30.017     1885     1873
30.016     1885     1873
30.017     1885     1873
30.017     1885     1873
30.016     1885     1873
30.017     1885     1873
30.017     1885     1873
30.017     1885     1873
             
30.033     1984     1962
30.035     1989     1962
30.035     1989     1962
30.033     1984     1962
30.035     1989     1962
30.035     1989     1962
30.033     1984     1962
30.035     1989     1962
30.035     1989     1962
30.035     1989     1962
             
30.003     2005     2005
30.003     2005     2005
30.003     2005     2005
30.003     2005     2005
30.003     2005     2005
30.003     2005     2005
30.003     2005     2005
30.003     2005     2005
30.003     2005     2005
30.003     2005     2005
             
