1     9     44     819
2     9     3     1613
3     23     27     528
4     29     8     760
5     34     26     1234
6     34     28     1469
7     1     13     2152
8     26     24     703
9     16     29     3079
10     2     33     679
11     19     27     1006
12     20     35     170
13     46     38     535
14     36     21     2633
15     32     13     120
16     13     49     600
17     39     29     2454
18     36     10     642
19     27     42     2015
20     34     16     640
21     20     49     45
22     27     27     938
23     7     8     1354
24     24     22     2060
25     41     33     502
26     15     37     2106
27     48     26     296
28     6     36     2463
29     40     41     35
30     22     23     2467
31     45     23     130
32     14     33     1522
33     28     44     1537
34     8     9     2453
35     18     3     479
36     46     3     1177
37     10     21     304
38     19     46     1534
39     16     34     786
40     39     39     741
41     30     10     2889
42     6     35     335
43     22     22     2436
44     40     27     488
45     39     38     1999
46     26     14     727
47     41     32     3042
48     26     37     568
49     28     44     837
50     11     10     1298
51     3     24     1174
52     29     5     2956
53     15     39     682
54     21     22     148
55     27     44     2719
56     17     38     510
57     14     9     1191
58     22     41     399
59     18     47     1943
60     24     13     248
61     21     9     1758
62     28     10     397
63     27     36     1127
64     24     19     2972
65     17     24     474
66     35     4     270
67     6     15     2521
68     42     40     646
69     12     45     643
70     33     40     977
71     47     36     1900
72     45     22     72
73     1     39     2733
74     48     7     598
75     45     37     1251
76     36     26     2173
77     30     31     610
78     48     49     1755
79     46     14     680
80     39     49     3018
81     35     8     289
82     23     48     2700
83     17     19     58
84     45     44     555
85     35     49     2109
86     44     38     724
87     41     2     56
88     36     7     1220
89     17     29     444
90     11     29     1093
91     29     39     1146
92     31     42     1086
93     36     18     1661
94     16     27     93
95     29     18     754
96     9     27     3037
97     24     15     545
98     17     17     676
99     19     26     1556
100     17     24     540
101     16     49     2411
102     24     37     297
103     10     47     1617
104     33     10     462
105     42     18     1207
106     37     15     503
107     19     16     2318
108     12     12     579
109     28     20     1191
110     42     15     1004
111     35     2     1746
112     47     41     598
113     48     22     2397
114     9     37     629
115     32     48     1627
116     24     27     308
117     14     34     95
118     37     7     1941
119     29     39     657
120     48     28     219
121     12     29     417
122     1     44     984
123     2     43     1056
124     17     4     2637
125     20     25     297
126     30     3     864
127     2     37     1477
128     34     48     19
129     20     34     41
130     34     26     1719
131     32     30     400
132     40     41     2048
133     28     3     352
134     7     29     2802
135     43     26     578
136     33     24     2279
137     40     5     712
138     39     10     735
139     44     32     2867
140     23     8     281
141     44     33     890
142     3     49     850
143     25     21     1277
144     21     9     2223
145     37     49     459
146     48     30     2395
147     29     16     425
148     44     39     1768
149     15     2     166
150     45     38     1883
151     48     32     35
152     9     2     1604
153     47     38     749
154     40     43     3055
155     28     7     8
156     37     26     1255
157     29     49     1120
158     46     12     2114
159     45     21     297
160     40     20     1238
161     12     8     599
162     5     47     2433
163     16     38     76
164     19     24     2394
165     4     9     373
166     35     44     2029
167     39     7     252
168     12     21     1297
169     32     26     1817
170     43     30     527
171     31     8     1363
172     28     46     667
173     3     17     3011
174     12     3     266
175     10     49     3011
176     9     33     743
177     47     11     2922
178     33     21     756
179     41     11     365
180     17     18     44
181     6     41     2174
182     37     47     145
183     2     1     1485
184     31     35     2796
185     44     1     207
186     6     37     1979
187     17     24     344
188     1     34     1799
189     28     49     406
190     9     12     394
191     33     19     2032
192     1     24     124
193     24     40     2613
194     3     8     276
195     39     25     1767
196     44     4     99
197     39     25     1865
198     28     18     518
199     12     29     2103
200     16     2     20
201     31     25     1114
202     16     33     2922
203     19     3     538
204     15     24     2360
205     45     9     691
206     40     16     1727
207     28     4     404
208     41     6     506
209     39     2     2149
210     13     16     638
211     26     34     2326
212     4     33     416
213     11     2     3046
214     49     33     757
215     39     35     1657
216     6     42     238
217     48     19     1429
218     17     37     644
219     45     7     0
220     9     20     2729
221     19     15     410
222     3     16     2326
223     15     15     575
224     44     4     766
225     30     17     195
226     1     21     1914
227     1     44     374
228     3     11     2359
229     30     22     757
230     20     49     1150
231     26     23     2603
232     31     47     268
233     3     49     2711
234     7     28     538
235     43     33     1878
236     41     41     763
237     26     15     971
238     14     18     2486
239     29     47     540
240     45     24     2201
241     13     11     154
242     12     49     2507
243     41     33     733
244     38     30     368
245     35     38     540
246     39     42     2241
247     16     14     79
248     49     13     2730
249     38     34     145
250     32     23     1355
251     18     18     3102
252     35     45     231
253     36     3     3106
254     2     2     679
255     2     6     2016
256     14     40     89
257     44     19     2311
258     9     20     307
259     14     40     2628
260     23     6     635
261     2     38     582
262     34     41     2185
263     30     31     488
264     15     48     1264
265     16     6     2844
266     49     4     537
267     49     37     1704
268     39     12     164
269     31     18     226
270     18     25     495
271     4     49     1290
272     48     14     2772
273     20     1     312
274     27     19     2086
275     44     13     172
276     39     29     1978
277     46     27     108
278     20     41     1163
279     24     1     1552
280     42     21     1442
281     45     11     3071
282     23     26     385
283     49     3     1057
284     27     23     28
285     3     20     1577
286     16     37     673
287     6     36     2729
288     41     45     385
289     11     16     1447
290     21     17     1600
291     6     12     174
292     39     16     1084
293     21     45     266
294     17     21     32
295     3     18     2166
296     14     4     204
297     33     28     1466
298     35     24     2675
299     24     1     426
300     26     27     419
