30.003     3152     3142
30.004     3152     3142
30.004     3152     3142
30.003     3152     3142
30.004     3152     3142
30.004     3152     3142
30.003     3152     3142
30.004     3152     3142
30.004     3152     3142
30.004     3152     3142
             
30.005     3331     3239
30.004     3322     3239
30.004     3322     3239
30.005     3331     3239
30.005     3331     3239
30.005     3331     3239
30.005     3331     3239
30.004     3322     3239
30.004     3322     3239
30.005     3331     3239
             
30.003     3065     3026
30.001     3065     3026
30.001     3065     3026
30.003     3065     3026
30.003     3065     3026
30.003     3065     3026
30.003     3065     3026
30.001     3065     3026
30.001     3065     3026
30.003     3065     3026
             
30.003     3007     2961
30.003     3004     2961
30.003     3004     2961
30.003     3007     2961
30.003     3007     2961
30.003     3007     2961
30.003     3007     2961
30.003     3004     2961
30.003     3004     2961
30.003     3007     2961
             
30.006     3191     3062
30.004     3184     3062
30.004     3184     3062
30.006     3191     3062
30.006     3191     3062
30.006     3191     3062
30.006     3191     3062
30.004     3184     3062
30.004     3184     3062
30.006     3191     3062
             
0.109     3034     3034
0.125     3034     3034
0.125     3034     3034
0.109     3034     3034
0.125     3034     3034
0.125     3034     3034
0.109     3034     3034
0.125     3034     3034
0.125     3034     3034
0.125     3034     3034
             
30.003     3218     3195
30.003     3216     3195
30.003     3216     3195
30.003     3218     3195
30.003     3218     3195
30.003     3218     3195
30.003     3218     3195
30.003     3216     3195
30.003     3216     3195
30.003     3218     3195
             
30.002     3250     3118
30.004     3251     3118
30.004     3251     3118
30.002     3250     3118
30.004     3251     3118
30.004     3251     3118
30.002     3250     3118
30.004     3251     3118
30.004     3251     3118
30.004     3251     3118
             
0.11     3183     3183
0.109     3183     3183
0.109     3183     3183
0.11     3183     3183
0.11     3183     3183
0.11     3183     3183
0.11     3183     3183
0.109     3183     3183
0.109     3183     3183
0.11     3183     3183
             
30.001     3202     3060
30.002     3208     3060
30.002     3208     3060
30.001     3202     3060
30.002     3208     3060
30.002     3208     3060
30.001     3202     3060
30.002     3208     3060
30.002     3208     3060
30.002     3208     3060
             
