1     178     117     1298
2     144     33     384
3     197     172     1763
4     115     110     463
5     91     5     647
6     19     14     1218
7     78     45     251
8     60     181     1493
9     77     26     303
10     124     166     1231
11     185     144     296
12     27     151     124
13     12     199     381
14     5     186     833
15     30     92     1032
16     92     198     249
17     85     107     416
18     22     80     983
19     5     163     302
20     43     71     839
21     183     181     26
22     140     167     526
23     156     112     166
24     118     186     46
25     47     165     218
26     73     161     852
27     136     22     528
28     99     48     1660
29     56     46     271
30     85     120     583
31     92     110     1110
32     88     54     96
33     33     124     13
34     136     149     878
35     57     164     968
36     158     25     398
37     10     33     1872
38     60     4     130
39     171     177     615
40     164     195     528
41     61     53     802
42     5     20     1332
43     45     44     383
44     115     199     185
45     145     184     765
46     158     24     585
47     8     143     1375
48     109     1     320
49     128     11     1551
50     184     52     257
51     144     10     282
52     66     180     444
53     77     46     1489
54     142     181     213
55     120     49     186
56     169     81     660
57     7     57     855
58     91     97     1508
59     96     41     31
60     100     54     791
61     62     52     556
62     164     79     1243
63     57     62     209
64     88     104     543
65     44     61     1052
66     121     72     269
67     134     91     13
68     189     74     1880
69     83     124     402
70     156     77     690
71     137     64     637
72     59     102     639
73     183     87     1818
74     52     59     157
75     23     129     425
76     157     38     716
77     114     40     129
78     65     16     1313
79     53     114     465
80     180     175     330
81     142     7     1698
82     21     178     97
83     48     176     797
84     12     19     668
85     150     22     584
86     90     140     762
87     76     123     1310
88     134     23     287
89     23     5     1626
90     129     34     321
91     77     56     1621
92     149     6     107
93     161     90     779
94     132     81     556
95     131     102     996
96     94     153     176
97     8     17     1827
98     86     27     115
99     63     198     139
100     164     187     1201
101     127     68     383
102     131     123     356
103     46     191     141
104     132     33     1013
105     107     37     108
106     24     181     1856
107     55     140     318
108     195     129     1254
109     19     48     178
110     133     131     288
111     85     119     1109
112     42     20     396
113     77     87     349
114     141     27     541
115     1     122     1791
116     84     146     158
117     179     3     487
118     33     167     631
119     135     196     839
120     110     42     1655
121     150     163     343
122     51     81     873
123     122     65     106
124     76     53     1401
125     7     126     123
126     41     116     1433
127     44     110     20
128     174     56     152
129     49     148     1329
130     40     149     377
131     181     166     1331
132     87     41     414
133     73     22     1187
134     83     186     267
135     133     114     267
136     45     89     93
137     12     53     750
138     132     23     281
139     192     41     1845
140     14     80     49
141     183     195     881
142     75     159     810
143     152     134     780
144     165     46     1017
145     112     199     438
146     189     146     549
147     16     160     377
148     35     79     1114
149     85     195     344
150     94     48     26
151     26     178     594
152     184     172     332
153     124     100     1717
154     88     167     393
155     20     92     1695
156     44     99     262
157     54     107     372
158     69     117     803
159     63     59     1722
160     137     11     37
161     199     83     585
162     115     1     1821
163     8     112     249
164     100     117     499
165     122     152     90
166     16     182     1357
167     44     5     345
168     94     143     277
169     111     38     1576
170     50     80     213
171     164     43     1652
172     85     10     200
173     105     151     73
174     73     147     1100
175     71     97     46
176     5     3     1405
177     34     62     329
178     174     35     975
179     5     80     368
180     81     7     328
181     88     78     144
182     55     128     232
183     1     173     268
184     75     182     1770
185     85     173     309
186     88     199     81
187     184     185     834
188     48     21     977
189     43     16     144
190     128     155     232
191     100     154     1652
192     154     25     215
193     142     37     713
194     154     69     820
195     12     40     1018
196     189     169     467
197     175     90     754
198     169     185     671
199     115     47     1291
200     61     32     131
