1     175     179     662
2     175     111     1477
3     89     15     128
4     129     13     445
5     179     109     583
6     55     89     1198
7     152     65     341
8     62     59     925
9     183     166     111
10     124     85     1417
11     41     140     259
12     153     129     1138
13     129     86     313
14     108     184     223
15     153     97     730
16     182     76     499
17     121     144     1733
18     2     65     413
19     197     133     1000
20     139     148     487
21     9     56     504
22     8     112     1686
23     31     65     316
24     153     142     272
25     22     84     1457
26     166     194     38
27     162     169     1231
28     197     177     430
29     75     80     593
30     104     172     1143
31     153     78     127
32     126     187     988
33     157     117     1017
34     75     38     1645
35     177     151     8
36     125     7     1052
37     171     32     139
38     160     8     1206
39     172     87     327
40     17     51     881
41     122     171     1475
42     50     126     514
43     1     33     1717
44     98     177     189
45     14     40     1184
46     142     157     5
47     136     2     1930
48     158     33     423
49     51     197     337
50     9     90     586
51     56     24     1862
52     12     122     146
53     82     176     1247
54     23     177     283
55     150     165     1028
56     37     161     635
57     148     151     1561
58     145     99     83
59     57     35     1678
60     125     24     357
61     5     180     394
62     99     59     524
63     115     96     1281
64     21     193     145
65     198     106     1047
66     178     193     482
67     54     56     1519
68     181     90     236
69     128     81     573
70     18     58     1205
71     178     42     3
72     4     137     33
73     14     7     1123
74     136     52     305
75     65     80     343
76     196     167     1079
77     137     114     309
78     170     158     2044
79     75     138     501
80     144     63     1215
81     107     75     416
82     190     40     2057
83     80     25     476
84     166     84     441
85     97     57     467
86     50     92     882
87     168     32     43
88     55     71     795
89     69     177     412
90     176     136     1951
91     96     104     7
92     149     31     903
93     47     168     668
94     179     48     1729
95     17     67     399
96     98     36     733
97     93     77     1947
98     162     154     50
99     163     41     822
100     87     94     519
101     43     74     501
102     111     45     635
103     141     91     731
104     37     7     1528
105     187     63     443
106     16     2     1925
107     166     108     428
108     61     71     24
109     46     72     22
110     109     34     1837
111     183     7     418
112     16     107     833
113     169     192     894
114     83     2     167
115     111     11     150
116     196     89     1717
117     91     98     309
118     48     198     1119
119     81     136     214
120     4     117     1684
121     115     139     133
122     137     125     949
123     158     54     1616
124     148     83     195
125     59     115     1699
126     147     121     47
127     158     51     25
128     21     172     1974
129     4     170     102
130     102     33     500
131     70     82     6
132     109     5     1922
133     196     172     157
134     11     169     1115
135     138     149     453
136     72     7     1348
137     76     196     440
138     103     161     1203
139     99     101     224
140     139     140     985
141     67     35     139
142     71     76     963
143     64     28     1515
144     140     27     17
145     118     162     139
146     176     36     111
147     168     102     277
148     145     172     201
149     113     195     666
150     37     55     21
151     116     87     639
152     186     125     931
153     57     166     1397
154     132     41     138
155     26     36     1997
156     95     39     268
157     27     44     1778
158     66     94     224
159     104     60     2039
160     63     152     154
161     94     121     281
162     87     174     1231
163     189     43     126
164     41     62     1603
165     93     126     370
166     122     74     902
167     114     2     1044
168     58     76     156
169     80     174     1343
170     140     29     249
171     138     154     826
172     91     68     881
173     106     107     910
174     112     64     1852
175     3     59     110
176     39     166     20
177     118     167     472
178     109     180     609
179     1     145     606
180     121     164     739
181     185     29     384
182     135     132     933
183     19     42     404
184     194     7     1813
185     149     165     149
186     63     37     176
187     88     83     1664
188     67     78     430
189     51     11     1288
190     72     194     182
191     129     189     1914
192     178     197     311
193     2     14     1619
194     51     158     487
195     128     56     1919
196     111     180     234
197     157     10     471
198     90     64     1330
199     9     105     245
200     168     98     1524
