1     93     195     1561
2     24     41     22
3     101     130     1586
4     130     97     482
5     42     20     530
6     15     182     1602
7     153     139     223
8     28     118     3
9     103     93     624
10     182     159     1356
11     190     156     79
12     158     1     570
13     50     1     899
14     102     68     806
15     25     180     8
16     43     16     801
17     5     197     268
18     99     17     1765
19     37     173     481
20     77     72     933
21     75     166     1660
22     165     105     127
23     169     147     1290
24     162     39     33
25     121     8     1137
26     6     168     193
27     3     180     1237
28     63     19     6
29     157     96     185
30     100     178     1007
31     96     192     454
32     187     17     1987
33     198     31     359
34     85     26     1884
35     190     77     254
36     180     169     755
37     36     88     1932
38     80     59     262
39     155     21     24
40     196     86     267
41     64     154     643
42     102     163     898
43     102     67     1805
44     72     47     399
45     131     40     294
46     132     89     61
47     53     158     128
48     135     78     471
49     68     125     486
50     84     129     5
51     153     145     1990
52     150     196     343
53     185     102     1725
54     76     139     112
55     76     198     888
56     131     90     1803
57     34     134     489
58     139     134     682
59     184     174     175
60     6     161     1197
61     20     67     154
62     198     48     45
63     122     31     174
64     151     49     1371
65     13     128     418
66     63     149     1228
67     72     45     392
68     183     184     1056
69     158     6     176
70     162     79     1920
71     78     116     254
72     45     18     106
73     153     40     1358
74     147     153     312
75     45     146     1514
76     76     53     456
77     56     186     1283
78     21     50     131
79     13     183     181
80     110     160     985
81     151     179     524
82     43     126     587
83     1     64     371
84     81     158     911
85     47     142     1163
86     183     190     144
87     84     163     600
88     129     93     1958
89     185     148     259
90     189     6     228
91     121     169     109
92     143     47     988
93     59     92     374
94     45     142     670
95     156     132     515
96     162     150     683
97     49     101     1864
98     104     165     187
99     77     145     710
100     8     52     510
101     165     15     1547
102     129     24     157
103     123     199     1659
104     121     145     305
105     26     126     1081
106     38     78     277
107     93     182     574
108     135     166     1004
109     169     128     390
110     24     115     613
111     105     85     1927
112     36     7     486
113     169     19     1178
114     69     141     44
115     113     163     1420
116     73     82     332
117     58     41     883
118     62     180     1414
119     125     124     426
120     180     102     1581
121     56     153     58
122     68     83     1313
123     169     110     142
124     21     32     137
125     166     65     94
126     145     184     1064
127     50     17     9
128     49     122     1568
129     88     40     188
130     166     174     1586
131     32     22     75
132     38     7     1163
133     26     80     155
134     54     113     1999
135     129     119     449
136     199     16     1479
137     132     167     107
138     182     91     1732
139     7     120     108
140     186     22     1374
141     129     84     281
142     194     161     69
143     199     64     925
144     30     172     1843
145     55     162     234
146     181     151     1456
147     127     108     5
148     195     97     990
149     168     27     1039
150     45     108     86
151     182     15     1145
152     121     102     65
153     76     42     116
154     32     68     491
155     3     105     1241
156     138     74     361
157     89     135     910
158     74     25     1855
159     22     139     278
160     82     73     1213
161     113     146     382
162     13     37     930
163     38     123     1381
164     10     29     63
165     93     165     865
166     33     124     1062
167     46     7     198
168     22     111     380
169     194     98     79
170     5     130     75
171     7     59     568
172     59     158     1744
173     158     125     35
174     67     117     808
175     163     21     1464
176     51     158     429
177     34     171     936
178     194     13     784
179     98     46     1243
180     152     165     441
181     56     180     48
182     95     190     1255
183     51     2     283
184     119     63     1024
185     175     45     229
186     140     148     1934
187     85     13     419
188     113     57     991
189     64     173     1178
190     159     164     214
191     98     110     188
192     65     161     1210
193     40     145     152
194     174     93     1024
195     34     86     2
196     103     87     1991
197     199     126     123
198     195     5     1173
199     181     123     71
200     120     186     278
