20.004     7862     7689.6
20.001     7832     7689.6
20.001     7832     7689.6
20.004     7862     7689.6
20.004     7862     7689.6
20.004     7862     7689.6
20.004     7862     7689.6
20.001     7832     7689.6
20.001     7832     7689.6
20.004     7862     7689.6
             
20.032     8463     8164.4
20.001     8476     8164.4
20.001     8476     8164.4
20.032     8463     8164.4
20.032     8476     8164.4
20.032     8476     8164.4
20.032     8463     8164.4
20.001     8476     8164.4
20.001     8476     8164.4
20.032     8476     8164.4
             
20.016     8140     7805.8
20.032     8150     7805.8
20.032     8150     7805.8
20.016     8140     7805.8
20.032     8150     7805.8
20.032     8150     7805.8
20.016     8140     7805.8
20.032     8150     7805.8
20.032     8150     7805.8
20.032     8150     7805.8
             
20.001     7992     7829
20.022     8014     7829
20.022     8014     7829
20.001     7992     7829
20.022     8014     7829
20.022     8014     7829
20.001     7992     7829
20.022     8014     7829
20.022     8014     7829
20.022     8014     7829
             
20.001     7425     7197.6
20.016     7377     7197.6
20.016     7377     7197.6
20.001     7425     7197.6
20.016     7425     7197.6
20.016     7425     7197.6
20.001     7425     7197.6
20.016     7377     7197.6
20.016     7377     7197.6
20.016     7425     7197.6
             
20.001     8018     7809.2
20.016     8016     7809.2
20.016     8016     7809.2
20.001     8018     7809.2
20.016     8018     7809.2
20.016     8018     7809.2
20.001     8018     7809.2
20.016     8016     7809.2
20.016     8016     7809.2
20.016     8018     7809.2
             
20.017     8276     8023.6
20.016     8326     8023.6
20.016     8326     8023.6
20.017     8276     8023.6
20.017     8326     8023.6
20.017     8326     8023.6
20.017     8276     8023.6
20.016     8326     8023.6
20.016     8326     8023.6
20.017     8326     8023.6
             
20.001     7574     7480.6
20.032     7618     7480.6
20.032     7572     7480.6
20.001     7625     7480.6
20.032     7574     7480.6
20.032     7574     7480.6
20.001     7625     7480.6
20.032     7572     7480.6
20.032     7618     7480.6
20.032     7618     7480.6
             
20.022     8320     7981
20.001     8306     7981
20.001     8306     7981
20.022     8320     7981
20.022     8320     7981
20.022     8320     7981
20.022     8320     7981
20.001     8306     7981
20.001     8306     7981
20.022     8320     7981
             
20.001     8218     8004.4
20.017     8218     8004.4
20.017     8261     8004.4
20.001     8218     8004.4
20.017     8245     8004.4
20.017     8245     8004.4
20.001     8218     8004.4
20.017     8261     8004.4
20.017     8218     8004.4
20.017     8218     8004.4
             
