10.001       215    192.75
10       215    192.75
10.001       215    192.75
10       215    192.75
10.001       213    192.75
10.001       213    192.75
10       215    192.75
10.001       213    192.75
10       215    192.75
10.001       213    192.75

10.001       215     191.5
10       214     191.5
10.001       214     191.5
10       214     191.5
10.001       215     191.5
10.001       214     191.5
10       214     191.5
10.001       215     191.5
10       214     191.5
10.001       215     191.5

10       188   173.625
10.001       189   173.625
10       189   173.625
10.001       187   173.625
10.004       187   173.625
10       188   173.625
10.001       187   173.625
10       189   173.625
10.001       187   173.625
10.004       188   173.625

10       211    191.75
10.001       211    191.75
10       212    191.75
10.001       212    191.75
10       211    191.75
10       211    191.75
10.001       211    191.75
10       212    191.75
10.001       212    191.75
10       212    191.75

10       188   176.125
10.001       189   176.125
10       189   176.125
10.001       188   176.125
10.001       189   176.125
10       188   176.125
10.001       188   176.125
10       189   176.125
10.001       188   176.125
10.001       189   176.125

10.001       208   185.875
10       206   185.875
10.001       206   185.875
10       209   185.875
10.001       206   185.875
10.001       208   185.875
10       206   185.875
10.001       209   185.875
10       206   185.875
10.001       206   185.875

10.001       210   191.625
10       212   191.625
10.006       210   191.625
10       212   191.625
10.001       212   191.625
10.001       210   191.625
10       212   191.625
10.006       210   191.625
10       212   191.625
10.001       210   191.625

10.001       212       194
10.001       212       194
10       214       194
10.001       212       194
10       214       194
10.001       212       194
10.001       212       194
10       214       194
10.001       214       194
10       214       194

10       210   188.125
10.001       210   188.125
10       208   188.125
10.001       210   188.125
10       208   188.125
10       210   188.125
10.001       208   188.125
10       208   188.125
10.001       208   188.125
10       210   188.125

10       206       188
10.001       205       188
10       205       188
10.001       205       188
10.001       206       188
10       206       188
10.001       207       188
10       205       188
10.001       205       188
10.001       207       188

