10       205    192.75
10.001       208    192.75
10       203    192.75
10.001       206    192.75
10       202    192.75
10.001       204    192.75
10       206    192.75
10.001       206    192.75
10       204    192.75
10.001       203    192.75

10       202     191.5
10.001       203     191.5
10       201     191.5
10.001       205     191.5
10.005       202     191.5
10       204     191.5
10.001       204     191.5
10       202     191.5
10.001       203     191.5
10       202     191.5

10.001       180   173.625
10       180   173.625
10.001       180   173.625
10       179   173.625
10.001       179   173.625
10.001       178   173.625
10       183   173.625
10.001       185   173.625
10       179   173.625
10.001       179   173.625

10       200    191.75
10.001       199    191.75
10.005       199    191.75
10       199    191.75
10.001       199    191.75
10       198    191.75
10.001       199    191.75
10       200    191.75
10.001       203    191.75
10       199    191.75

10.001       181   176.125
10       180   176.125
10.001       181   176.125
10       179   176.125
10.001       181   176.125
10       180   176.125
10.001       181   176.125
10       180   176.125
10.001       181   176.125
10       181   176.125

10.006       194   185.875
10       192   185.875
10.001       190   185.875
10       191   185.875
10.001       194   185.875
10.001       193   185.875
10       192   185.875
10.001       195   185.875
10       191   185.875
10.001       193   185.875

10       204   191.625
10.001       203   191.625
10       202   191.625
10.001       203   191.625
10       201   191.625
10.001       203   191.625
10       203   191.625
10.001       203   191.625
10.005       203   191.625
10       200   191.625

10.001       207       194
10       207       194
10.001       209       194
10       207       194
10.001       203       194
10       203       194
10.001       206       194
10       206       194
10.001       204       194
10.001       204       194

10       199   188.125
10.001       197   188.125
10       201   188.125
10.001       197   188.125
10       199   188.125
10.001       198   188.125
10.006       197   188.125
10.001       200   188.125
10       199   188.125
10.001       200   188.125

10.001       197       188
10.001       198       188
10       199       188
10.001       196       188
10       195       188
10.001       194       188
10       196       188
10.001       195       188
10       196       188
10.001       199       188

