50.000     6436     6180
50.002     6452     6180
50.002     6452     6180
50.000     6436     6180
50.002     6452     6180
50.002     6452     6180
50.000     6436     6180
50.002     6452     6180
50.002     6452     6180
50.002     6452     6180
             
50.002     6361     6211
50.000     6361     6211
50.000     6361     6211
50.002     6361     6211
50.002     6361     6211
50.002     6361     6211
50.002     6361     6211
50.000     6361     6211
50.000     6361     6211
50.002     6361     6211
             
50.002     6780     6673
50.000     6780     6673
50.000     6780     6673
50.002     6780     6673
50.002     6780     6673
50.002     6780     6673
50.002     6780     6673
50.000     6780     6673
50.000     6780     6673
50.002     6780     6673
             
50.001     6383     6264
50.000     6383     6264
50.000     6383     6264
50.001     6383     6264
50.001     6383     6264
50.001     6383     6264
50.001     6383     6264
50.000     6383     6264
50.000     6383     6264
50.001     6383     6264
             
0.153     6335     6335
50.002     6356     6335
50.002     6356     6335
0.153     6335     6335
50.002     6356     6335
50.002     6356     6335
0.153     6335     6335
50.002     6356     6335
50.002     6356     6335
50.002     6356     6335
             
50.003     6437     6236
50.001     6449     6236
50.001     6449     6236
50.003     6437     6236
50.003     6449     6236
50.003     6449     6236
50.003     6437     6236
50.001     6449     6236
50.001     6449     6236
50.003     6449     6236
             
50.002     6591     6293.88
50.001     6600     6293.88
50.001     6600     6293.88
50.002     6591     6293.88
50.002     6600     6293.88
50.002     6600     6293.88
50.002     6591     6293.88
50.001     6600     6293.88
50.001     6600     6293.88
50.002     6600     6293.88
             
50.003     6625     6537
50.001     6625     6537
50.001     6625     6537
50.003     6625     6537
50.003     6625     6537
50.003     6625     6537
50.003     6625     6537
50.001     6625     6537
50.001     6625     6537
50.003     6625     6537
             
50.002     6802     6614
50.000     6815     6614
50.000     6815     6614
50.002     6802     6614
50.002     6815     6614
50.002     6815     6614
50.002     6802     6614
50.000     6815     6614
50.000     6815     6614
50.002     6815     6614
             
50.002     6438     6145
50.002     6435     6145
50.002     6435     6145
50.002     6438     6145
50.002     6438     6145
50.002     6438     6145
50.002     6438     6145
50.002     6435     6145
50.002     6435     6145
50.002     6438     6145
             
