1       15        1      242
2        9        9      323
3       13        4      304
4        3        7      316
5       14        2      217
6        6        6      257
7       12        7      312
8        7        4      307
9       12        5       83
10        7        4      156
11       11        7      139
12        9        5       11
13       13        6       26
14       11        8      293
15        7        4       17
16        9        7      273
17        8        1      296
18       12        1      281
19        3        7      195
20       12        1      233
21        4        2      317
22        6        1      241
23        5        3      328
24       10        1       25
25        6        9      216
26        6        6       57
27       14        9      319
28       14        3       61
29        9        3        4
30       11        4      277
31       13        2      301
32       12        4      231
33       15        3      119
34        7        7      178
35        5        8      100
36        8        2      104
37       15        1      222
38        6        9      314
39       13        7      252
40       12        3      130
41       10        9      194
42        9        7      114
43        4        5       69
44        3        8       99
45       10        6       55
46       13        4      316
47       10        2      134
48        8        3      118
49        7        3       31
50       13        3      330
51       13        2      141
52       11        4      141
53       11        6       53
54       10        2      249
55       14        7       62
56        3        2       91
57        9        9      298
58        4        1      105
59        9        6      136
60       10        4       58
61       12        4       12
62        4        9      220
63       14        8      313
64        9        5      259
65        6        6        2
66       12        3      153
67       15        6      145
68        3        2        5
69        3        9       95
70        9        4       23
71        9        7      283
72        6        5       83
73        4        1      246
74        9        2      298
75       15        5       15
76       10        3       30
77        9        3       61
78        7        5       66
79        7        1      299
80        8        5      175
81       14        5       56
82        4        2      322
83        7        1      296
84       14        1       28
85       15        2      313
86        3        8       78
87        9        9      243
88        9        5      125
89        4        8       34
90        8        6      291
91        8        1       60
92        6        8      297
93       13        6      122
94        8        7      194
95        9        9      222
96        8        3      170
97        4        9      192
98        3        4      136
99       11        7      272
100       12        9      149
101        6        9      196
102        8        1      121
103        5        2      112
104        8        3      269
105       15        8       51
106        3        8      232
107        7        6      264
108        5        3      127
109        3        9      129
110       13        8      310
111        7        6      325
112        4        5      102
113       14        6      121
114        8        5      209
115       15        2      300
116        7        8      204
117       10        2      233
118        5        2      319
119        3        4       14
120       13        7      300
121       15        8      226
122        8        4      187
123       14        2      272
124        7        2      298
125        8        8      206
126        7        2      143
127       11        9       87
128       11        4      240
129        9        3      216
130       12        4      306
131        8        3      228
132       13        7      158
133        5        1      229
134       14        2      128
135       15        7      143
136        4        2      164
137        8        3      209
138        7        1       99
139        4        3      257
140       13        6        2
141       13        4      251
142        6        4      269
143       11        7      187
144        5        4      328
145        6        1      328
146        5        3      136
147       10        9      242
148       10        3      132
149       10        8      216
150       15        9       17
151        6        8       43
152        3        7       61
153        8        5      275
154        5        3      156
155        8        4      236
156        7        3       65
157        3        8       44
158        9        1      154
159        5        2      100
160        8        7      185
161       15        2       92
162        7        2       44
163       10        8      141
164        3        3      134
165       14        3      269
166       14        6      171
167       14        6       16
168        9        5      244
169        5        3      115
170        3        7      212
171        9        1      113
172       13        4       51
173        7        9      127
174       15        6      102
175        3        7      194
176       10        2      322
177        8        7      274
178        6        6      110
179       10        4       56
180        3        9      191
181       13        3      212
182        3        3       19
183        7        1       71
184        7        9       50
185        8        7       37
186        3        3      258
187        4        1      194
188       13        7       54
189       11        5       20
190       15        6      327
191       11        2      285
192        5        9      121
193        7        2       90
194        8        2       17
195       10        7      156
196        8        6      271
197       12        3      201
198       13        1      158
199        5        6      300
200        3        9      157
201       10        3      218
202       14        5      279
203        3        3      100
204        3        6       26
205        4        5      128
206       11        7      314
207        8        4       52
208       13        8       51
209        7        1       11
210        6        7      200
211       12        9       97
212       10        7       19
213        7        8      139
214       13        9       90
215       15        9      265
216        4        2      217
217       13        2      320
218       13        3      151
219       11        4      208
220       13        6      209
221       14        8      293
222        6        6      144
223        3        9      203
224       14        2      268
225        6        5      276
226       15        9       26
227        5        5      232
228       13        3       80
229        5        5      150
230        9        2      274
231       10        9      266
232        5        7      119
233        7        7       95
234       15        4        3
235        9        9       71
236       15        3      163
237       12        5        4
238       11        9      125
239        4        2        3
240        4        7      250
241       13        8      278
242       11        9       38
243        7        3      130
244       13        9       35
245       15        6      226
246        3        8      269
247       12        9      329
248        8        2       49
249        3        8      132
250       14        5      280
251        7        8      121
252        7        4       62
253       13        2      300
254        5        3       90
255        7        2      273
256        3        9       18
257        9        5      304
258        3        3      198
259       15        4      113
260       14        7      257
261        5        5       46
262        3        4       51
263       15        4       83
264       15        5      250
265       15        2        8
266       13        7      244
267       13        2      224
268       14        3      286
269       12        7      205
270       11        6       94
271       10        1      150
272       14        6       33
273       10        5      313
274        7        9       79
275       11        1       41
276        3        5       47
277        8        8      109
278       10        9      145
279        3        2      232
280       14        6       97
281       15        3      328
282       10        7       28
283       11        6      289
284       15        1      161
285        6        9       49
286        3        6       36
287       11        1      120
288        4        3      195
289       10        9      286
290        5        7      190
291        5        1      156
292       11        2       22
293        3        5      293
294       13        8      160
295        5        2      182
296        6        5       43
297       12        3      145
298       13        5      232
299       12        8      245
300        3        9        7
