30.033      2029    2027.5
30.001      2029    2027.5
30.22      2029    2027.5
30.064      2029    2027.5
30.147      2029    2027.5
30.127      2029    2027.5
30.079      2029    2027.5
30.017      2029    2027.5
30.095      2029    2027.5
30.033      2029    2027.5

30.209      1943    1942.5
30.204      1943    1942.5
30.19      1943    1942.5
30.064      1943    1942.5
30.017      1943    1942.5
30.064      1943    1942.5
30.1      1943    1942.5
30.157      1943    1942.5
30.236      1943    1942.5
30.142      1943    1942.5

30.126      2019      2018
30.017      2019      2018
30.038      2019      2018
30.142      2019      2018
30.001      2019      2018
30.048      2019      2018
30.174      2019      2018
30.142      2019      2018
30.053      2019      2018
30.22      2019      2018

30.017      1973      1972
30.064      1973      1972
30.158      1973      1972
30.236      1973      1972
30.194      1974      1972
30.142      1973      1972
30.002      1973      1972
30.22      1973      1972
30.049      1973      1972
30.158      1973      1972

30.21      1986      1985
30.096      1986      1985
30.22      1986      1985
30.033      1986      1985
30.095      1986      1985
30.002      1986      1985
30.115      1986      1985
30.079      1986      1985
30.002      1986      1985
30.017      1986      1985

30.205      1967      1964
30.142      1967      1964
30.164      1967      1964
30.235      1967      1964
30.221      1967      1964
30.033      1967      1964
30.157      1967      1964
30.221      1967      1964
30.054      1967      1964
30.079      1967      1964

30.126      1994      1993
30.158      1994      1993
30.048      1994      1993
30.002      1994      1993
30.068      1994      1993
30.017      1994      1993
30.017      1994      1993
30.017      1994      1993
30.095      1994      1993
30.22      1994      1993

30.085      1984    1982.5
30.048      1984    1982.5
30.158      1984    1982.5
30.017      1984    1982.5
30.142      1984    1982.5
30.209      1984    1982.5
30.018      1984    1982.5
30.064      1984    1982.5
30.267      1984    1982.5
30.001      1984    1982.5

4.078      1953      1953
4.984      1953      1953
2      1953      1953
7.016      1953      1953
0.469      1953      1953
7.704      1953      1953
5.297      1953      1953
1.938      1953      1953
4.188      1953      1953
30.147      1954      1953

30.064      1990    1987.5
30.267      1988    1987.5
30.158      1990    1987.5
30.158      1988    1987.5
30.048      1988    1987.5
30.006      1990    1987.5
30.018      1990    1987.5
30.001      1988    1987.5
30.205      1990    1987.5
30.251      1988    1987.5

