1        6        7       52
2        8        8       98
3        9        5       10
4       15        8       60
5        9        6       88
6       10        8       96
7        7        4       51
8        5        2      101
9       14        9       25
10        5        6       82
11       12        8       73
12        8        1       78
13       15        8      109
14       12        4       91
15       12        7       37
16       15        2      109
17       13        9       48
18        3        4       17
19        9        7       97
20        4        5       30
21       10        5       95
22        8        3       83
23        3        1       33
24        8        7       87
25       11        8       52
26        4        3      109
27        3        8        4
28       12        8       14
29       12        9       67
30       13        6       90
31        5        3      103
32        3        5      105
33        4        5       84
34        5        7       73
35        3        3       42
36       14        8       55
37        3        4       65
38        4        5       83
39       10        6       24
40       11        3       45
41        4        5       19
42       10        8       12
43        7        8       33
44       12        1       67
45        9        1       40
46       15        1       40
47        7        7       26
48       13        1       96
49       11        6       73
50        9        8       64
51       11        7      104
52        6        1       51
53       15        7       57
54       10        5      101
55       15        4       73
56        8        4       52
57       14        5       63
58       12        1       52
59       12        1       68
60        5        8      107
61        6        2       24
62        5        8      107
63       10        5       97
64        5        8       95
65        5        7       38
66        7        7       75
67       15        1       59
68       13        5       97
69        5        8       78
70        5        8       14
71        5        3       37
72       14        5       73
73       15        7        1
74       12        5       91
75       12        6       43
76        3        5       49
77        9        9       73
78        6        7       39
79        6        2       59
80       14        1       66
81       14        1       71
82        9        5       78
83        3        3      100
84       14        4      108
85       13        3       10
86        8        6       83
87       14        2       78
88       14        3       58
89       10        5       98
90       13        3      100
91        6        4       10
92       15        5       36
93       11        4       21
94       11        2       18
95       12        7       11
96        9        8       54
97        9        5       50
98       14        1       31
99        6        2       36
100       12        7       34
