1        4        1       60
2        6        4       40
3        6        4       33
4        5        5       23
5        5        4       46
6        8        9       61
7       14        2       45
8        9        3       68
9        3        4       11
10        7        8       42
11        6        5       65
12        5        5       49
13        5        4       68
14       10        4       34
15       13        8       38
16       15        2       48
17        7        8       20
18        4        7       38
19       11        5       20
20       11        3       24
21        5        4       43
22        8        1       33
23        7        5        7
24       14        6       25
25       15        8       43
26       12        2       35
27        9        4        6
28        6        5       40
29        9        9       38
30       15        6       50
31        4        7       31
32       12        9       41
33       15        5       17
34       13        2       60
35       12        2        0
36       12        2       36
37       12        4       66
38        9        8       22
39       12        5       67
40       11        6       36
41        5        4       56
42       11        2       25
43       12        2       25
44        6        6       65
45        7        3       40
46       10        2       25
47       12        3       65
48       12        9       34
49        6        8        9
50        9        7        8
