1     54     91     1362
2     96     185     122
3     11     5     1077
4     50     115     1093
5     94     11     866
6     33     61     798
7     41     12     1693
8     11     133     372
9     41     132     939
10     2     69     2409
11     18     111     206
12     71     50     2361
13     3     104     335
14     21     198     2231
15     75     49     189
16     56     62     1310
17     60     91     294
18     97     30     1804
19     52     56     259
20     76     135     1521
21     77     129     541
22     45     104     2174
23     7     179     53
24     37     44     734
25     54     31     1271
26     13     151     53
27     59     33     121
28     69     172     1518
29     98     96     251
30     37     70     2287
31     8     65     20
32     85     71     1024
33     86     166     906
34     77     54     1620
35     82     78     275
36     48     183     2046
37     2     65     281
38     73     50     536
39     16     21     778
40     71     47     1812
41     74     14     486
42     17     10     1788
43     34     17     72
44     5     94     2044
45     31     54     227
46     80     100     158
47     25     52     1615
48     13     189     555
49     60     133     1737
50     57     88     434
51     13     6     1016
52     64     21     2422
53     52     102     520
54     26     111     568
55     89     140     1917
56     25     88     513
57     26     130     561
58     38     125     2084
59     82     157     41
60     68     193     2279
61     58     1     423
62     69     85     27
63     63     112     421
64     85     88     23
65     38     77     549
66     5     84     1655
67     45     9     430
68     86     66     1851
69     35     22     165
70     9     84     1997
71     88     198     406
72     7     136     514
73     86     45     1379
74     27     160     135
75     2     1     714
76     71     158     2122
77     84     113     228
78     30     33     1433
79     67     71     463
80     27     138     1390
81     4     148     357
82     91     170     2059
83     81     152     379
84     8     91     1001
85     72     35     2050
86     3     182     599
87     10     76     1878
88     61     164     119
89     4     178     999
90     42     124     152
91     63     105     848
92     67     191     619
93     43     145     880
94     23     19     634
95     70     95     2075
96     62     162     226
97     96     25     2428
98     91     65     300
99     68     29     1850
100     41     163     450
101     77     180     1216
102     66     178     100
103     13     137     2059
104     20     35     326
105     97     110     1555
106     68     99     607
107     90     59     276
108     65     136     1300
109     93     42     439
110     22     145     2356
111     38     94     380
112     78     5     1277
113     22     122     232
114     43     133     98
115     38     134     139
116     92     72     749
117     62     19     2050
118     68     122     287
119     17     155     1808
120     90     136     444
121     16     195     1614
122     4     86     360
123     53     97     825
124     95     86     776
125     28     79     1306
126     11     95     515
127     71     160     1574
128     35     169     85
129     6     131     1766
130     2     98     312
131     7     73     424
132     11     31     1837
133     9     44     248
134     66     142     173
135     19     116     569
136     12     98     1129
137     60     188     1511
138     33     137     34
139     32     157     1688
140     23     106     243
141     85     11     2156
142     68     5     269
143     16     46     975
144     41     115     1034
145     94     83     521
146     9     34     1641
147     54     116     502
148     58     34     1202
149     60     20     293
150     89     192     2304
151     98     72     263
152     79     10     308
153     93     170     397
154     60     15     1360
155     54     20     241
156     97     12     345
157     19     147     321
158     85     15     2274
159     69     16     474
160     37     117     1073
161     24     25     1982
162     64     81     534
163     88     151     362
164     63     90     1225
165     83     8     511
166     74     47     201
167     60     191     627
168     10     16     880
169     58     91     2282
170     67     172     580
171     40     21     1088
172     37     88     1630
173     14     100     509
174     44     177     2203
175     78     97     152
176     42     107     1611
177     9     178     111
178     33     5     64
179     47     193     919
180     20     162     1945
181     2     185     316
182     42     68     1891
183     31     123     497
184     30     14     220
185     12     148     461
186     85     139     2210
187     35     47     302
188     71     177     582
189     11     147     100
190     51     137     582
191     72     170     2231
192     68     94     95
193     26     149     340
194     7     102     2225
195     38     99     19
196     40     119     1182
197     49     17     1041
198     78     143     1207
199     75     190     2152
200     62     138     222
