1     39     21     13
2     56     48     1460
3     48     35     168
4     93     37     1931
5     81     14     294
6     2     20     31
7     28     45     1493
8     52     3     417
9     31     15     1930
10     20     32     393
11     58     48     301
12     32     3     598
13     9     15     757
14     57     31     133
15     17     44     1054
16     3     46     425
17     58     41     157
18     94     17     386
19     67     2     1741
20     10     47     345
21     39     12     556
22     24     3     1169
23     1     26     80
24     26     13     1800
25     10     28     318
26     49     26     764
27     17     49     1414
28     72     35     295
29     18     6     657
30     29     40     542
31     71     40     1097
32     62     26     367
33     10     6     1388
34     9     38     335
35     98     7     1195
36     63     34     228
37     36     38     1162
38     45     20     75
39     58     17     1268
40     45     1     58
41     61     39     1514
42     62     27     12
43     71     38     1917
44     84     20     99
45     25     40     1330
46     53     8     148
47     79     42     913
48     15     31     42
49     76     10     841
50     50     40     929
51     69     33     1806
52     79     1     334
53     66     2     929
54     82     29     1625
55     41     11     59
56     36     26     94
57     85     6     799
58     53     33     297
59     28     33     1108
60     81     12     329
61     70     49     1582
62     51     33     132
63     7     28     1910
64     24     29     275
65     41     46     1875
66     57     21     478
67     71     34     918
68     48     35     1729
69     88     2     345
70     73     40     1203
71     44     4     481
72     4     20     692
73     70     7     875
74     90     1     1120
75     56     18     333
76     51     20     1625
77     81     12     456
78     97     1     8
79     41     8     713
80     49     17     62
81     96     7     926
82     71     4     1347
83     39     11     234
84     56     36     74
85     15     4     636
86     40     42     1528
87     67     43     94
88     40     42     867
89     37     29     1804
90     66     48     284
91     50     4     707
92     96     39     1893
93     40     4     398
94     93     27     822
95     2     45     1618
96     68     6     422
97     62     13     169
98     11     15     1639
99     61     14     118
100     84     6     858
101     82     24     839
102     94     49     843
103     16     19     946
104     1     35     248
105     86     3     658
106     28     11     1190
107     34     21     208
108     63     13     1707
109     41     28     361
110     21     20     18
111     84     16     914
112     72     42     660
113     22     29     94
114     74     9     725
115     97     32     1826
116     10     12     397
117     59     38     410
118     10     35     1708
119     3     26     97
120     76     30     1353
121     35     49     234
122     57     29     1927
123     18     33     111
124     76     26     985
125     84     47     326
126     63     46     1085
127     78     39     14
128     96     40     1892
129     48     1     256
130     18     39     666
131     19     41     665
132     18     34     1105
133     79     37     142
134     54     4     1173
135     89     26     124
136     96     7     449
137     74     44     1245
138     34     18     10
139     98     40     762
140     39     12     905
141     32     36     833
142     3     26     1804
143     32     29     129
144     90     11     890
145     98     42     1359
146     17     1     436
147     22     39     627
148     25     9     225
149     71     36     1723
150     57     39     437
151     17     13     494
152     56     27     1215
153     65     45     157
154     78     35     1070
155     27     18     375
156     7     47     1125
157     16     30     205
158     61     40     1895
159     28     34     57
160     48     47     1464
161     24     13     257
162     75     13     1368
163     82     33     465
164     98     25     1801
165     37     12     210
166     50     15     354
167     29     22     335
168     82     32     966
169     20     17     286
170     99     5     1593
171     59     3     64
172     71     35     1731
173     89     30     449
174     90     22     727
175     61     19     1177
176     36     14     27
177     11     21     431
178     51     38     84
179     42     21     937
180     42     6     430
181     83     19     832
182     78     2     1054
183     52     35     392
184     57     13     897
185     79     37     708
186     92     3     631
187     48     8     883
188     21     49     1112
189     72     41     423
190     30     1     1611
191     92     1     16
192     33     9     1789
193     34     1     424
194     48     24     799
195     90     5     1037
196     77     21     111
197     27     26     1009
198     88     9     468
199     6     13     1767
200     3     27     429
201     54     38     1293
202     58     5     445
203     12     16     785
204     41     19     1033
205     89     36     14
206     67     1     1868
207     28     10     204
208     28     32     585
209     84     48     857
210     82     45     517
211     29     25     1915
212     97     47     279
213     80     2     8
214     5     26     437
215     68     39     1030
216     31     10     118
217     75     24     595
218     8     39     293
219     84     4     1823
220     33     36     115
221     14     5     1661
222     59     43     404
223     67     42     587
224     48     42     640
225     11     30     895
226     17     37     1166
227     73     9     321
228     68     1     1817
229     66     15     429
230     15     13     1088
231     92     45     308
232     47     9     1648
233     18     11     265
234     34     28     1857
235     21     49     278
236     98     46     329
237     65     12     1020
238     86     3     89
239     97     32     461
240     86     9     1145
241     18     42     312
242     65     48     1907
243     70     5     202
244     15     15     321
245     30     15     1083
246     58     10     86
247     70     42     1886
248     70     10     291
249     89     20     146
250     18     42     1659
251     59     3     385
252     16     46     141
253     86     42     1743
254     69     18     321
255     51     7     997
256     46     39     369
257     93     4     835
258     55     34     823
259     69     7     1819
260     47     33     428
261     40     32     1625
262     63     28     168
263     40     34     657
264     41     31     1947
265     59     4     315
266     81     48     1763
267     18     7     314
268     84     12     1862
269     33     2     22
270     80     16     1493
271     19     42     338
272     52     5     854
273     28     48     184
274     14     28     1486
275     6     28     169
276     81     22     1699
277     98     23     186
278     60     49     1814
279     29     42     238
280     96     21     477
281     2     38     1642
282     70     29     136
283     98     31     385
284     23     5     325
285     90     47     1917
286     32     44     178
287     83     37     853
288     94     20     400
289     48     12     1302
290     70     8     78
291     45     9     920
292     94     48     40
293     99     7     1480
294     48     29     68
295     19     27     1075
296     11     37     141
297     15     21     1572
298     13     21     370
299     32     40     1462
300     39     39     235
