30.002     4089     3813
30.003     4092     3813
30.003     4092     3813
30.002     4089     3813
30.003     4092     3813
30.003     4092     3813
30.002     4089     3813
30.003     4092     3813
30.003     4092     3813
30.003     4092     3813
             
30.005     3942     3723.88
30.003     3945     3723.88
30.003     3945     3723.88
30.005     3942     3723.88
30.005     3945     3723.88
30.005     3945     3723.88
30.005     3942     3723.88
30.003     3945     3723.88
30.003     3945     3723.88
30.005     3945     3723.88
             
30.004     3854     3711.38
30.003     3854     3711.38
30.003     3854     3711.38
30.004     3854     3711.38
30.004     3854     3711.38
30.004     3854     3711.38
30.004     3854     3711.38
30.003     3854     3711.38
30.003     3854     3711.38
30.004     3854     3711.38
             
30.003     3726     3540.13
30.005     3726     3540.13
30.005     3726     3540.13
30.003     3726     3540.13
30.005     3726     3540.13
30.005     3726     3540.13
30.003     3726     3540.13
30.005     3726     3540.13
30.005     3726     3540.13
30.005     3726     3540.13
             
30.002     4082     3797.63
30.004     4089     3797.63
30.004     4089     3797.63
30.002     4082     3797.63
30.004     4089     3797.63
30.004     4089     3797.63
30.002     4082     3797.63
30.004     4089     3797.63
30.004     4089     3797.63
30.004     4089     3797.63
             
30.003     3865     3626.5
30.001     3845     3626.5
30.001     3845     3626.5
30.003     3865     3626.5
30.003     3865     3626.5
30.003     3865     3626.5
30.003     3865     3626.5
30.001     3845     3626.5
30.001     3845     3626.5
30.003     3865     3626.5
             
30.011     3749     3543.75
30.014     3775     3543.75
30.014     3775     3543.75
30.011     3749     3543.75
30.014     3775     3543.75
30.014     3775     3543.75
30.011     3749     3543.75
30.014     3775     3543.75
30.014     3775     3543.75
30.014     3775     3543.75
             
30.007     3842     3648
30.001     3830     3648
30.001     3830     3648
30.007     3842     3648
30.007     3842     3648
30.007     3842     3648
30.007     3842     3648
30.001     3830     3648
30.001     3830     3648
30.007     3842     3648
             
30.011     4017     3797.13
30.009     4017     3797.13
30.009     4017     3797.13
30.011     4017     3797.13
30.011     4017     3797.13
30.011     4017     3797.13
30.011     4017     3797.13
30.009     4017     3797.13
30.009     4017     3797.13
30.011     4017     3797.13
             
30.008     3934     3725.88
30.003     3929     3725.88
30.003     3929     3725.88
30.008     3934     3725.88
30.008     3934     3725.88
30.008     3934     3725.88
30.008     3934     3725.88
30.003     3929     3725.88
30.003     3929     3725.88
30.008     3934     3725.88
             
