1     71     8     1793
2     76     14     825
3     66     16     2806
4     15     6     206
5     72     44     275
6     19     26     13
7     6     42     1277
8     56     27     1441
9     85     14     2103
10     69     41     847
11     91     24     3102
12     97     13     57
13     71     7     2454
14     93     21     870
15     92     11     2621
16     8     35     158
17     41     48     1244
18     44     38     1737
19     85     42     3600
20     70     28     336
21     66     47     3245
22     7     19     766
23     97     23     1911
24     23     22     514
25     47     5     2182
26     27     26     881
27     22     33     2165
28     74     21     705
29     78     4     3382
30     35     45     178
31     38     16     100
32     83     45     3001
33     44     41     421
34     26     38     3022
35     98     45     127
36     42     1     968
37     65     26     347
38     38     9     2233
39     32     19     203
40     18     26     717
41     1     39     1489
42     66     32     3167
43     97     6     845
44     12     14     834
45     51     33     2293
46     80     49     307
47     15     15     3639
48     84     36     231
49     55     1     1162
50     40     24     644
51     70     36     1006
52     78     21     1325
53     72     34     308
54     1     14     2188
55     20     31     151
56     91     23     2072
57     5     40     722
58     94     49     2537
59     7     20     872
60     18     9     400
61     12     36     525
62     86     24     2369
63     92     47     157
64     59     19     2174
65     65     48     146
66     36     12     1062
67     8     41     2309
68     58     14     577
69     53     1     829
70     62     22     3447
71     25     44     571
72     28     2     2334
73     81     27     214
74     22     42     2083
75     78     31     484
76     68     1     2228
77     56     45     391
78     5     1     2641
79     54     35     290
80     54     43     319
81     43     7     734
82     45     10     814
83     44     7     2418
84     7     15     825
85     50     42     3231
86     69     2     42
87     86     31     2467
88     36     30     75
89     73     36     2570
90     52     21     320
91     7     26     1314
92     62     28     11
93     11     43     865
94     89     36     3261
95     62     26     586
96     60     44     2345
97     15     24     37
98     42     2     893
99     39     34     809
100     94     13     273
101     60     43     2315
102     45     13     546
103     43     15     1338
104     3     26     2184
105     33     17     261
106     3     24     686
107     32     45     1284
108     75     41     314
109     11     37     2370
110     17     25     292
111     83     31     3216
112     54     4     169
113     90     49     2412
114     14     7     845
115     35     6     1579
116     26     3     2880
117     85     24     695
118     32     2     287
119     40     12     1653
120     88     16     2189
121     30     5     203
122     28     39     2075
123     2     49     828
124     79     29     705
125     44     48     1682
126     85     48     1571
127     26     36     2468
128     15     1     627
129     63     43     2037
130     45     40     77
131     82     44     2904
132     96     1     137
133     99     47     2085
134     8     34     870
135     22     21     1553
136     52     41     1433
137     6     7     1818
138     71     12     3560
139     76     13     808
140     97     15     2635
141     44     4     713
142     66     31     2772
143     31     21     93
144     22     6     1058
145     42     16     2799
146     91     39     701
147     62     16     955
148     43     18     307
149     3     4     925
150     61     14     1391
151     68     43     2563
152     7     16     49
153     33     39     3339
154     98     37     310
155     17     7     2128
156     13     7     499
157     42     40     1346
158     14     12     1761
159     13     34     1690
160     59     38     1051
161     26     27     2428
162     30     3     206
163     88     10     1020
164     78     31     1205
165     21     35     13
166     55     35     3381
167     25     47     326
168     58     45     2440
169     17     32     413
170     17     26     2365
171     55     35     610
172     72     49     3586
173     62     36     446
174     27     45     3434
175     66     39     861
176     5     11     2649
177     90     14     873
178     52     43     2110
179     43     17     870
180     40     30     1373
181     4     8     2694
182     58     15     885
183     56     32     1768
184     16     40     3417
185     16     40     430
186     78     46     348
187     52     12     3525
188     61     14     630
189     7     5     1844
190     14     18     271
191     51     14     2344
192     51     14     576
193     3     24     944
194     67     18     2892
195     86     21     887
196     89     8     548
197     36     16     3540
198     40     41     882
199     46     38     833
200     76     32     499
201     32     47     957
202     67     15     1280
203     83     18     1585
204     70     32     2746
205     56     15     549
206     96     35     479
207     42     32     845
208     53     16     404
209     22     29     3589
210     98     9     147
211     7     38     363
212     13     31     1599
213     56     44     1997
214     76     23     306
215     60     34     2719
216     55     34     328
217     26     25     1916
218     40     47     426
219     53     42     1343
220     4     27     2202
221     34     35     570
222     88     29     3203
223     78     24     285
224     69     15     811
225     56     10     1266
226     37     28     2512
227     25     42     346
228     23     22     3648
229     89     26     671
230     35     3     808
231     52     13     1072
232     27     28     544
233     43     36     820
234     62     44     3347
235     94     25     827
236     43     35     683
237     73     27     255
238     54     1     2613
239     66     24     171
240     39     47     1865
241     54     40     605
242     86     3     847
243     87     33     601
244     91     22     403
245     95     17     1764
246     18     8     2205
247     13     25     220
248     75     49     2277
249     92     48     618
250     73     3     2959
251     36     13     677
252     25     19     2776
253     3     40     327
254     44     3     1706
255     42     22     1021
256     58     23     2337
257     42     5     365
258     23     3     413
259     87     5     3574
260     4     47     491
261     43     41     1658
262     54     18     204
263     19     6     2845
264     8     21     655
265     60     18     3306
266     61     39     412
267     25     40     294
268     49     31     2943
269     28     36     62
270     12     4     2697
271     27     49     585
272     58     47     2149
273     90     42     363
274     74     2     2205
275     61     43     81
276     35     41     689
277     70     21     1007
278     6     28     3385
279     62     48     770
280     29     42     555
281     89     45     3307
282     2     10     584
283     89     2     2564
284     74     40     579
285     74     17     1763
286     5     38     730
287     24     2     1829
288     31     5     812
289     79     8     1103
290     68     42     2008
291     78     8     487
292     2     14     1515
293     9     26     1732
294     53     1     1788
295     85     31     2573
296     7     12     858
297     44     29     525
298     2     27     2225
299     35     23     658
300     40     41     1468
