30.000     15434     14982
30.000     15409     14982
30.001     15436     14982
30.000     15409     14982
30.001     15436     14982
30.001     15436     14982
30.000     15409     14982
30.001     15436     14982
30.000     15409     14982
30.000     15434     14982
             
30.001     15921     15419
30.000     15877     15419
30.000     15928     15419
30.000     15877     15419
30.000     15928     15419
30.000     15928     15419
30.000     15877     15419
30.000     15928     15419
30.000     15877     15419
30.001     15921     15419
             
30.000     14814     14455.5
30.001     14733     14455.5
30.001     14779     14455.5
30.001     14733     14455.5
30.001     14779     14455.5
30.001     14779     14455.5
30.001     14733     14455.5
30.001     14779     14455.5
30.001     14733     14455.5
30.001     14814     14455.5
             
30.001     15932     15521.5
30.001     15964     15521.5
30.000     15922     15521.5
30.001     15964     15521.5
30.001     15964     15521.5
30.001     15964     15521.5
30.001     15964     15521.5
30.000     15922     15521.5
30.001     15964     15521.5
30.001     15964     15521.5
             
30.000     15164     14714.5
30.000     15115     14714.5
30.000     15122     14714.5
30.000     15115     14714.5
30.000     15122     14714.5
30.000     15122     14714.5
30.000     15115     14714.5
30.000     15122     14714.5
30.000     15115     14714.5
30.000     15164     14714.5
             
30.000     15384     14936
30.000     15377     14936
30.000     15368     14936
30.000     15377     14936
30.000     15377     14936
30.000     15377     14936
30.000     15377     14936
30.000     15368     14936
30.000     15377     14936
30.000     15384     14936
             
30.000     15450     14986
30.000     15537     14986
30.001     15551     14986
30.000     15537     14986
30.001     15551     14986
30.001     15551     14986
30.000     15537     14986
30.001     15551     14986
30.000     15537     14986
30.000     15537     14986
             
30.000     15194     14711
30.001     15241     14711
30.001     15243     14711
30.001     15241     14711
30.001     15243     14711
30.001     15243     14711
30.001     15241     14711
30.001     15243     14711
30.001     15241     14711
30.001     15241     14711
             
30.001     15456     14981
30.000     15497     14981
30.000     15511     14981
30.000     15497     14981
30.000     15511     14981
30.000     15511     14981
30.000     15497     14981
30.000     15511     14981
30.000     15497     14981
30.001     15497     14981
             
30.001     15997     15371
30.000     15944     15371
30.000     15988     15371
30.000     15944     15371
30.000     15988     15371
30.000     15988     15371
30.000     15944     15371
30.000     15988     15371
30.000     15944     15371
30.001     15997     15371
             
