50.069      3310    3307.5
50.065      3315    3307.5
50.081      3316    3307.5
50.034      3310    3307.5
50.04      3316    3307.5
50.069      3310    3307.5
50.065      3315    3307.5
50.081      3316    3307.5
50.034      3315    3307.5
50.04      3316    3307.5

50.05      3246    3233.5
50.096      3237    3233.5
50.071      3246    3233.5
50.034      3246    3233.5
50.065      3246    3233.5
50.05      3246    3233.5
50.096      3237    3233.5
50.071      3246    3233.5
50.034      3246    3233.5
50.065      3246    3233.5

50.034      3320      3319
50.009      3320      3319
50.081      3321      3319
50.065      3322      3319
50.007      3321      3319
50.034      3320      3319
50.009      3322      3319
50.081      3321      3319
50.065      3322      3319
50.007      3321      3319

50.081      3345    3330.5
50.034      3345    3330.5
50.049      3345    3330.5
50.055      3346    3330.5
50.065      3345    3330.5
50.081      3345    3330.5
50.034      3346    3330.5
50.049      3345    3330.5
50.055      3346    3330.5
50.065      3345    3330.5

50.049      3296      3294
50.003      3296      3294
50.039      3296      3294
50.081      3295      3294
50.08      3296      3294
50.049      3296      3294
50.003      3296      3294
50.039      3296      3294
50.081      3295      3294
50.08      3296      3294

50.055      3287      3276
50.034      3293      3276
50.065      3285      3276
50.081      3284      3276
50.023      3288      3276
50.055      3287      3276
50.034      3287      3276
50.065      3285      3276
50.081      3284      3276
50.023      3288      3276

50.002      3280      3278
50.081      3279      3278
50.054      3279      3278
50.05      3280      3278
50.065      3280      3278
50.002      3280      3278
50.081      3279      3278
50.054      3279      3278
50.05      3280      3278
50.065      3280      3278

50.081      3296      3294
50.04      3299      3294
50.096      3304      3294
50.065      3296      3294
50.081      3302      3294
50.081      3299      3294
50.04      3299      3294
50.096      3304      3294
50.065      3296      3294
50.081      3302      3294

50.054      3343      3334
50.049      3343      3334
50.034      3336      3334
50.054      3343      3334
50.065      3341      3334
50.054      3343      3334
50.049      3343      3334
50.034      3336      3334
50.054      3341      3334
50.065      3341      3334

50.081      3239    3236.5
50.081      3239    3236.5
50.039      3239    3236.5
50.096      3239    3236.5
50.065      3239    3236.5
50.081      3239    3236.5
50.081      3239    3236.5
50.039      3239    3236.5
50.096      3239    3236.5
50.065      3239    3236.5

