1     60     47     11168
2     103     34     4605
3     82     29     12847
4     157     19     2898
5     62     6     13917
6     98     4     2007
7     106     10     19169
8     51     42     3453
9     90     35     15232
10     101     41     884
11     176     22     4558
12     142     26     16884
13     70     48     3936
14     106     44     18610
15     193     32     1461
16     34     13     16836
17     150     20     91
18     154     35     5384
19     150     31     15209
20     154     4     3942
21     88     45     6543
22     124     23     9731
23     195     4     15436
24     61     40     1861
25     140     9     17
26     102     28     14907
27     1     4     3296
28     111     4     14568
29     19     23     1157
30     26     17     14048
31     162     28     1102
32     56     20     9756
33     110     6     11541
34     78     14     2641
35     32     7     17542
36     77     36     3099
37     34     34     17440
38     99     17     635
39     137     36     10431
40     141     49     4780
41     26     36     3689
42     14     15     15602
43     169     6     2272
44     2     24     15805
45     29     26     3125
46     125     2     6850
47     55     17     16621
48     110     6     44
49     162     1     17389
50     19     44     2739
51     91     26     12526
52     122     22     885
53     64     15     9939
54     151     46     4824
55     74     34     8504
56     165     9     13314
57     56     7     4028
58     140     17     9859
59     159     20     1632
60     26     26     7081
61     61     37     19413
62     52     47     3974
63     159     40     18100
64     131     46     3807
65     25     17     15110
66     9     43     1953
67     23     39     10692
68     95     5     1360
69     43     36     2618
70     101     1     7880
71     117     17     4347
72     153     44     9219
73     1     2     15466
74     33     36     1099
75     118     32     10115
76     1     8     750
77     166     46     2643
78     77     6     708
79     5     4     8402
80     166     15     1059
81     166     26     19157
82     2     49     3119
83     126     47     3106
84     124     23     12377
85     129     31     3895
86     42     45     16641
87     144     11     3479
88     10     41     15051
89     108     38     1341
90     109     46     820
91     52     22     7838
92     113     11     11300
93     11     16     2721
94     41     15     16462
95     50     21     1027
96     172     18     13298
97     127     48     2513
98     183     38     7560
99     130     35     4195
100     110     22     7940
101     66     43     11380
102     100     47     942
103     127     27     15362
104     115     24     1002
105     173     25     8891
106     79     12     12185
107     72     11     261
108     174     42     14413
109     92     39     1878
110     19     6     6700
111     47     15     9224
112     142     40     7060
113     45     46     10260
114     45     9     2133
115     85     29     13423
116     196     41     933
117     66     11     17964
118     52     23     2292
119     32     4     9546
120     66     21     15209
121     62     31     2186
122     103     35     11437
123     189     29     2734
124     120     17     4213
125     169     23     6182
126     91     5     937
127     48     11     10967
128     106     41     2668
129     108     17     14575
130     97     11     4664
131     169     40     17586
132     26     48     2076
133     137     17     2552
134     153     14     13255
135     177     6     2108
136     113     36     5431
137     24     9     5453
138     147     38     17662
139     95     3     3762
140     58     23     7846
141     134     33     15375
142     100     1     2809
143     31     17     12566
144     123     8     2712
145     24     43     13798
146     101     43     1157
147     7     27     7664
148     19     36     1322
149     191     12     3909
150     68     33     16386
151     71     15     3094
152     79     38     5717
153     65     19     5117
154     84     43     8337
155     174     31     9270
156     33     15     2040
157     173     21     2170
158     140     37     1334
159     28     43     18513
160     188     28     618
161     106     11     16905
162     126     44     1933
163     188     14     1351
164     9     32     5078
165     185     9     9771
166     57     16     13487
167     120     14     199
168     182     36     18915
169     68     1     3271
170     34     30     8510
171     71     8     14016
172     132     10     2901
173     12     31     14272
174     61     42     104
175     91     37     14868
176     4     39     3892
177     146     22     1917
178     57     41     10870
179     48     36     4862
180     41     33     7011
181     140     29     365
182     118     19     1096
183     48     14     17248
184     177     34     4323
185     168     44     2989
186     9     41     11650
187     197     48     845
188     189     38     14064
189     61     31     2326
190     38     36     11691
191     31     10     2195
192     138     38     17955
193     138     27     4311
194     177     7     6846
195     11     16     16395
196     103     10     835
197     135     25     18241
198     42     27     1481
199     89     46     14048
200     16     26     4694
201     42     42     14219
202     56     36     1270
203     79     24     19457
204     116     38     1037
205     4     7     1467
206     175     9     3977
207     129     8     19206
208     169     2     721
209     171     28     11854
210     28     47     811
211     81     28     5889
212     90     25     7324
213     140     7     16602
214     177     38     4246
215     127     44     4159
216     10     32     918
217     67     20     10731
218     193     46     3962
219     188     42     10228
220     184     32     3534
221     105     32     8216
222     64     41     604
223     150     1     7471
224     34     35     1952
225     111     13     10638
226     38     40     974
227     63     17     574
228     195     30     1401
229     165     36     17722
230     31     29     1758
231     185     33     19132
232     23     2     1632
233     89     10     4391
234     54     23     12738
235     187     21     4466
236     152     24     13317
237     159     15     2605
238     10     47     19442
239     34     29     2595
240     183     1     6081
241     162     30     3867
242     110     23     13729
243     98     19     3074
244     184     12     16155
245     20     48     1440
246     38     40     18808
247     191     34     413
248     69     2     13569
249     16     16     569
250     160     29     4097
251     9     10     2857
252     62     27     17694
253     100     48     3525
254     79     19     9136
255     72     13     3676
256     139     11     7051
257     183     42     19044
258     106     39     3175
259     17     41     9032
260     5     48     18971
261     179     9     2065
262     102     14     5142
263     123     4     7461
264     70     33     14040
265     2     17     4184
266     117     42     15893
267     89     14     1787
268     185     9     15991
269     187     28     4333
270     117     5     19158
271     29     47     2193
272     60     11     8093
273     60     44     19120
274     10     11     3225
275     154     34     409
276     39     36     16850
277     25     13     1371
278     107     10     1575
279     86     42     19300
280     41     31     4783
281     5     35     5658
282     143     23     16541
283     89     32     3360
284     49     25     5407
285     169     9     3116
286     160     28     14900
287     48     2     4676
288     174     43     4523
289     104     4     12717
290     52     4     1335
291     113     21     11677
292     127     42     1192
293     40     12     10436
294     178     23     3589
295     22     35     4369
296     49     44     12079
297     159     15     70
298     154     47     10511
299     156     12     2612
300     104     7     16599
301     30     4     2879
302     133     31     13889
303     64     32     1917
304     21     21     19277
305     70     34     2886
306     13     48     1372
307     145     21     13934
308     159     49     4300
309     191     27     14157
310     35     23     2505
311     183     19     3220
312     71     4     5462
313     66     9     4073
314     189     36     9575
315     199     48     1212
316     142     39     5519
317     99     8     3010
318     59     5     18040
319     130     38     4293
320     148     37     509
321     102     25     764
322     192     31     12460
323     179     39     1561
324     29     39     11313
325     136     37     1889
326     37     37     17430
327     194     39     3725
328     111     21     5152
329     164     36     14712
330     178     31     2309
331     69     39     1573
332     28     15     5621
333     39     10     2206
334     179     35     7950
335     107     11     6589
336     13     18     7053
337     176     45     1759
338     177     43     10010
339     171     22     4358
340     127     20     17145
341     77     42     2163
342     41     47     15942
343     31     18     3185
344     63     26     19355
345     16     42     2160
346     160     37     15887
347     184     31     4475
348     14     49     12809
349     107     37     3989
350     23     41     7585
351     106     35     8149
352     56     48     18085
353     121     8     3271
354     23     29     17957
355     68     41     1897
356     120     18     6089
357     171     13     1493
358     84     38     9569
359     3     47     6918
360     68     27     7906
361     165     43     4616
362     155     39     15321
363     45     1     3209
364     118     28     11167
365     142     11     2918
366     187     47     17361
367     18     11     1752
368     141     16     9304
369     105     6     13664
370     21     34     1382
371     109     33     7465
372     60     20     16676
373     60     16     4630
374     84     43     18641
375     155     20     3162
376     26     47     7552
377     89     40     8345
378     43     49     6787
379     40     30     10918
380     129     20     2740
381     166     33     17326
382     13     21     1324
383     41     18     2385
384     24     33     10280
385     182     9     3548
386     75     41     12837
387     15     48     1343
388     91     29     16818
389     156     34     668
390     136     41     3359
391     51     44     318
392     174     8     14973
393     38     6     2267
394     152     27     130
395     188     37     12188
396     163     15     1570
397     74     38     10622
398     57     18     637
399     81     28     4822
400     120     40     8540
401     129     20     4022
402     47     36     12606
403     82     34     2397
404     159     20     3282
405     177     3     14134
406     110     16     1359
407     45     6     13504
408     94     5     2590
409     196     1     3408
410     7     48     11092
411     157     9     2648
412     188     46     6107
413     25     16     4877
414     59     19     17056
415     30     30     949
416     67     1     9698
417     124     45     18053
418     71     36     4565
419     91     33     5846
420     161     19     16457
421     89     13     570
422     186     44     17134
423     17     48     4352
424     158     11     15072
425     189     25     3337
426     87     35     2
427     85     34     12683
428     58     27     3690
429     84     4     5884
430     159     36     7699
431     178     37     10310
432     94     34     3606
433     182     45     2986
434     167     40     5414
435     189     29     6279
436     128     40     10942
437     110     14     3740
438     174     7     11908
439     64     9     3846
440     12     3     423
441     148     9     16324
442     25     36     1381
443     83     43     1282
444     152     45     2226
445     150     42     8198
446     89     13     5130
447     63     12     12514
448     13     4     2097
449     164     47     5651
450     56     21     2452
451     51     33     16936
452     185     37     4194
453     81     4     9036
454     142     49     901
455     31     20     18875
456     43     49     1697
457     69     15     3399
458     180     23     1240
459     168     42     5966
460     130     23     12405
461     40     25     3270
462     66     31     18430
463     93     1     231
464     114     45     5477
465     162     43     17196
466     138     43     890
467     74     28     3472
468     165     19     18020
469     43     28     851
470     136     22     18391
471     8     13     1999
472     165     38     9492
473     46     23     7135
474     39     14     9542
475     39     17     17170
476     151     8     4064
477     33     12     12415
478     165     30     1926
479     57     38     6190
480     138     15     18164
481     15     1     3333
482     111     18     365
483     108     35     1700
484     95     37     7352
485     157     28     16463
486     8     13     3190
487     13     25     3129
488     27     24     11267
489     64     47     3600
490     26     15     18437
491     159     16     508
492     103     29     6207
493     104     47     9777
494     79     21     1308
495     84     14     7939
496     27     17     15303
497     174     22     3065
498     33     46     1447
499     186     40     4705
500     177     9     150
