1     39     5     12648
2     101     37     4601
3     91     7     3856
4     54     8     977
5     138     25     17621
6     112     12     1260
7     137     42     10957
8     116     43     4596
9     96     32     4143
10     133     18     20245
11     23     37     2601
12     45     2     1618
13     108     1     6850
14     162     1     8532
15     10     47     13056
16     52     44     1082
17     73     28     12124
18     105     35     4534
19     179     17     2765
20     13     32     11484
21     97     37     2317
22     55     32     15252
23     136     4     1134
24     168     39     5216
25     188     5     16363
26     37     19     2649
27     190     22     4868
28     146     26     10373
29     91     41     2311
30     84     8     15078
31     43     38     1694
32     6     45     2826
33     197     41     3399
34     89     8     3324
35     32     44     11304
36     182     32     4150
37     51     37     9683
38     112     26     7460
39     184     9     5106
40     187     43     1912
41     112     37     236
42     2     35     14629
43     20     7     4412
44     78     31     10196
45     166     43     848
46     53     15     141
47     52     28     17998
48     56     8     2524
49     42     34     12573
50     5     9     1251
51     16     42     6765
52     129     49     8378
53     40     12     19714
54     171     49     3646
55     102     3     10550
56     92     19     117
57     72     29     2380
58     22     34     3982
59     78     7     260
60     4     39     1894
61     100     41     378
62     110     12     8454
63     31     17     19620
64     187     35     836
65     130     46     1371
66     35     43     12884
67     29     17     591
68     135     32     11864
69     109     33     2818
70     196     38     115
71     73     48     16947
72     65     14     3061
73     159     26     8698
74     24     9     12205
75     196     31     4414
76     195     43     12611
77     16     9     5046
78     106     8     6865
79     155     40     3215
80     114     11     19567
81     71     18     2271
82     147     28     11558
83     131     13     3643
84     44     48     1807
85     84     38     8587
86     72     24     6140
87     99     49     4870
88     69     9     20177
89     78     26     266
90     99     19     4161
91     26     13     4765
92     67     46     15627
93     127     45     989
94     94     2     3212
95     79     49     19774
96     112     32     2758
97     177     43     16666
98     171     10     3437
99     88     28     4949
100     133     39     4630
101     43     43     12050
102     106     46     1588
103     60     39     1830
104     191     28     313
105     150     7     15565
106     197     35     239
107     164     20     7564
108     109     10     4436
109     92     39     6439
110     25     24     946
111     72     23     7048
112     58     43     6253
113     4     21     9374
114     24     40     19492
115     125     47     3773
116     98     27     7314
117     97     47     11778
118     197     1     1028
119     8     3     13642
120     64     32     800
121     183     15     11877
122     124     47     2019
123     107     13     1504
124     177     27     4493
125     52     20     19967
126     81     4     1609
127     119     27     18790
128     101     10     3729
129     140     38     7205
130     81     48     13931
131     112     29     4352
132     68     25     16961
133     19     36     707
134     175     48     17641
135     122     14     894
136     179     30     13979
137     110     6     44
138     75     13     13523
139     58     46     3729
140     19     5     5560
141     88     26     15555
142     20     40     4111
143     102     4     6237
144     175     46     15021
145     142     46     1089
146     64     45     17738
147     175     36     4997
148     193     15     12277
149     50     46     1697
150     123     42     18791
151     136     23     1002
152     137     5     16717
153     64     35     4576
154     25     3     9699
155     93     9     635
156     182     10     15604
157     147     46     20
158     79     26     16937
159     119     44     2242
160     54     7     9683
161     22     15     10541
162     138     14     3484
163     172     34     14302
164     47     28     918
165     67     30     7990
166     197     9     18312
167     122     7     4571
168     26     9     1279
169     15     38     4215
170     140     11     12117
171     69     10     245
172     7     37     5267
173     179     22     9692
174     168     49     1195
175     178     27     15058
176     33     9     4739
177     56     48     16061
178     76     44     1819
179     68     45     9544
180     9     32     11669
181     179     13     2143
182     90     28     17472
183     144     8     996
184     24     31     2753
185     182     1     3436
186     109     29     17071
187     194     28     2438
188     79     38     15851
189     180     43     872
190     178     18     13463
191     30     32     296
192     164     14     8226
193     124     41     192
194     163     31     14642
195     117     31     2589
196     172     45     10407
197     52     11     4588
198     103     26     12637
199     96     31     3583
200     53     47     752
201     154     19     18559
202     177     13     4663
203     71     5     8615
204     25     1     7070
205     43     28     18124
206     99     21     173
207     58     9     11798
208     125     47     179
209     184     26     6419
210     177     1     1615
211     146     13     1378
212     86     2     9368
213     78     22     4951
214     196     8     16074
215     76     47     2089
216     157     35     9075
217     172     14     6373
218     182     22     17892
219     169     48     278
220     161     48     4512
221     33     17     7384
222     64     36     19259
223     194     35     2881
224     22     43     7342
225     91     23     7926
226     2     17     6327
227     116     46     16173
228     99     4     3302
229     22     24     6399
230     95     9     16905
231     78     17     862
232     169     13     5023
233     186     18     12255
234     20     47     2712
235     198     39     5367
236     98     44     13120
237     56     14     3335
238     113     12     1178
239     19     36     8723
240     173     16     9578
241     79     4     19441
242     141     25     3712
243     102     14     19580
244     182     20     4586
245     115     4     18531
246     180     3     1655
247     184     14     4634
248     112     34     12888
249     180     16     2737
250     109     15     13861
251     144     1     3011
252     75     5     4308
253     15     46     14140
254     85     37     3358
255     125     29     14948
256     165     18     1795
257     59     22     14439
258     155     5     3999
259     90     31     12715
260     37     4     2880
261     22     43     6471
262     145     5     6278
263     189     19     14637
264     114     35     3224
265     82     22     4433
266     135     33     15012
267     146     41     2632
268     27     2     5026
269     167     22     11636
270     110     1     4009
271     175     32     3078
272     82     46     8646
273     49     41     601
274     164     42     7951
275     167     8     8600
276     51     19     1755
277     78     21     15503
278     109     15     881
279     119     41     18838
280     105     30     2438
281     86     11     6049
282     174     14     6246
283     197     44     19901
284     189     9     4721
285     163     9     5858
286     80     35     3711
287     55     24     6734
288     68     26     5524
289     64     8     14338
290     7     5     1434
291     36     32     3648
292     87     46     6152
293     176     18     5711
294     190     28     18042
295     23     43     1940
296     156     19     20258
297     121     47     1746
298     152     42     14415
299     87     12     3003
300     142     20     2062
301     23     35     12101
302     53     32     164
303     103     2     11555
304     169     23     1749
305     165     21     19410
306     140     6     4478
307     95     24     3727
308     62     46     17500
309     148     44     323
310     46     25     17823
311     94     1     4412
312     93     33     1720
313     171     35     4313
314     176     30     2682
315     195     41     10013
316     198     5     7336
317     158     15     17003
318     7     4     2386
319     153     35     3190
320     187     24     2262
321     62     5     328
322     20     37     19305
323     77     37     4685
324     22     32     11602
325     80     26     3987
326     81     3     9158
327     179     37     16908
328     35     1     2499
329     126     5     5756
330     70     29     4286
331     14     23     77
332     66     42     7517
333     115     9     11090
334     33     33     2962
335     120     14     5588
336     45     27     8900
337     57     48     11090
338     95     7     4527
339     167     38     17999
340     49     42     1070
341     25     19     1877
342     123     10     5045
343     44     4     1650
344     132     28     8947
345     36     37     10269
346     105     3     3372
347     110     19     9809
348     42     4     17147
349     184     37     3204
350     102     33     8316
351     15     10     1114
352     94     25     3810
353     10     38     16692
354     142     40     5028
355     160     31     17713
356     85     46     4099
357     194     23     4954
358     44     47     8242
359     91     14     356
360     29     24     9250
361     146     24     8683
362     15     37     20198
363     123     25     3799
364     26     13     7268
365     160     44     17209
366     3     40     588
367     89     12     5701
368     69     29     15170
369     97     29     191
370     197     45     10567
371     80     25     3618
372     126     22     8612
373     1     30     5246
374     25     42     989
375     61     13     14922
376     192     7     2080
377     91     31     7318
378     54     7     7189
379     164     32     1278
380     52     22     13798
381     53     47     4185
382     160     32     2865
383     159     45     303
384     170     10     14213
385     167     21     1619
386     110     45     9901
387     71     16     13820
388     159     23     738
389     139     18     7475
390     11     28     2457
391     14     10     4564
392     61     41     19430
393     75     4     4940
394     162     11     14818
395     17     33     3034
396     88     8     14382
397     62     21     736
398     53     2     1246
399     119     14     2288
400     80     40     9898
401     148     36     1566
402     133     1     401
403     92     40     4227
404     68     4     1915
405     166     41     18542
406     197     4     2333
407     25     32     17972
408     192     18     4194
409     67     26     2298
410     151     45     16784
411     188     40     4492
412     49     14     19560
413     190     5     333
414     111     30     1490
415     144     35     6516
416     127     23     17282
417     128     13     1106
418     129     44     16944
419     167     46     1730
420     103     23     3905
421     194     7     13972
422     4     45     1961
423     149     28     17086
424     197     44     1504
425     114     3     16383
426     71     21     3264
427     19     47     6980
428     109     16     9326
429     198     37     9473
430     132     49     10626
431     18     40     1919
432     170     13     3934
433     4     7     10046
434     179     11     16974
435     130     45     1862
436     21     6     450
437     170     42     9896
438     108     49     17362
439     96     13     112
440     60     18     7921
441     169     14     1463
442     88     13     1182
443     103     12     14248
444     123     34     555
445     62     5     4402
446     18     5     12331
447     159     18     4024
448     139     17     1104
449     10     14     8351
450     191     5     12423
451     168     37     2643
452     15     46     13436
453     64     41     2467
454     120     25     15329
455     99     1     2046
456     13     33     10210
457     2     4     1726
458     3     4     15555
459     91     24     3609
460     141     5     7358
461     35     48     12874
462     41     37     689
463     118     15     17623
464     197     28     2124
465     115     13     14704
466     75     14     5031
467     62     30     8403
468     7     49     2672
469     31     34     1878
470     48     11     843
471     33     41     13909
472     15     23     4258
473     184     49     1226
474     184     12     12419
475     79     42     3668
476     188     16     15891
477     161     42     4758
478     94     6     10668
479     138     29     2613
480     104     27     15639
481     67     43     2417
482     161     34     17313
483     107     35     2221
484     71     31     6339
485     13     44     15002
486     99     30     1103
487     13     20     18084
488     126     49     3226
489     155     41     17584
490     195     19     4753
491     141     3     1789
492     4     1     10503
493     24     31     1365
494     159     33     15395
495     3     43     2901
496     94     27     2268
497     69     10     5974
498     164     18     14918
499     68     22     583
500     128     49     2822
