1     98     85     1017
2     39     73     33
3     92     59     899
4     59     195     70
5     17     173     372
6     97     123     603
7     28     152     179
8     65     150     972
9     64     114     247
10     79     116     611
11     99     54     59
12     99     183     899
13     35     51     47
14     96     79     906
15     12     185     141
16     24     172     516
17     94     100     115
18     75     55     639
19     11     54     243
20     29     127     4
21     36     65     36
22     41     44     365
23     2     160     540
24     12     152     197
25     85     3     469
26     34     78     1021
27     84     97     45
28     11     132     700
29     16     146     241
30     91     184     349
31     46     81     981
32     59     109     4
33     10     2     239
34     63     75     944
35     71     41     36
36     15     20     635
37     91     160     185
38     8     92     555
39     43     146     138
40     16     21     481
41     24     54     367
42     63     161     229
43     4     9     824
44     27     141     228
45     84     137     390
46     99     63     453
47     80     169     2
48     52     186     1019
49     32     190     121
50     76     112     176
51     96     178     297
52     64     62     160
53     92     25     306
54     86     121     832
55     64     87     45
56     58     54     867
57     33     144     23
58     76     73     838
59     24     183     139
60     54     94     507
61     89     150     588
62     89     85     208
63     79     196     703
64     84     103     211
65     70     56     10
66     12     105     843
67     31     24     83
68     1     199     754
69     49     116     21
70     5     130     312
71     27     74     795
72     9     34     160
73     55     161     444
74     1     35     294
75     1     114     731
76     21     183     24
77     10     44     894
78     29     114     104
79     33     167     514
80     75     139     169
81     28     152     657
82     26     112     95
83     61     158     414
84     27     34     859
85     91     150     200
86     36     20     67
87     27     115     639
88     83     28     140
89     38     98     971
90     95     159     156
91     64     170     398
92     18     127     886
93     92     26     88
94     96     186     20
95     68     68     74
96     15     173     479
97     37     3     398
98     66     163     796
99     93     4     148
100     54     79     677
