10.006     1849     1790.8
10.004     1860     1790.8
10.004     1860     1790.8
10.006     1849     1790.8
10.006     1860     1790.8
10.006     1860     1790.8
10.006     1849     1790.8
10.004     1860     1790.8
10.004     1860     1790.8
10.006     1860     1790.8
             
10.001     2029     1931.8
10.007     2027     1931.8
10.007     2027     1931.8
10.001     2029     1931.8
10.007     2029     1931.8
10.007     2029     1931.8
10.001     2029     1931.8
10.007     2027     1931.8
10.007     2027     1931.8
10.007     2029     1931.8
             
10.001     1923     1849.4
10.009     1932     1849.4
10.009     1932     1849.4
10.001     1923     1849.4
10.009     1932     1849.4
10.009     1932     1849.4
10.001     1923     1849.4
10.009     1932     1849.4
10.009     1932     1849.4
10.009     1932     1849.4
             
10.008     2075     1960
10.006     2070     1960
10.006     2070     1960
10.008     2075     1960
10.008     2075     1960
10.008     2075     1960
10.008     2075     1960
10.006     2070     1960
10.006     2070     1960
10.008     2075     1960
             
10.008     1797     1738.2
10.007     1814     1738.2
10.007     1814     1738.2
10.008     1797     1738.2
10.008     1814     1738.2
10.008     1814     1738.2
10.008     1797     1738.2
10.007     1814     1738.2
10.007     1814     1738.2
10.008     1814     1738.2
             
10.005     2059     1908.8
10.001     2084     1908.8
10.001     2084     1908.8
10.005     2059     1908.8
10.005     2084     1908.8
10.005     2084     1908.8
10.005     2059     1908.8
10.001     2084     1908.8
10.001     2084     1908.8
10.005     2084     1908.8
             
10.004     2108     1996
10.006     2089     1996
10.006     2089     1996
10.004     2108     1996
10.006     2108     1996
10.006     2108     1996
10.004     2108     1996
10.006     2089     1996
10.006     2089     1996
10.006     2108     1996
             
10.008     1860     1788.2
10.003     1898     1788.2
10.003     1898     1788.2
10.008     1860     1788.2
10.008     1898     1788.2
10.008     1898     1788.2
10.008     1860     1788.2
10.003     1898     1788.2
10.003     1898     1788.2
10.008     1898     1788.2
             
10.010     1901     1843
10.004     1895     1843
10.004     1895     1843
10.010     1901     1843
10.010     1901     1843
10.010     1901     1843
10.010     1901     1843
10.004     1895     1843
10.004     1895     1843
10.010     1901     1843
             
10.003     1943     1871.4
10.001     1940     1871.4
10.001     1940     1871.4
10.003     1943     1871.4
10.003     1943     1871.4
10.003     1943     1871.4
10.003     1943     1871.4
10.001     1940     1871.4
10.001     1940     1871.4
10.003     1943     1871.4
             
