10.001     1848     1790.8
10.001     1859     1790.8
10.001     1859     1790.8
10.001     1848     1790.8
10.001     1859     1790.8
10.001     1859     1790.8
10.001     1848     1790.8
10.001     1859     1790.8
10.001     1859     1790.8
10.001     1859     1790.8
             
10.001     2009     1931.8
10.001     2007     1931.8
10.001     2007     1931.8
10.001     2009     1931.8
10.001     2009     1931.8
10.001     2009     1931.8
10.001     2009     1931.8
10.001     2007     1931.8
10.001     2007     1931.8
10.001     2009     1931.8
             
10.001     1932     1849.4
10.001     1937     1849.4
10.001     1937     1849.4
10.001     1932     1849.4
10.001     1937     1849.4
10.001     1937     1849.4
10.001     1932     1849.4
10.001     1937     1849.4
10.001     1937     1849.4
10.001     1937     1849.4
             
10.001     2069     1960
10.001     2069     1960
10.001     2069     1960
10.001     2069     1960
10.001     2069     1960
10.001     2069     1960
10.001     2069     1960
10.001     2069     1960
10.001     2069     1960
10.001     2069     1960
             
10.001     1792     1738.2
10.001     1798     1738.2
10.001     1798     1738.2
10.001     1792     1738.2
10.001     1798     1738.2
10.001     1798     1738.2
10.001     1792     1738.2
10.001     1798     1738.2
10.001     1798     1738.2
10.001     1798     1738.2
             
10.001     2054     1908.8
10.001     2074     1908.8
10.001     2074     1908.8
10.001     2054     1908.8
10.001     2074     1908.8
10.001     2074     1908.8
10.001     2054     1908.8
10.001     2074     1908.8
10.001     2074     1908.8
10.001     2074     1908.8
             
10.001     2084     1996
10.001     2086     1996
10.001     2086     1996
10.001     2084     1996
10.001     2086     1996
10.001     2086     1996
10.001     2084     1996
10.001     2086     1996
10.001     2086     1996
10.001     2086     1996
             
10.001     1879     1788.2
10.001     1899     1788.2
10.001     1899     1788.2
10.001     1879     1788.2
10.001     1899     1788.2
10.001     1899     1788.2
10.001     1879     1788.2
10.001     1899     1788.2
10.001     1899     1788.2
10.001     1899     1788.2
             
10.001     1898     1843
10.001     1896     1843
10.001     1896     1843
10.001     1898     1843
10.001     1898     1843
10.001     1898     1843
10.001     1898     1843
10.001     1896     1843
10.001     1896     1843
10.001     1898     1843
             
10.001     1941     1871.4
10.001     1940     1871.4
10.001     1940     1871.4
10.001     1941     1871.4
10.001     1941     1871.4
10.001     1941     1871.4
10.001     1941     1871.4
10.001     1940     1871.4
10.001     1940     1871.4
10.001     1941     1871.4
             
