1        4        2       19
2        3        9        3
3       10        1       19
4        6        4       53
5       15        7       50
6        3        6        4
7        6        9       53
8       14        2        2
9       13        7       25
10        6        7       48
11        4        2       22
12        8        8       31
13       15        3       15
14        5        6       53
15        7        7       43
16       11        9       30
17        7        7        7
18       13        7       20
19       10        7       39
20        5        9       34
21        6        3       18
22       10        8       54
23        9        6       22
24       15        1       37
25        4        3       41
26       11        2       51
27        7        4       31
28        8        3       20
29        3        1       54
30       12        9       34
31       11        1       38
32       10        5       39
33       14        2       22
34       10        5        2
35        5        1       34
36       13        3       47
37       15        4       23
38       10        6       45
39       11        5       26
40        6        9        7
41        6        6        5
42       15        4       21
43       15        7       37
44        9        8       27
45        5        4       14
46       14        7       51
47        7        2        6
48        4        9       31
49       14        7       42
50       10        9       53
51        8        1       10
52        8        4       12
53       14        2        8
54        3        2       15
55        5        2       11
56       12        7       27
57        5        6       54
58        9        6        8
59        8        7        5
60        6        5       18
61       14        9       40
62        9        5       42
63       11        7       13
64        3        6       52
65        7        9       51
66        9        9        5
67        3        2       33
68        8        1       24
69       10        3       41
70        8        4       17
71       13        7       46
72        8        2       52
73        7        3       31
74       12        7       11
75       15        7       39
76       15        1       47
77        6        5       54
78       12        3       56
79       10        7       25
80       12        1       48
81       10        7       27
82        4        9       37
83       11        3       22
84        3        6       44
85        9        9        8
86       13        4       35
87        4        4       42
88        5        2        4
89       11        3        0
90       14        7       44
91        4        8       16
92        7        9       17
93        3        2       29
94       15        6       38
95       15        5       18
96        9        3        3
97        7        9       20
98        3        1       23
99        9        7       41
100       12        6       19
