1        8        8       78
2        5        4       69
3        8        3       20
4        7        1       45
5       11        5       77
6        9        8       67
7       15        5       37
8        8        1       40
9       15        9       12
10        6        6       21
11        9        4       67
12       13        7       79
13       11        4       20
14       12        3      100
15        3        2       95
16        7        5       35
17        9        4       34
18       13        1       58
19        8        2       91
20        7        4       88
21       13        4       83
22        8        7       58
23        7        1       21
24       10        3       71
25       11        6       35
26        4        2       31
27       10        5       90
28       15        5       14
29        3        5       10
30       14        8       84
31        5        3       59
32        7        7       51
33        8        7       29
34        4        7       32
35        9        8        4
36       10        1       18
37       14        4       90
38        4        6      110
39       14        6       53
40        8        6       97
41        7        9       37
42        6        7       26
43       14        6       90
44       10        9      108
45       11        4      104
46        7        8       41
47       14        1       61
48        8        7       80
49        9        2       79
50       12        4      100
51       12        8       27
52        8        2       62
53       11        4       24
54       15        4       49
55        8        8       40
56       11        4        5
57        5        3       94
58       11        6       99
59       11        8       48
60       14        9       85
61       15        9       97
62        3        4       58
63       13        7      105
64       12        3       21
65        6        9       36
66        5        8       64
67       12        7       51
68        3        5       48
69        4        6       45
70        8        1       69
71        6        5        8
72        3        6       38
73        5        7       17
74       12        1       58
75        3        2       61
76        6        9       32
77       14        8       36
78        8        3        2
79       13        6       92
80        5        5       46
81        9        7       28
82        9        6       11
83       11        2        9
84        7        3       38
85       13        1       57
86        5        3      105
87        9        6       49
88        7        7      106
89        9        1      100
90       14        4       31
91        5        3       98
92       11        9       87
93        9        6       91
94       12        6       29
95       13        6       34
96       13        2       87
97        4        9       40
98        4        8       81
99       12        4       25
100       12        2       84
