1       13        3       29
2        7        9        6
3       13        4        6
4       14        4       13
5       14        1       46
6        6        6       24
7        9        5       11
8        9        8       33
9        9        8       48
10       10        5       10
11       14        1        5
12       13        2       53
13        3        1       46
14        3        8       37
15       14        3        6
16       14        7       49
17       11        5       16
18       10        3       43
19       12        5       22
20       12        9       53
21        7        3       35
22       10        3       37
23        7        5       50
24        8        4       43
25       12        6       23
26        5        4       28
27        7        9       23
28        4        3       12
29        3        2       42
30        9        3       22
31        4        2       29
32       10        8       24
33       10        1        6
34       14        9       16
35       12        7       18
36        8        2       37
37        9        3       21
38        4        9       16
39        9        1       23
40       10        4       11
41        8        8       32
42       11        3        3
43       10        5       25
44        7        4       20
45        7        3       50
46       11        4       51
47       15        2       39
48       12        1       43
49       13        6       11
50        3        9       12
51        4        2       11
52       14        9       50
53        6        2       25
54       11        7       52
55        7        9       54
56        6        8       42
57       14        3       20
58        6        9       33
59        3        3       21
60       10        9       50
61        3        8        4
62        7        6       48
63       12        3        9
64        3        5       26
65        5        8       53
66        8        3       14
67       10        5       46
68        7        3       26
69       13        2        2
70        4        1       39
71        4        2       11
72        8        6       11
73        8        7       16
74        4        7       16
75        4        8       27
76        6        8        4
77        3        5       30
78       10        3       11
79        7        2       22
80        5        6       17
81       15        5       48
82       12        8        3
83        4        4       13
84        5        4       23
85        6        8       47
86        8        4       25
87       10        8       35
88        6        2       24
89       15        6       26
90       13        5       19
91        6        1       29
92       14        8       23
93        3        1       22
94       15        1        7
95       11        8       50
96       15        4       43
97       12        7       39
98        6        8       49
99        5        9       31
100        7        4       22
