20.001     5005     4928.5
20.003     5006     4928.5
20.003     5006     4928.5
20.001     5005     4928.5
20.003     5006     4928.5
20.003     5006     4928.5
20.001     5005     4928.5
20.003     5006     4928.5
20.003     5006     4928.5
20.003     5006     4928.5
             
20.003     5159     5011.5
20.002     5159     5011.5
20.002     5159     5011.5
20.003     5159     5011.5
20.003     5159     5011.5
20.003     5159     5011.5
20.003     5159     5011.5
20.002     5159     5011.5
20.002     5159     5011.5
20.003     5159     5011.5
             
20.002     5308     5135.5
20.004     5308     5135.5
20.004     5308     5135.5
20.002     5308     5135.5
20.004     5308     5135.5
20.004     5308     5135.5
20.002     5308     5135.5
20.004     5308     5135.5
20.004     5308     5135.5
20.004     5308     5135.5
             
20.003     5095     4995.5
20.002     5095     4995.5
20.002     5095     4995.5
20.003     5095     4995.5
20.003     5095     4995.5
20.003     5095     4995.5
20.003     5095     4995.5
20.002     5095     4995.5
20.002     5095     4995.5
20.003     5095     4995.5
             
20.002     4950     4848
20.001     4925     4848
20.001     4925     4848
20.002     4950     4848
20.002     4950     4848
20.002     4950     4848
20.002     4950     4848
20.001     4925     4848
20.001     4925     4848
20.002     4950     4848
             
20.002     4944     4845.5
20.002     4944     4845.5
20.002     4944     4845.5
20.002     4944     4845.5
20.002     4944     4845.5
20.002     4944     4845.5
20.002     4944     4845.5
20.002     4944     4845.5
20.002     4944     4845.5
20.002     4944     4845.5
             
20.002     5032     4955
20.002     5032     4955
20.002     5032     4955
20.002     5032     4955
20.002     5032     4955
20.002     5032     4955
20.002     5032     4955
20.002     5032     4955
20.002     5032     4955
20.002     5032     4955
             
20.004     5574     5328.5
20.003     5574     5328.5
20.003     5574     5328.5
20.004     5574     5328.5
20.004     5574     5328.5
20.004     5574     5328.5
20.004     5574     5328.5
20.003     5574     5328.5
20.003     5574     5328.5
20.004     5574     5328.5
             
20.001     4801     4750
20.001     4801     4750
20.001     4801     4750
20.001     4801     4750
20.001     4801     4750
20.001     4801     4750
20.001     4801     4750
20.001     4801     4750
20.001     4801     4750
20.001     4801     4750
             
20.003     5080     4982
20.003     5080     4982
20.003     5080     4982
20.003     5080     4982
20.003     5080     4982
20.003     5080     4982
20.003     5080     4982
20.003     5080     4982
20.003     5080     4982
20.003     5080     4982
             
