1       11        8       33
2       11        7       83
3        7        6       15
4        7        7       40
5        9        1       42
6        8        2       29
7        6        4       58
8        4        9       52
9        7        3       46
10       13        4       99
11       13        1        7
12       14        6       71
13       11        9      113
14       10        2      125
15       15        4      106
16        9        5       48
17       14        3       45
18        6        8       41
19        9        3       24
20        8        1       19
21        7        7       84
22       10        6       75
23        9        1       38
24       12        3       38
25        5        8      113
26       14        1       40
27       12        3       62
28        8        3      111
29        3        3       19
30        4        2       46
31        7        4       79
32       14        6       56
33        3        1       80
34        9        1       39
35        4        9       61
36        5        6      113
37       10        4      124
38       10        3      112
39       15        9       28
40       13        4       81
41       11        6       45
42       13        3      123
43       14        1      127
44        7        5       27
45        4        8      106
46       13        5      121
47       15        6       36
48        8        3        6
49       13        6       81
50        5        1        9
51        5        5        2
52       10        1       77
53       11        6       87
54       15        7       71
55       13        1       88
56       15        8       32
57       11        9        8
58       15        8      127
59       13        4       68
60        8        9      108
61       15        5       16
62        5        3       18
63        7        7        4
64        8        4      120
65        4        3      115
66       13        2       62
67        8        4       28
68       13        5       67
69       12        2       43
70        3        6       22
71       11        9      121
72        9        7      104
73        8        1       23
74        3        3       74
75       10        3       39
76        6        7       74
77       14        6       51
78        6        2       57
79        9        9       77
80        7        5       55
81       14        2       53
82       15        7       11
83        3        6       59
84       15        2        6
85        7        2       45
86       15        2      106
87        4        3       56
88       10        1       14
89        4        2      110
90       11        4       57
91        5        5       28
92       10        8       56
93        7        6       70
94       15        2       62
95       11        7       76
96       12        7      115
97        4        4        6
98        9        7       71
99       11        2       33
100        7        9       80
