1     51     11     8957
2     12     52     1691
3     35     195     7457
4     18     145     887
5     75     112     3606
6     61     73     4372
7     96     174     3544
8     13     105     7713
9     46     43     323
10     88     39     577
11     45     84     494
12     33     75     3703
13     1     99     6398
14     86     55     1203
15     74     22     6409
16     69     120     1516
17     13     119     7712
18     25     95     1353
19     42     106     9407
20     45     174     317
21     82     104     332
22     93     155     5230
23     61     70     538
24     10     43     4488
25     10     147     5103
26     89     33     50
27     23     189     3186
28     25     156     3799
29     83     28     2339
30     58     194     4339
31     30     142     9677
32     28     128     2193
33     14     148     4978
34     59     189     2243
35     64     162     7785
36     1     171     2286
37     47     159     1654
38     80     69     2675
39     28     74     8273
40     32     120     2350
41     43     137     1025
42     36     72     6064
43     30     119     998
44     94     152     4961
45     60     169     703
46     63     154     6901
47     87     7     1425
48     99     7     4169
49     31     184     2736
50     86     31     8353
51     31     17     980
52     44     24     9677
53     19     174     404
54     14     176     9473
55     74     105     1381
56     71     53     3524
57     85     2     5325
58     1     177     1051
59     26     94     8621
60     26     60     2348
61     47     69     6463
62     72     1     1732
63     77     30     6251
64     27     12     368
65     65     13     9775
66     6     38     975
67     69     67     4109
68     79     18     6969
69     47     143     1287
70     91     49     9521
71     15     92     2128
72     13     13     7568
73     91     36     1566
74     76     74     1140
75     16     59     4734
76     18     169     3090
77     4     105     2595
78     56     76     1779
79     20     51     6339
80     72     152     2420
81     54     107     4440
82     88     109     7357
83     26     90     1253
84     4     23     1575
85     75     13     1319
86     80     111     6371
87     34     125     1731
88     2     37     7220
89     27     190     1195
90     4     176     1770
91     39     89     6862
92     48     79     1177
93     17     106     7972
94     34     120     263
95     57     33     8441
96     22     102     2320
97     59     44     499
98     93     128     5622
99     24     116     1175
100     65     119     1256
101     11     15     5414
102     55     89     1079
103     96     189     9047
104     77     179     1841
105     53     167     9876
106     27     86     938
107     74     26     4571
108     12     23     3591
109     62     83     6937
110     88     124     1549
111     48     94     465
112     92     40     9476
113     43     92     2366
114     46     185     9832
115     69     68     67
116     57     30     2255
117     7     10     8056
118     80     160     1148
119     63     165     882
120     30     116     7670
121     15     11     1701
122     11     77     850
123     2     23     2753
124     39     75     1862
125     4     38     3601
126     96     170     6995
127     96     108     1190
128     34     123     8671
129     62     64     2271
130     16     36     1596
131     94     147     4926
132     10     118     8076
133     64     165     1720
134     85     67     3231
135     13     141     5041
136     74     194     2090
137     32     36     5003
138     83     40     2366
139     20     66     5746
140     63     59     1595
141     36     79     3976
142     27     2     5382
143     89     7     2292
144     64     186     7887
145     55     30     1147
146     45     105     6076
147     89     77     2341
148     94     182     9439
149     38     76     2059
150     52     175     9237
151     48     18     1780
152     54     142     4941
153     86     159     108
154     77     60     6065
155     89     25     1084
156     37     108     1024
157     57     35     5992
158     46     194     2340
159     59     184     4637
160     64     57     5953
161     36     160     69
162     11     67     6250
163     39     81     1655
164     53     10     9294
165     48     131     407
166     85     197     3106
167     70     91     2347
168     56     2     1980
169     48     133     2118
170     18     184     2893
171     93     49     1317
172     54     147     213
173     34     121     9831
174     59     69     769
175     3     98     1623
176     53     154     9418
177     18     41     719
178     61     170     444
179     51     148     2500
180     6     168     775
181     76     100     4250
182     87     140     5766
183     59     138     2378
184     45     76     8941
185     76     5     1991
186     84     9     6422
187     28     179     2097
188     18     93     5738
189     71     171     2196
190     4     99     1620
191     38     197     1853
192     50     171     9156
193     2     44     1022
194     6     14     2104
195     94     192     6764
196     81     42     796
197     80     3     7372
198     42     131     1488
199     58     112     6694
200     97     3     1112
