1     40     123     95
2     59     57     1006
3     43     103     1475
4     31     63     159
5     5     31     1954
6     13     17     397
7     28     123     260
8     29     81     1933
9     47     61     207
10     64     69     2357
11     55     102     396
12     19     158     676
13     88     25     1421
14     60     1     29
15     78     59     1891
16     83     39     161
17     78     86     2396
18     60     102     540
19     31     20     661
20     48     149     2315
21     7     70     335
22     60     141     522
23     96     142     877
24     68     180     1595
25     9     111     569
26     91     48     169
27     35     27     146
28     71     118     2305
29     13     48     477
30     36     62     1685
31     53     118     508
32     25     174     884
33     43     45     918
34     4     12     658
35     93     85     597
36     55     73     1499
37     4     142     219
38     26     20     893
39     80     72     439
40     33     88     571
41     49     54     515
42     22     16     679
43     56     100     2318
44     75     123     412
45     90     127     2072
46     6     165     161
47     84     94     1874
48     12     20     59
49     93     66     1121
50     11     93     115
51     10     178     2345
52     44     148     116
53     75     153     2445
54     43     133     174
55     40     193     1395
56     21     11     529
57     15     170     1603
58     96     134     285
59     14     121     1650
60     47     121     446
61     29     171     1692
62     53     103     527
63     56     25     2255
64     88     95     479
65     8     84     524
66     14     114     1499
67     99     166     520
68     45     162     644
69     58     66     1563
70     49     174     115
71     84     61     667
72     65     155     1219
73     92     117     1942
74     18     57     447
75     90     181     1553
76     49     25     557
77     1     81     1646
78     83     186     267
79     65     114     2185
80     21     189     572
81     72     12     1502
82     54     164     80
83     8     100     1474
84     5     30     462
85     64     135     1200
86     94     18     1922
87     68     181     154
88     41     199     117
89     90     64     1919
90     59     23     427
91     65     17     401
92     37     147     664
93     42     44     1329
94     72     121     215
95     64     34     2263
96     25     6     263
97     41     39     633
98     94     48     915
99     85     77     856
100     88     11     1684
