30.487     11783     11527.2
30.254     11782     11527.2
30.222     11779     11527.2
30.204     11836     11527.2
30.204     11783     11527.2
30.204     11783     11527.2
30.204     11836     11527.2
30.222     11779     11527.2
30.254     11782     11527.2
30.254     11782     11527.2
             
30.361     12316     11968
30.221     12269     11968
30.221     12269     11968
30.283     12279     11968
30.283     12279     11968
30.283     12279     11968
30.283     12279     11968
30.221     12269     11968
30.221     12269     11968
30.221     12269     11968
             
30.173     12552     11943.4
30.377     12551     11943.4
30.254     12522     11943.4
30.082     12585     11943.4
30.127     12585     11943.4
30.127     12585     11943.4
30.082     12585     11943.4
30.254     12522     11943.4
30.377     12551     11943.4
30.173     12551     11943.4
             
30.345     12316     12048.4
30.220     12308     12048.4
30.128     12312     12048.4
30.003     12322     12048.4
30.128     12308     12048.4
30.128     12308     12048.4
30.003     12322     12048.4
30.128     12312     12048.4
30.220     12308     12048.4
30.220     12308     12048.4
             
30.127     12366     12130.2
30.314     12401     12130.2
30.269     12390     12130.2
30.142     12395     12130.2
30.142     12403     12130.2
30.142     12403     12130.2
30.142     12395     12130.2
30.269     12390     12130.2
30.314     12401     12130.2
30.127     12366     12130.2
             
30.018     12518     12148.4
30.049     12514     12148.4
30.049     12514     12148.4
30.254     12553     12148.4
30.254     12553     12148.4
30.254     12553     12148.4
30.254     12553     12148.4
30.049     12514     12148.4
30.049     12514     12148.4
30.018     12514     12148.4
             
30.204     12066     11717.6
30.064     12100     11717.6
30.064     12100     11717.6
30.204     12066     11717.6
30.204     12100     11717.6
30.204     12100     11717.6
30.204     12066     11717.6
30.064     12100     11717.6
30.064     12100     11717.6
30.064     12066     11717.6
             
30.052     12578     12080.8
30.093     12539     12080.8
30.033     12539     12080.8
30.361     12544     12080.8
30.361     12544     12080.8
30.361     12544     12080.8
30.361     12544     12080.8
30.033     12539     12080.8
30.093     12539     12080.8
30.052     12539     12080.8
             
30.424     12050     11663.2
30.113     11995     11663.2
30.113     11995     11663.2
30.051     12070     11663.2
30.113     12070     11663.2
30.113     12070     11663.2
30.051     12070     11663.2
30.113     11995     11663.2
30.113     11995     11663.2
30.113     11995     11663.2
             
30.283     12394     12131
30.003     12403     12131
30.363     12397     12131
30.064     12399     12131
30.093     12394     12131
30.093     12394     12131
30.064     12399     12131
30.363     12397     12131
30.003     12403     12131
30.003     12394     12131
             
