30.034     11944     11527.2
30.033     11999     11527.2
30.017     11952     11527.2
30.033     12033     11527.2
30.033     12033     11527.2
30.033     12033     11527.2
30.033     12033     11527.2
30.017     11952     11527.2
30.033     11999     11527.2
30.034     11999     11527.2
             
30.018     12423     11968
30.050     12384     11968
30.017     12423     11968
30.003     12415     11968
30.017     12423     11968
30.017     12423     11968
30.003     12415     11968
30.017     12423     11968
30.050     12384     11968
30.050     12423     11968
             
30.018     12731     11943.4
30.033     12744     11943.4
30.019     12738     11943.4
30.019     12739     11943.4
30.033     12739     11943.4
30.033     12739     11943.4
30.019     12739     11943.4
30.019     12738     11943.4
30.033     12744     11943.4
30.033     12744     11943.4
             
30.019     12558     12048.4
30.028     12439     12048.4
30.063     12547     12048.4
30.035     12459     12048.4
30.063     12547     12048.4
30.063     12547     12048.4
30.035     12459     12048.4
30.063     12547     12048.4
30.028     12439     12048.4
30.028     12558     12048.4
             
30.048     12584     12130.2
30.019     12478     12130.2
30.050     12590     12130.2
30.001     12590     12130.2
30.050     12590     12130.2
30.050     12590     12130.2
30.001     12590     12130.2
30.050     12590     12130.2
30.019     12478     12130.2
30.048     12584     12130.2
             
30.033     12790     12148.4
30.031     12737     12148.4
30.002     12652     12148.4
30.018     12647     12148.4
30.018     12652     12148.4
30.018     12652     12148.4
30.018     12647     12148.4
30.002     12652     12148.4
30.031     12737     12148.4
30.033     12790     12148.4
             
30.034     12437     11717.6
30.001     12428     11717.6
30.035     12393     11717.6
30.001     12466     11717.6
30.016     12466     11717.6
30.016     12466     11717.6
30.001     12466     11717.6
30.035     12393     11717.6
30.001     12428     11717.6
30.034     12437     11717.6
             
30.002     12730     12080.8
30.015     12747     12080.8
30.016     12656     12080.8
30.021     12706     12080.8
30.021     12748     12080.8
30.021     12748     12080.8
30.021     12706     12080.8
30.016     12656     12080.8
30.015     12747     12080.8
30.015     12747     12080.8
             
30.034     12174     11663.2
30.034     12226     11663.2
30.002     12213     11663.2
30.001     12175     11663.2
30.050     12175     11663.2
30.050     12175     11663.2
30.001     12175     11663.2
30.002     12213     11663.2
30.034     12226     11663.2
30.034     12226     11663.2
             
30.033     12527     12131
30.019     12553     12131
30.031     12600     12131
30.001     12507     12131
30.031     12600     12131
30.031     12600     12131
30.001     12507     12131
30.031     12600     12131
30.019     12553     12131
30.033     12553     12131
             
