1     9     116     7076
2     30     122     19
3     36     82     4721
4     37     64     36
5     12     89     868
6     13     168     6941
7     34     17     821
8     44     138     5672
9     15     2     408
10     39     78     4603
11     6     147     751
12     9     132     7242
13     1     143     1435
14     15     7     4316
15     22     146     88
16     1     83     1285
17     23     57     7022
18     32     77     454
19     23     58     3106
20     28     22     6546
21     6     9     19
22     18     70     2614
23     24     16     4333
24     19     98     281
25     38     104     3300
26     5     39     451
27     8     15     6896
28     18     131     999
29     29     78     3995
30     22     86     499
31     20     179     6945
32     11     164     480
33     28     19     3305
34     25     47     2687
35     42     38     1106
36     30     39     2237
37     25     100     5850
38     43     118     354
39     13     57     3317
40     29     60     6837
41     25     24     603
42     2     158     5775
43     44     25     1118
44     37     99     6505
45     26     172     1180
46     11     56     6909
47     45     111     1704
48     44     93     3136
49     8     88     4031
50     20     21     516
51     34     73     6070
52     40     76     1180
53     29     126     5450
54     36     77     775
55     46     41     1338
56     34     51     6937
57     11     38     1609
58     30     139     3721
59     49     8     765
60     47     43     4716
61     42     158     502
62     27     169     5623
63     33     147     394
64     29     116     6348
65     12     166     893
66     38     151     4837
67     20     67     1308
68     31     143     3449
69     45     153     5325
70     7     93     1605
71     12     142     3502
72     33     70     3552
73     47     48     5253
74     37     132     1098
75     39     194     2234
76     40     194     4857
77     20     5     1461
78     33     64     5210
79     13     77     189
80     16     105     2440
81     5     166     5822
82     47     175     457
83     38     92     2215
84     38     91     3562
85     41     138     2310
86     11     22     2641
87     7     8     1896
88     18     3     4702
89     10     114     1587
90     3     12     1943
91     26     23     417
92     42     132     3172
93     8     171     6381
94     13     89     717
95     7     82     657
96     5     181     4978
97     25     5     686
98     34     32     3287
99     39     36     154
100     18     33     1262
101     1     92     5270
102     1     99     1592
103     20     99     7347
104     34     160     929
105     49     43     3936
106     27     48     1441
107     19     102     3220
108     30     59     6523
109     9     15     21
110     34     90     1482
111     22     103     4753
112     20     55     1221
113     15     143     7311
114     37     106     723
115     41     89     662
116     30     20     7150
117     45     158     892
118     22     108     4665
119     38     25     986
120     48     18     3178
121     5     127     6259
122     19     150     1477
123     25     170     6824
124     8     44     1791
125     25     176     2982
126     20     174     1532
127     43     25     3531
128     37     184     6327
129     24     5     1236
130     3     163     1375
131     16     167     3549
132     22     177     7325
133     17     160     798
134     10     61     346
135     23     149     5978
136     17     171     338
137     28     116     3053
138     19     105     112
139     7     72     6326
140     3     95     788
141     19     10     4225
142     47     179     1148
143     45     178     1706
144     33     123     2777
145     19     103     6067
146     35     179     108
147     12     120     5030
148     42     25     1071
149     4     140     6785
150     43     152     1600
151     24     109     2851
152     39     151     568
153     33     107     2014
154     31     144     6811
155     22     106     490
156     11     177     3275
157     37     138     2193
158     35     151     6916
159     16     105     1811
160     49     85     4834
161     41     58     1529
162     8     177     2444
163     41     7     2528
164     12     14     6239
165     26     50     255
166     29     25     1654
167     43     124     5560
168     20     120     171
169     22     67     5277
170     32     72     426
171     26     164     175
172     47     116     1992
173     18     38     2267
174     12     117     4416
175     38     174     1378
176     5     44     7219
177     45     73     442
178     2     75     809
179     22     31     4997
180     23     69     1717
181     5     61     6856
182     1     33     270
183     5     30     2903
184     12     56     4256
185     41     196     927
186     36     90     773
187     28     107     5782
188     24     96     866
189     1     15     5376
190     10     188     104
191     12     84     3331
192     1     51     6027
193     30     53     1457
194     11     179     1607
195     38     35     6074
196     9     1     1579
197     29     35     5756
198     11     39     1380
199     29     134     3486
200     24     197     3321
201     11     129     6645
202     20     12     290
203     12     158     7297
204     38     21     323
205     29     143     1314
206     30     29     2236
207     18     88     4747
208     23     66     1653
209     48     52     2523
210     14     80     6606
211     7     177     666
212     45     87     154
213     8     86     681
214     44     107     5642
215     25     136     616
216     5     78     2668
217     33     173     317
218     10     188     5954
219     44     192     817
220     43     189     3796
221     5     140     955
222     38     181     984
223     12     24     5049
224     1     112     899
225     39     10     3217
226     15     151     407
227     6     154     3172
228     27     177     6210
229     32     85     975
230     43     124     7240
231     10     122     460
232     1     89     2141
233     3     137     4199
234     19     135     263
235     38     32     1178
236     44     187     1410
237     37     88     1674
238     3     56     148
239     15     83     5498
240     10     148     374
241     25     1     1563
242     20     17     3870
243     39     185     190
244     25     145     2443
245     22     150     530
246     21     190     6743
247     11     62     1479
248     24     37     3276
249     38     195     1246
250     27     134     423
251     27     193     4447
252     24     146     97
253     36     94     185
254     25     152     7207
255     49     75     902
256     36     151     2960
257     29     8     1900
258     9     93     2171
259     28     193     4070
260     46     45     713
261     26     87     4330
262     47     55     1468
263     6     114     5135
264     20     186     885
265     40     51     5029
266     19     95     1324
267     1     116     702
268     41     118     5943
269     35     48     1532
270     29     133     1915
271     45     177     2697
272     9     12     4595
273     13     107     282
274     20     196     6773
275     43     197     579
276     16     189     159
277     39     30     6597
278     3     63     500
279     44     176     6201
280     37     63     186
281     44     32     3254
282     40     60     1211
283     24     185     2697
284     45     112     2858
285     14     122     3078
286     47     2     528
287     1     148     6517
288     17     142     641
289     8     89     4742
290     28     30     464
291     20     2     6563
292     37     85     1419
293     41     117     7195
294     31     126     769
295     22     32     6942
296     13     143     1651
297     12     19     3116
298     8     183     2850
299     11     25     2609
300     3     105     5189
