30.036     7783     7635
30.003     7777     7635
30.003     7777     7635
30.036     7783     7635
30.036     7783     7635
30.036     7783     7635
30.036     7783     7635
30.003     7777     7635
30.003     7777     7635
30.036     7783     7635
             
30.002     7805     7449
30.017     7826     7449
30.017     7826     7449
30.002     7805     7449
30.017     7826     7449
30.017     7826     7449
30.002     7805     7449
30.017     7826     7449
30.017     7826     7449
30.017     7826     7449
             
30.048     7944     7750
30.033     7956     7750
30.033     7956     7750
30.048     7944     7750
30.048     7956     7750
30.048     7956     7750
30.048     7944     7750
30.033     7956     7750
30.033     7956     7750
30.048     7956     7750
             
30.017     7561     7367
30.001     7545     7367
30.001     7545     7367
30.017     7561     7367
30.017     7561     7367
30.017     7561     7367
30.017     7561     7367
30.001     7545     7367
30.001     7545     7367
30.017     7561     7367
             
30.034     8373     7912
30.034     8373     7912
30.034     8373     7912
30.034     8373     7912
30.034     8373     7912
30.034     8373     7912
30.034     8373     7912
30.034     8373     7912
30.034     8373     7912
30.034     8373     7912
             
30.002     7427     7212
30.003     7427     7212
30.003     7427     7212
30.002     7427     7212
30.003     7427     7212
30.003     7427     7212
30.002     7427     7212
30.003     7427     7212
30.003     7427     7212
30.003     7427     7212
             
30.003     7816     7815
30.035     7816     7815
30.035     7816     7815
30.003     7816     7815
30.035     7816     7815
30.035     7816     7815
30.003     7816     7815
30.035     7816     7815
30.035     7816     7815
30.035     7816     7815
             
30.033     7877     7755
30.033     7906     7755
30.033     7906     7755
30.033     7877     7755
30.033     7906     7755
30.033     7906     7755
30.033     7877     7755
30.033     7906     7755
30.033     7906     7755
30.033     7906     7755
             
30.017     7971     7749
30.005     7930     7749
30.005     7930     7749
30.017     7971     7749
30.017     7971     7749
30.017     7971     7749
30.017     7971     7749
30.005     7930     7749
30.005     7930     7749
30.017     7971     7749
             
30.034     7433     7326
30.003     7433     7326
30.003     7433     7326
30.034     7433     7326
30.034     7433     7326
30.034     7433     7326
30.034     7433     7326
30.003     7433     7326
30.003     7433     7326
30.034     7433     7326
             
