30.003     7720     7635
30.003     7717     7635
30.003     7717     7635
30.003     7720     7635
30.003     7720     7635
30.003     7720     7635
30.003     7720     7635
30.003     7717     7635
30.003     7717     7635
30.003     7720     7635
             
30.004     7783     7449
30.002     7807     7449
30.002     7807     7449
30.004     7783     7449
30.004     7807     7449
30.004     7807     7449
30.004     7783     7449
30.002     7807     7449
30.002     7807     7449
30.004     7807     7449
             
30.003     7908     7750
30.002     7948     7750
30.002     7948     7750
30.003     7908     7750
30.003     7948     7750
30.003     7948     7750
30.003     7908     7750
30.002     7948     7750
30.002     7948     7750
30.003     7948     7750
             
30.003     7523     7367
30.001     7519     7367
30.001     7519     7367
30.003     7523     7367
30.003     7523     7367
30.003     7523     7367
30.003     7523     7367
30.001     7519     7367
30.001     7519     7367
30.003     7523     7367
             
30.005     8306     7912
30.002     8328     7912
30.002     8328     7912
30.005     8306     7912
30.005     8328     7912
30.005     8328     7912
30.005     8306     7912
30.002     8328     7912
30.002     8328     7912
30.005     8328     7912
             
30.001     7371     7212
30.006     7388     7212
30.006     7388     7212
30.001     7371     7212
30.006     7388     7212
30.006     7388     7212
30.001     7371     7212
30.006     7388     7212
30.006     7388     7212
30.006     7388     7212
             
30.002     7816     7815
30.002     7816     7815
30.002     7816     7815
30.002     7816     7815
30.002     7816     7815
30.002     7816     7815
30.002     7816     7815
30.002     7816     7815
30.002     7816     7815
30.002     7816     7815
             
30.003     7863     7755
30.003     7863     7755
30.003     7863     7755
30.003     7863     7755
30.003     7863     7755
30.003     7863     7755
30.003     7863     7755
30.003     7863     7755
30.003     7863     7755
30.003     7863     7755
             
30.002     7922     7749
30.004     7919     7749
30.004     7919     7749
30.002     7922     7749
30.004     7922     7749
30.004     7922     7749
30.002     7922     7749
30.004     7919     7749
30.004     7919     7749
30.004     7922     7749
             
30.002     7413     7326
30.005     7422     7326
30.005     7422     7326
30.002     7413     7326
30.005     7422     7326
30.005     7422     7326
30.002     7413     7326
30.005     7422     7326
30.005     7422     7326
30.005     7422     7326
             
