1     116     11     372
2     167     13     54
3     175     25     240
4     104     7     336
5     130     47     106
6     62     33     306
7     127     47     346
8     1     46     264
9     115     49     467
10     60     16     24
11     104     30     474
12     114     29     151
13     162     48     354
14     162     7     619
15     110     26     29
16     97     4     311
17     87     25     410
18     134     5     24
19     85     1     279
20     84     41     70
21     181     13     464
22     146     11     44
23     65     3     269
24     169     2     107
25     118     22     211
26     18     37     373
27     158     40     16
28     134     49     51
29     142     35     373
30     68     32     33
31     181     3     306
32     172     24     44
33     52     39     434
34     22     37     68
35     150     23     663
36     172     47     14
37     156     10     327
38     101     30     182
39     165     14     75
40     128     27     358
41     74     20     433
42     135     42     73
43     36     27     595
44     76     13     15
45     119     43     231
46     132     7     385
47     83     2     37
48     186     23     619
49     188     11     139
50     73     40     414
