1     189     12     520
2     42     24     90
3     85     46     422
4     9     36     63
5     153     26     235
6     173     46     504
7     47     17     7
8     136     45     204
9     186     33     164
10     17     44     97
11     59     34     586
12     73     10     93
13     143     35     166
14     57     31     222
15     71     12     382
16     173     43     9
17     96     11     160
18     43     29     377
19     150     11     134
20     128     38     417
21     136     9     9
22     174     44     413
23     167     22     94
24     45     15     439
25     82     49     1
26     139     8     25
27     42     9     362
28     140     9     122
29     39     32     302
30     44     28     489
31     65     17     46
32     138     24     572
33     158     30     100
34     80     24     187
35     134     45     124
36     73     46     50
37     116     7     536
38     32     46     96
39     101     31     128
40     101     25     408
41     81     23     55
42     39     41     403
43     41     35     46
44     176     44     494
45     117     48     106
46     184     11     353
47     14     3     56
48     35     25     161
49     101     28     218
50     61     31     459
