1     18     119     735
2     47     174     379
3     39     109     1927
4     5     89     51
5     52     52     1173
6     44     106     408
7     94     52     316
8     92     154     489
9     16     130     697
10     32     184     1169
11     13     192     461
12     93     123     89
13     6     122     1778
14     61     47     170
15     76     77     645
16     31     154     1104
17     21     128     257
18     70     196     733
19     62     185     387
20     86     87     736
21     15     151     1814
22     71     134     179
23     52     93     689
24     62     193     709
25     78     150     1972
26     90     154     190
27     45     111     1670
28     70     143     233
29     96     145     913
30     29     15     1388
31     41     42     219
32     53     49     812
33     30     48     470
34     94     123     1572
35     70     117     265
36     19     168     1831
37     53     44     200
38     64     131     863
39     61     128     1965
40     38     188     161
41     31     6     1208
42     63     5     301
43     1     16     662
44     33     197     1757
45     99     125     311
46     48     173     178
47     42     58     76
48     37     186     272
49     47     152     1713
50     31     47     463
51     23     196     1722
52     11     150     279
53     17     106     1276
54     78     149     402
55     84     113     631
56     34     72     355
57     79     66     589
58     12     157     1556
59     41     103     178
60     47     194     1319
61     77     88     364
62     25     56     1755
63     90     151     342
64     21     119     95
65     22     63     493
66     14     121     507
67     42     7     1517
68     36     23     435
69     82     78     673
70     55     3     1028
71     98     169     423
72     72     178     929
73     48     160     529
74     4     65     553
75     97     112     1781
76     70     26     1
77     59     75     686
78     13     80     1724
79     5     174     316
80     39     194     149
81     36     118     1547
82     52     171     300
83     54     110     224
84     2     37     1472
85     96     86     116
86     11     25     1162
87     87     126     164
88     83     56     210
89     36     100     1937
90     58     132     365
91     60     15     794
92     56     177     465
93     56     45     913
94     19     37     1786
95     41     29     229
96     69     12     1341
97     94     161     437
98     96     90     831
99     40     136     985
100     46     133     14
