1     19     79     1716
2     90     199     428
3     85     11     337
4     5     108     1051
5     34     109     334
6     79     126     982
7     4     95     1575
8     13     190     65
9     21     95     118
10     64     141     1943
11     81     176     226
12     4     107     308
13     56     177     1540
14     24     8     59
15     56     70     1035
16     48     144     268
17     93     115     606
18     79     80     1038
19     28     176     214
20     57     189     1514
21     7     190     87
22     97     167     922
23     36     35     904
24     62     2     1358
25     59     54     465
26     38     172     1419
27     77     170     207
28     81     172     942
29     81     165     1261
30     95     188     20
31     19     54     1798
32     35     37     190
33     46     73     397
34     12     21     1877
35     47     176     236
36     41     157     1810
37     86     136     266
38     92     63     1723
39     8     40     204
40     32     167     215
41     70     54     1073
42     12     129     198
43     53     169     1437
44     6     79     49
45     99     82     1211
46     61     9     186
47     61     102     710
48     11     129     802
49     39     169     878
50     61     88     194
51     86     119     1380
52     86     146     313
53     87     68     1717
54     17     112     276
55     82     136     576
56     53     124     862
57     70     172     645
58     25     66     851
59     40     77     1608
60     9     151     344
61     11     167     171
62     30     108     40
63     57     72     269
64     57     135     1492
65     8     39     48
66     14     6     1131
67     86     138     262
68     52     15     411
69     16     41     1346
70     82     140     308
71     54     114     1529
72     97     53     320
73     9     42     1079
74     47     144     151
75     56     68     726
76     59     8     334
77     49     118     162
78     85     4     1935
79     9     119     190
80     61     159     144
81     22     25     517
82     99     161     1763
83     26     88     149
84     11     160     121
85     86     140     1001
86     4     176     357
87     50     40     745
88     81     180     57
89     42     189     1176
90     63     135     303
91     85     23     1200
92     49     18     334
93     73     50     1750
94     58     151     308
95     67     168     255
96     79     178     55
97     26     199     964
98     18     179     1579
99     4     14     169
100     42     154     342
