1     18     27     2787
2     39     56     443
3     71     145     2346
4     70     131     894
5     16     142     848
6     18     53     1235
7     83     11     2192
8     34     9     196
9     79     52     3055
10     70     38     371
11     28     27     3308
12     61     162     899
13     91     190     3610
14     16     107     456
15     85     103     2203
16     80     33     176
17     9     83     1631
18     67     62     324
19     27     184     1835
20     79     157     1179
21     74     5     1185
22     58     158     56
23     85     185     1463
24     83     92     1633
25     84     129     2889
26     84     135     563
27     80     21     2868
28     48     78     458
29     86     133     1683
30     2     36     1315
31     30     150     3485
32     48     112     24
33     38     47     111
34     10     144     1241
35     13     149     1672
36     72     85     3852
37     76     21     923
38     12     166     1598
39     29     107     1400
40     49     197     483
41     23     171     1429
42     73     160     3689
43     65     52     712
44     32     198     2780
45     2     25     947
46     74     164     2727
47     4     103     149
48     8     124     2212
49     66     16     382
50     64     77     3670
51     19     117     811
52     98     45     3087
53     35     98     637
54     44     74     2643
55     26     116     946
56     96     88     2327
57     58     152     44
58     30     127     3088
59     64     73     852
60     7     77     3268
61     29     175     51
62     52     162     3713
63     64     181     900
64     56     187     729
65     19     96     3498
66     94     111     912
67     36     31     697
68     15     124     2594
69     6     107     257
70     80     181     2999
71     10     73     123
72     81     89     309
73     19     34     1382
74     31     169     3872
75     58     109     228
76     31     182     2790
77     33     31     471
78     53     84     2925
79     21     159     687
80     66     24     1701
81     31     126     3405
82     55     118     324
83     64     153     1833
84     24     77     3814
85     30     32     521
86     4     160     2628
87     74     93     610
88     75     195     1538
89     29     151     2083
90     3     38     33
91     41     114     2001
92     41     162     278
93     97     102     2811
94     36     25     287
95     44     126     1050
96     63     143     1339
97     61     175     3429
98     3     55     701
99     36     77     2494
100     42     170     395
101     77     77     1366
102     39     29     3416
103     4     69     427
104     62     192     2011
105     37     156     736
106     88     176     2469
107     58     37     231
108     42     119     3586
109     63     181     629
110     15     48     50
111     69     134     2959
112     97     83     915
113     67     173     887
114     34     85     3017
115     16     44     639
116     57     153     839
117     9     105     2957
118     83     7     947
119     86     173     3236
120     82     148     830
121     28     164     2003
122     37     17     559
123     32     112     3232
124     42     32     50
125     58     167     3173
126     64     82     38
127     35     76     720
128     73     164     2222
129     45     73     583
130     32     61     2418
131     47     177     161
132     73     176     2852
133     39     191     921
134     86     165     3022
135     20     37     158
136     15     102     1640
137     72     84     806
138     75     93     1847
139     62     123     1970
140     35     199     561
141     32     110     628
142     86     137     2306
143     82     16     855
144     84     67     3131
145     30     98     900
146     5     90     1905
147     79     78     2322
148     44     49     771
149     36     148     1901
150     23     155     597
151     56     146     718
152     59     16     2566
153     62     142     238
154     86     144     996
155     40     117     2202
156     74     69     769
157     11     178     840
158     79     161     3039
159     56     90     360
160     9     27     1095
161     91     92     794
162     63     56     3566
163     52     50     192
164     63     117     3320
165     92     2     344
166     41     131     2960
167     36     154     436
168     2     101     2656
169     57     3     739
170     19     150     1065
171     72     191     1656
172     47     103     638
173     89     146     2805
174     35     187     529
175     58     3     191
176     75     146     1908
177     27     73     2470
178     27     108     531
179     76     96     3105
180     6     39     524
181     40     103     1175
182     23     40     2793
183     89     193     772
184     35     111     2293
185     72     23     964
186     58     130     542
187     81     3     90
188     68     86     3053
189     6     77     63
190     51     65     2288
191     6     93     620
192     36     91     2018
193     74     81     177
194     40     3     3833
195     16     138     963
196     44     104     3732
197     83     151     376
198     5     49     1137
199     54     46     2884
200     75     96     606
201     62     113     3136
202     75     6     587
203     33     179     73
204     62     53     2978
205     47     196     945
206     97     164     2856
207     43     108     527
208     91     144     1185
209     7     59     937
210     91     10     2306
211     51     192     736
212     72     47     142
213     72     14     1261
214     27     14     1227
215     64     30     817
216     92     63     1676
217     23     186     329
218     13     8     3367
219     55     107     9
220     76     99     2243
221     82     89     299
222     69     142     1983
223     56     32     352
224     26     186     747
225     70     164     1253
226     50     39     2985
227     88     29     808
228     63     98     3216
229     25     169     948
230     85     22     3173
231     77     11     136
232     84     104     3653
233     81     130     52
234     37     157     3503
235     62     193     783
236     59     55     3715
237     12     158     724
238     57     107     2504
239     36     61     417
240     61     97     2520
241     18     101     135
242     61     162     1170
243     76     67     2692
244     97     34     938
245     68     153     781
246     38     133     1885
247     6     80     3180
248     78     106     711
249     94     81     380
250     78     44     2860
251     57     95     457
252     34     110     1020
253     94     129     1672
254     59     162     305
255     69     74     2864
256     70     79     339
257     20     93     2024
258     31     196     883
259     36     64     2006
260     82     105     421
261     89     115     2865
262     21     28     259
263     34     165     2027
264     61     90     256
265     47     20     3344
266     60     12     687
267     26     124     3741
268     99     101     173
269     84     140     13
270     96     80     2419
271     83     48     162
272     6     127     2000
273     63     101     197
274     71     146     3586
275     2     171     671
276     50     15     3861
277     44     183     915
278     84     42     3847
279     64     182     88
280     64     33     1860
281     55     104     142
282     23     162     2108
283     89     25     903
284     14     52     2053
285     40     24     693
286     70     44     3031
287     73     177     959
288     6     145     2288
289     20     71     415
290     56     59     3126
291     54     24     856
292     32     81     2278
293     70     33     522
294     80     67     1695
295     76     152     1770
296     30     40     1540
297     77     169     1189
298     56     4     2229
299     74     181     218
300     97     135     2072
