1     2     143     2057
2     89     136     490
3     1     15     809
4     95     50     679
5     24     129     84
6     35     5     579
7     63     164     1654
8     54     39     67
9     35     161     1622
10     55     85     2904
11     18     4     754
12     74     192     2381
13     69     107     238
14     7     101     48
15     11     120     3356
16     70     170     321
17     48     129     2457
18     16     36     835
19     38     164     2157
20     2     97     889
21     64     31     1561
22     67     90     100
23     65     32     1701
24     13     186     27
25     46     88     2861
26     46     118     417
27     48     67     1737
28     34     133     78
29     65     123     632
30     40     154     2017
31     66     38     193
32     30     69     3284
33     58     70     28
34     98     94     3702
35     8     86     597
36     8     51     3390
37     29     140     237
38     63     176     3180
39     27     33     521
40     58     114     846
41     54     70     2764
42     83     50     940
43     41     81     2228
44     1     181     539
45     98     19     3756
46     11     9     906
47     96     171     2992
48     89     193     94
49     29     56     3230
50     23     28     514
51     93     55     3188
52     20     170     174
53     43     131     478
54     67     156     637
55     34     76     1667
56     72     44     1216
57     58     147     3677
58     13     70     194
59     98     163     2157
60     25     197     694
61     72     94     2075
62     58     143     147
63     10     7     1342
64     74     151     1347
65     6     127     87
66     69     180     753
67     33     97     2324
68     51     193     671
69     9     8     3156
70     96     12     347
71     90     42     3291
72     66     82     343
73     23     181     1461
74     38     60     3771
75     34     175     288
76     52     54     3191
77     3     194     328
78     96     139     880
79     34     12     3220
80     69     56     722
81     32     14     2923
82     54     17     913
83     44     198     3528
84     32     109     540
85     72     58     2477
86     78     145     388
87     14     42     140
88     74     160     3017
89     6     21     589
90     1     91     1742
91     36     22     2622
92     99     22     757
93     38     72     2856
94     20     15     90
95     32     148     2503
96     78     104     764
97     40     176     3646
98     56     98     454
99     79     46     2910
100     59     14     230
101     53     192     74
102     5     79     1308
103     60     22     909
104     96     92     3106
105     20     107     637
106     29     152     656
107     40     73     1075
108     83     168     2475
109     68     97     362
110     23     178     1591
111     44     155     1589
112     73     139     1655
113     89     163     1421
114     11     48     3673
115     94     89     655
116     90     41     1971
117     64     62     101
118     27     189     3304
119     54     97     183
120     51     50     1207
121     78     66     1869
122     45     19     3117
123     18     170     670
124     54     39     3679
125     68     21     417
126     51     101     1307
127     92     69     1691
128     89     108     166
129     33     98     1075
130     30     88     368
131     98     28     3492
132     6     29     807
133     45     171     2188
134     7     149     852
135     95     190     1748
136     53     139     1731
137     90     58     2780
138     18     120     3
139     82     1     3358
140     87     42     426
141     47     7     3430
142     61     163     341
143     1     32     2385
144     31     99     745
145     80     31     618
146     12     46     3407
147     54     93     348
148     30     42     3739
149     47     117     317
150     75     197     3385
151     38     194     737
152     51     142     1568
153     39     129     501
154     74     80     2981
155     4     186     374
156     1     22     3679
157     68     83     887
158     45     108     3722
159     27     20     630
160     9     35     2093
161     27     2     528
162     66     51     1178
163     90     148     1332
164     28     191     5
165     10     118     851
166     57     187     2315
167     3     36     800
168     26     79     805
169     44     50     2164
170     20     27     227
171     19     147     1543
172     76     42     3384
173     87     36     388
174     12     3     3767
175     93     199     722
176     30     163     3607
177     63     168     211
178     13     195     118
179     29     62     642
180     68     70     882
181     23     90     1334
182     10     116     993
183     73     1     1512
184     97     121     988
185     61     172     1617
186     61     118     2747
187     31     12     492
188     29     84     193
189     98     13     2543
190     2     68     0
191     22     31     1786
192     72     154     3714
193     90     169     198
194     10     116     994
195     3     142     451
196     33     77     3651
197     35     94     715
198     59     46     2894
199     21     2     398
200     18     112     80
