1     27     15     3459
2     67     23     219
3     3     46     3474
4     54     40     284
5     89     45     2573
6     51     3     5081
7     21     8     291
8     71     19     6016
9     25     20     43
10     87     31     3415
11     8     1     1447
12     70     49     2396
13     38     24     4100
14     79     1     532
15     23     13     4770
16     76     26     1501
17     21     35     5268
18     31     31     22
19     54     21     5005
20     49     12     963
21     65     37     1090
22     61     5     4020
23     66     3     253
24     99     23     3752
25     93     14     657
26     78     1     4823
27     53     30     1035
28     32     37     3762
29     21     21     1032
30     48     7     2713
31     94     25     1511
32     70     25     5470
33     48     6     962
34     18     24     3526
35     2     11     1135
36     81     38     346
37     36     11     5634
38     19     12     1496
39     42     41     1602
40     80     33     5442
41     14     5     1082
42     39     33     700
43     96     11     3306
44     52     47     952
45     9     9     1046
46     1     41     3831
47     82     10     1249
48     62     38     3413
49     12     34     516
50     16     15     2156
51     66     12     4165
52     84     15     393
53     47     40     2157
54     89     36     4419
55     57     25     695
56     3     32     4243
57     36     20     246
58     68     38     4858
59     88     45     165
60     79     31     5411
61     36     14     798
62     30     9     3995
63     4     47     703
64     60     16     2953
65     75     47     54
66     48     23     2027
67     61     16     6114
68     17     4     44
69     51     13     2649
70     69     30     4408
71     49     14     843
72     71     25     2209
73     10     27     4729
74     14     39     117
75     48     39     5977
76     41     18     327
77     1     36     4710
78     37     25     1424
79     90     43     1451
80     86     18     4621
81     10     36     1462
82     4     5     1608
83     86     29     4709
84     76     47     819
85     57     31     4699
86     60     20     823
87     50     32     1613
88     44     45     5049
89     38     5     1018
90     12     20     3365
91     53     38     1201
92     77     21     2247
93     20     8     413
94     56     8     4660
95     13     42     675
96     58     37     2740
97     87     1     3650
98     15     38     553
99     80     43     258
100     16     32     716
101     62     10     2867
102     64     12     2064
103     65     28     5050
104     62     35     1198
105     61     48     3784
106     95     19     92
107     35     31     3255
108     74     38     1369
109     39     25     5985
110     41     47     271
111     92     44     1687
112     92     19     5181
113     50     44     1300
114     83     26     5438
115     38     46     1061
116     19     34     1010
117     12     11     5123
118     84     20     821
119     3     2     3974
120     85     22     428
121     70     36     5352
122     91     26     532
123     98     20     3199
124     88     18     593
125     98     5     583
126     59     20     1370
127     8     40     1605
128     3     14     2209
129     49     26     638
130     58     8     3864
131     33     12     210
132     61     1     758
133     82     38     386
134     64     49     2413
135     21     36     3754
136     26     42     1259
137     2     12     627
138     63     9     1109
139     98     25     205
140     14     15     3770
141     99     48     745
142     57     38     5226
143     52     28     163
144     25     15     3036
145     45     30     3749
146     14     9     1138
147     49     42     2778
148     84     18     4421
149     62     10     1358
150     54     10     2137
151     65     47     755
152     60     36     2687
153     44     10     1691
154     27     34     1543
155     45     23     6061
156     9     31     1466
157     8     49     4194
158     82     4     639
159     19     12     6102
160     55     18     203
161     79     9     2075
162     70     46     4297
163     22     14     1364
164     85     36     5773
165     54     33     869
166     81     33     2559
167     80     10     5581
168     45     16     1203
169     40     47     5979
170     99     47     1459
171     72     42     4400
172     84     42     1368
173     4     39     1840
174     61     33     192
175     50     42     3250
176     62     34     1020
177     28     2     2226
178     39     1     5103
179     68     22     183
180     84     8     3450
181     64     13     1266
182     26     26     1925
183     38     25     3444
184     71     40     1492
185     44     1     5798
186     13     41     1215
187     89     11     1969
188     65     46     6023
189     71     27     1219
190     57     28     1917
191     25     35     683
192     77     37     3263
193     26     21     1268
194     93     13     2175
195     36     10     4151
196     21     41     476
197     3     9     2456
198     43     17     683
199     78     14     567
200     27     9     2034
201     16     9     3515
202     46     32     220
203     71     14     2444
204     11     5     5626
205     83     31     1259
206     80     43     5938
207     70     6     755
208     44     49     1485
209     92     24     2394
210     2     47     766
211     88     7     4729
212     69     31     1481
213     96     28     3135
214     96     18     1400
215     75     28     2057
216     66     19     5839
217     36     2     808
218     33     26     2896
219     63     20     2339
220     9     20     5832
221     89     17     688
222     77     9     4867
223     55     15     1439
224     71     3     4843
225     23     47     1381
226     74     3     1825
227     92     30     1157
228     61     10     5847
229     2     13     1159
230     40     49     4927
231     26     49     1108
232     14     9     5608
233     93     21     1293
234     46     37     1822
235     22     49     695
236     48     28     2523
237     24     7     5884
238     8     23     370
239     49     6     2974
240     48     2     1518
241     84     43     5974
242     65     48     465
243     86     4     1738
244     27     22     4037
245     89     7     1040
246     46     40     597
247     36     25     395
248     68     9     1746
249     27     10     3795
250     28     26     1280
251     43     16     4877
252     33     49     1524
253     97     5     4381
254     81     14     460
255     44     36     4316
256     81     48     668
257     3     44     4042
258     29     11     398
259     28     33     3046
260     82     22     3431
261     95     24     171
262     99     46     4644
263     96     7     416
264     55     19     3147
265     55     5     323
266     28     9     3925
267     46     31     1075
268     31     33     2001
269     33     41     732
270     60     37     5910
271     10     1     297
272     78     1     3205
273     5     28     1307
274     47     14     4252
275     14     3     1388
276     93     45     1102
277     65     20     3999
278     50     49     1453
279     52     25     382
280     5     2     3269
281     87     13     30
282     38     45     4251
283     69     2     1153
284     14     35     2151
285     45     13     3711
286     19     20     1001
287     7     19     1070
288     90     22     4318
289     56     46     599
290     88     10     1912
291     9     6     4030
292     67     10     750
293     39     21     3941
294     86     22     198
295     11     26     5340
296     56     7     711
297     2     24     3073
298     2     4     1229
299     38     1     713
300     32     3     4838
