30.001     6239     6210
30.017     6239     6210
30.017     6239     6210
30.001     6239     6210
30.017     6239     6210
30.017     6239     6210
30.001     6239     6210
30.017     6239     6210
30.017     6239     6210
30.017     6239     6210
             
30.011     6227     6175
30.040     6227     6175
30.040     6227     6175
30.011     6227     6175
30.040     6227     6175
30.040     6227     6175
30.011     6227     6175
30.040     6227     6175
30.040     6227     6175
30.040     6227     6175
             
30.004     6224     5964.6
30.047     6235     5964.6
30.047     6235     5964.6
30.004     6224     5964.6
30.047     6235     5964.6
30.047     6235     5964.6
30.004     6224     5964.6
30.047     6235     5964.6
30.047     6235     5964.6
30.047     6235     5964.6
             
30.019     6455     6280
30.033     6455     6280
30.033     6455     6280
30.019     6455     6280
30.033     6455     6280
30.033     6455     6280
30.019     6455     6280
30.033     6455     6280
30.033     6455     6280
30.033     6455     6280
             
30.049     6124     5976
30.032     6138     5976
30.032     6138     5976
30.049     6124     5976
30.049     6138     5976
30.049     6138     5976
30.049     6124     5976
30.032     6138     5976
30.032     6109     5976
30.049     6138     5976
             
30.033     6128     6107
30.035     6127     6107
30.035     6127     6107
30.033     6128     6107
30.035     6128     6107
30.035     6128     6107
30.033     6128     6107
30.035     6127     6107
30.035     6127     6107
30.035     6128     6107
             
30.003     5958     5875
30.035     5958     5875
30.035     5958     5875
30.003     5958     5875
30.035     5958     5875
30.035     5958     5875
30.003     5958     5875
30.035     5948     5875
30.035     5958     5875
30.035     5958     5875
             
30.003     6295     6155
30.017     6295     6155
30.017     6253     6155
30.003     6295     6155
30.017     6295     6155
30.017     6295     6155
30.003     6295     6155
30.017     6295     6155
30.017     6295     6155
30.017     6295     6155
             
30.017     6046     5757
30.002     6026     5757
30.002     6046     5757
30.017     6046     5757
30.017     6046     5757
30.017     6046     5757
30.017     6046     5757
30.002     6046     5757
30.002     6046     5757
30.017     6046     5757
             
30.002     6280     5960
30.018     6280     5960
30.018     6280     5960
30.002     6280     5960
30.018     6280     5960
30.018     6280     5960
30.002     6280     5960
30.018     6280     5960
30.018     6236     5960
30.018     6280     5960
             
