1     153     38     11811
2     35     47     15678
3     127     13     697
4     43     39     13122
5     15     39     1352
6     101     13     16529
7     56     15     108
8     132     27     17030
9     137     47     5474
10     131     35     16711
11     98     3     3166
12     59     1     14907
13     26     39     1374
14     45     32     21369
15     106     42     1547
16     153     20     21203
17     13     37     4572
18     25     33     21487
19     57     30     5009
20     138     5     24655
21     184     1     1162
22     75     39     4078
23     24     28     8696
24     125     36     10452
25     107     36     14830
26     69     16     529
27     106     10     3054
28     198     34     4674
29     164     7     19396
30     191     5     4795
31     82     3     5995
32     113     37     16082
33     191     39     4297
34     198     26     24128
35     136     27     210
36     47     5     5418
37     56     41     10755
38     74     3     11353
39     179     39     23439
40     176     41     1996
41     83     36     10994
42     77     16     13765
43     154     28     5209
44     188     7     13456
45     145     45     5859
46     35     14     16854
47     181     46     4564
48     88     46     4180
49     186     37     10014
50     164     33     1644
51     162     17     15918
52     163     23     4702
53     23     42     22592
54     41     11     1273
55     156     13     12150
56     135     21     18941
57     23     7     4720
58     6     21     7010
59     112     22     3109
60     166     21     13815
61     176     14     2295
62     1     8     7163
63     162     37     19822
64     173     17     2638
65     11     39     14478
66     43     32     2752
67     72     28     22102
68     191     46     5917
69     35     48     7214
70     27     13     18137
71     65     24     4873
72     74     14     12384
73     164     49     9155
74     174     20     8178
75     192     15     10248
76     28     9     995
77     155     34     11672
78     117     32     11339
79     99     40     881
80     145     25     439
81     130     29     21477
82     86     15     5166
83     194     13     16313
84     42     25     1873
85     94     41     2679
86     145     25     20186
87     122     2     3898
88     133     42     3402
89     192     47     15837
90     96     25     4032
91     37     32     21004
92     121     30     2740
93     46     38     13260
94     106     6     2365
95     139     32     6117
96     70     45     24435
97     145     47     4205
98     173     48     10723
99     49     2     9867
100     169     42     15390
101     27     7     4270
102     127     19     5410
103     117     9     14694
104     181     43     5171
105     186     5     1483
106     73     25     16329
107     78     9     3547
108     33     16     2011
109     191     6     2756
110     149     40     1726
111     45     39     15389
112     10     3     5603
113     187     12     5967
114     43     24     12820
115     184     16     3756
116     92     49     22503
117     149     1     3528
118     98     10     8059
119     113     30     24967
120     37     28     4316
121     182     11     3110
122     182     19     23130
123     11     24     291
124     132     13     9287
125     137     30     12478
126     138     44     22971
127     10     42     1548
128     136     27     10660
129     7     49     6554
130     143     37     23262
131     162     45     4145
132     37     5     24461
133     151     1     1396
134     46     12     13608
135     175     30     905
136     2     12     5137
137     131     40     7633
138     25     8     20039
139     155     30     1257
140     74     27     1543
141     141     10     12026
142     22     22     19802
143     46     35     4012
144     102     48     8863
145     39     46     16350
146     135     28     3232
147     111     47     24326
148     59     10     273
149     124     32     16865
150     48     22     4153
151     163     23     20359
152     99     3     945
153     82     10     3484
154     100     37     9587
155     41     7     4468
156     97     30     6140
157     173     14     20581
158     155     45     2048
159     135     25     21894
160     37     47     1350
161     96     28     3175
162     166     47     20969
163     67     9     4690
164     182     26     18372
165     20     31     2933
166     23     4     4295
167     172     32     18204
168     183     15     1438
169     121     3     12254
170     50     16     22451
171     196     20     1840
172     155     46     17936
173     20     18     2937
174     98     31     7438
175     190     16     21035
176     131     10     1098
177     63     26     15317
178     24     35     1269
179     195     33     4967
180     72     47     1293
181     89     39     5891
182     146     25     23174
183     134     38     4313
184     127     3     3297
185     63     30     12765
186     109     39     1158
187     113     49     2210
188     158     47     21860
189     195     45     1474
190     187     45     6639
191     111     5     11448
192     128     23     20278
193     131     33     5850
194     57     48     12509
195     191     44     2512
196     71     39     10423
197     190     48     4044
198     61     3     2166
199     3     10     23961
200     185     14     3967
201     8     29     6096
202     23     19     16574
203     96     21     2108
204     133     10     17847
205     139     49     713
206     45     32     20303
207     60     5     5440
208     115     37     19105
209     34     2     3832
210     183     49     1287
211     25     6     23078
212     16     16     2813
213     36     25     16579
214     108     25     5612
215     123     14     3433
216     121     48     4581
217     153     14     18629
218     1     42     5355
219     70     4     3379
220     144     36     14167
221     98     24     116
222     93     6     8897
223     94     35     7589
224     52     30     23820
225     179     38     5572
226     63     27     16387
227     155     41     3221
228     199     19     25051
229     82     9     2761
230     163     29     18359
231     50     39     5453
232     124     36     10501
233     91     12     8015
234     134     32     11367
235     178     25     13565
236     170     46     5080
237     41     14     22760
238     26     7     484
239     3     38     22386
240     46     39     181
241     74     32     23429
242     63     28     2472
243     18     18     2164
244     137     32     12493
245     119     8     22008
246     108     15     3017
247     88     13     17583
248     147     6     3904
249     197     34     16069
250     99     46     5036
251     95     11     7501
252     184     22     20821
253     64     36     1556
254     148     35     13777
255     170     24     4797
256     115     28     1616
257     75     21     24216
258     53     5     3655
259     30     41     8466
260     28     14     6194
261     49     43     1339
262     96     32     6039
263     128     20     25019
264     107     37     4989
265     78     14     24173
266     11     46     5238
267     73     15     16593
268     143     49     4097
269     82     22     3555
270     60     36     19797
271     150     7     2541
272     82     39     981
273     62     14     19030
274     114     44     3162
275     190     34     23270
276     33     25     6026
277     49     38     4702
278     7     45     7806
279     124     24     10979
280     51     10     5429
281     78     22     10047
282     46     31     12761
283     143     23     5842
284     185     27     21840
285     86     18     2401
286     19     32     25083
287     185     12     1418
288     32     6     13989
289     31     39     4707
290     77     12     20396
291     36     38     4051
292     77     29     9902
293     122     1     17127
294     97     15     4055
295     2     20     21598
296     12     18     5726
297     138     33     22684
298     105     46     3286
299     121     47     22860
300     8     31     2417
301     183     25     11985
302     184     28     24562
303     132     40     965
304     20     7     14780
305     167     29     4003
306     111     45     10505
307     157     18     9393
308     92     18     19748
309     157     3     5734
310     122     45     510
311     2     29     4454
312     184     1     786
313     199     44     7827
314     31     23     14640
315     110     34     4852
316     176     39     21712
317     24     21     4197
318     71     23     21928
319     93     26     6050
320     34     31     4140
321     99     35     813
322     36     26     17400
323     192     45     2225
324     111     1     17893
325     139     34     2573
326     64     3     12768
327     120     3     4339
328     99     15     5402
329     180     22     17632
330     57     31     1586
331     54     16     11052
332     27     46     21890
333     59     15     2911
334     89     4     19365
335     127     36     3566
336     184     47     7054
337     126     40     24400
338     84     47     2873
339     36     33     19884
340     88     48     2541
341     18     7     12217
342     187     2     23510
343     139     26     1140
344     41     1     20078
345     192     36     5047
346     34     9     1569
347     161     20     20031
348     153     10     1966
349     155     29     18490
350     68     36     1776
351     183     3     7166
352     71     14     11186
353     95     27     4871
354     46     37     14630
355     130     39     5475
356     60     34     5469
357     94     22     20064
358     15     37     5701
359     122     31     19763
360     117     7     3553
361     86     22     22924
362     89     18     3803
363     183     47     3213
364     38     23     22236
365     105     44     5756
366     77     29     13354
367     77     11     2997
368     69     15     15922
369     7     8     5615
370     136     45     24313
371     6     17     3982
372     155     38     20379
373     142     28     4133
374     7     27     23708
375     13     25     2432
376     147     22     22038
377     73     7     2337
378     109     45     23486
379     55     36     2167
380     74     8     8810
381     151     42     6758
382     55     27     6359
383     90     17     22529
384     124     20     235
385     158     42     6336
386     193     6     25052
387     156     31     708
388     143     40     17534
389     77     36     3151
390     82     49     4960
391     21     3     13651
392     160     46     6263
393     33     13     18433
394     196     37     1526
395     81     39     17106
396     11     32     1822
397     170     13     23680
398     131     40     4701
399     140     41     8824
400     95     29     19853
401     116     48     6215
402     162     17     11766
403     80     44     21594
404     148     13     4238
405     117     9     8916
406     43     33     10031
407     18     1     5425
408     179     41     23691
409     36     23     2826
410     5     38     17776
411     14     34     2296
412     141     40     15541
413     26     19     4062
414     156     32     20526
415     88     41     5707
416     133     7     7539
417     42     29     17231
418     116     21     1663
419     101     34     1380
420     34     27     3107
421     1     46     15430
422     145     2     3265
423     104     43     20231
424     191     36     5794
425     96     30     20479
426     108     44     546
427     74     7     21413
428     167     43     3561
429     152     49     7904
430     16     12     9032
431     120     10     4980
432     79     44     12065
433     12     7     15795
434     187     37     2730
435     60     45     5330
436     82     41     18065
437     180     46     5973
438     126     31     17815
439     103     6     3611
440     157     19     2076
441     123     13     10245
442     58     35     3164
443     2     13     20009
444     88     34     1016
445     164     27     18862
446     110     11     4075
447     145     5     9538
448     24     9     518
449     190     29     7321
450     63     11     9541
451     124     40     15817
452     107     36     3218
453     14     24     10523
454     84     33     10776
455     79     47     2046
456     78     46     18933
457     142     42     5917
458     15     7     17505
459     44     29     1423
460     162     1     22492
461     76     15     2724
462     164     15     6882
463     4     39     23281
464     101     27     1440
465     69     30     8613
466     116     4     24078
467     140     20     6150
468     107     40     5081
469     61     29     19515
470     56     8     3533
471     103     49     21476
472     17     47     1805
473     99     3     18247
474     129     9     4178
475     188     1     22075
476     29     38     3861
477     144     33     7054
478     159     40     14506
479     36     46     5507
480     158     9     20958
481     117     31     5920
482     30     32     6890
483     156     37     20531
484     154     38     4302
485     42     22     19990
486     86     1     5351
487     172     17     4230
488     95     48     22630
489     100     17     6090
490     28     25     20148
491     87     21     1989
492     47     12     17922
493     163     37     5245
494     38     36     14085
495     187     24     2274
496     103     10     24670
497     26     10     2220
498     26     2     24471
499     120     30     214
500     59     9     21404
