1     47     44     1772
2     158     19     64
3     13     47     1221
4     94     44     117
5     30     21     1629
6     20     15     456
7     126     11     1961
8     136     40     334
9     174     13     602
10     67     19     1233
11     47     30     109
12     111     32     983
13     80     4     259
14     165     22     260
15     177     40     53
16     159     9     1596
17     141     20     422
18     89     18     2097
19     73     3     102
20     192     7     714
21     72     31     851
22     159     29     973
23     102     28     2083
24     92     26     335
25     175     48     643
26     52     30     1452
27     104     9     119
28     33     21     1585
29     142     44     179
30     67     31     703
31     98     37     776
32     50     40     1488
33     57     49     205
34     169     28     875
35     66     29     881
36     149     49     1463
37     184     1     221
38     194     19     930
39     138     44     394
40     151     34     915
41     124     14     425
42     142     19     1682
43     8     4     379
44     58     45     1275
45     110     38     219
46     63     15     591
47     76     36     1592
48     160     19     113
49     150     32     2085
50     64     12     255
51     76     23     1921
52     187     33     259
53     187     23     1970
54     142     47     267
55     36     29     785
56     45     5     117
57     186     11     1566
58     82     36     160
59     128     16     708
60     99     10     521
61     198     26     1663
62     92     31     96
63     189     23     1089
64     4     18     518
65     44     46     2081
66     188     11     59
67     4     21     1532
68     159     22     390
69     20     32     239
70     74     46     611
71     196     24     1264
72     145     20     283
73     14     7     1510
74     139     11     316
75     29     13     898
76     170     13     1371
77     128     4     179
78     116     34     1505
79     48     18     104
80     75     45     1459
81     197     21     486
82     91     11     1024
83     146     2     1090
84     127     18     293
85     155     4     1349
86     110     44     161
87     26     33     980
88     144     37     1516
89     19     35     135
90     126     16     1684
91     136     40     429
92     5     6     763
93     43     20     520
94     35     20     1780
95     8     35     34
96     152     27     15
97     82     27     158
98     129     12     683
99     119     25     1388
100     2     31     32
101     8     41     496
102     6     47     373
103     182     25     877
104     64     48     1131
105     79     30     309
106     137     38     578
107     42     9     567
108     18     16     1213
109     22     30     149
110     1     13     1367
111     81     5     416
112     20     23     237
113     191     20     785
114     86     21     1306
115     146     10     278
116     57     10     1612
117     37     38     21
118     52     32     1318
119     96     15     399
120     54     19     259
121     180     31     543
122     25     49     390
123     38     46     1468
124     164     30     356
125     4     40     238
126     87     6     1577
127     141     3     154
128     172     6     1721
129     51     47     300
130     124     37     1173
131     148     20     283
132     179     8     403
133     174     43     876
134     91     40     865
135     25     11     1386
136     150     46     423
137     69     21     1500
138     11     31     462
139     137     25     899
140     104     29     631
141     81     48     878
142     19     18     2092
143     185     7     365
144     34     1     1337
145     3     36     235
146     138     34     2055
147     164     1     84
148     95     21     133
149     124     32     522
150     109     31     372
151     198     44     1804
152     180     34     374
153     95     7     781
154     165     6     205
155     120     13     941
156     120     10     705
157     104     11     2013
158     23     18     160
159     125     32     2092
160     143     29     522
161     10     10     1102
162     123     5     24
163     61     16     1515
164     151     45     383
165     41     20     1524
166     186     40     341
167     186     48     891
168     184     48     178
169     167     38     393
170     199     16     685
171     133     42     1047
172     133     44     113
173     199     21     61
174     187     20     1267
175     157     15     314
176     181     26     179
177     101     14     1668
178     87     33     350
179     137     42     1527
180     45     11     439
181     166     29     87
182     149     25     775
183     161     29     660
184     88     42     237
185     88     40     1949
186     44     16     404
187     109     18     1359
188     195     19     307
189     168     6     79
190     189     29     1689
191     74     8     214
192     62     45     1948
193     153     27     437
194     58     13     854
195     113     42     747
196     126     14     406
197     47     15     654
198     119     32     408
199     47     3     541
200     169     16     137
