1     95     3     1080
2     173     46     54
3     119     22     1069
4     184     26     435
5     165     40     35
6     173     1     691
7     72     36     58
8     185     33     1665
9     180     33     172
10     100     4     1686
11     53     35     330
12     76     46     1040
13     41     22     283
14     78     11     1834
15     111     23     97
16     7     43     1837
17     4     42     275
18     158     47     774
19     76     30     659
20     177     42     906
21     33     17     1631
22     96     48     136
23     141     43     1659
24     106     11     331
25     103     2     1315
26     99     26     183
27     35     2     1449
28     102     31     278
29     185     43     1151
30     8     28     111
31     105     30     175
32     136     1     199
33     65     1     863
34     122     6     615
35     73     23     1204
36     32     29     227
37     190     13     999
38     156     30     446
39     44     34     1255
40     134     31     55
41     110     5     702
42     53     6     845
43     3     42     1095
44     27     16     192
45     67     31     1790
46     38     11     149
47     103     12     1203
48     62     17     372
49     188     29     495
50     8     30     626
51     76     46     1142
52     129     36     226
53     93     25     674
54     8     7     552
55     129     3     295
56     146     34     907
57     34     41     744
58     104     38     1367
59     23     9     391
60     66     43     85
61     172     27     1813
62     46     10     428
63     59     12     1360
64     126     42     373
65     85     18     1667
66     197     34     162
67     83     24     867
68     63     26     1280
69     177     31     153
70     151     31     630
71     127     9     307
72     4     32     1736
73     24     4     366
74     193     25     1055
75     97     30     277
76     56     31     1535
77     27     38     39
78     81     1     210
79     96     17     1367
80     33     10     53
81     38     4     161
82     12     43     1259
83     132     34     83
84     189     5     1318
85     150     11     25
86     158     13     417
87     64     44     1698
88     81     47     9
89     58     10     1147
90     62     3     399
91     74     19     1706
92     75     47     163
93     39     14     118
94     12     13     1468
95     101     31     15
96     72     40     646
97     52     40     1767
98     22     31     312
99     1     33     974
100     148     6     353
101     118     19     979
102     105     32     69
103     157     30     959
104     10     25     50
105     6     38     714
106     142     10     704
107     5     34     645
108     8     28     1649
109     194     24     409
110     66     2     1584
111     155     15     428
112     6     27     302
113     88     10     637
114     192     40     351
115     98     38     1552
116     191     49     324
117     39     26     24
118     55     23     790
119     68     21     690
120     114     39     1530
121     13     45     299
122     193     1     792
123     83     5     322
124     78     37     1268
125     131     3     44
126     142     11     380
127     96     24     608
128     105     46     1095
129     3     43     401
130     108     26     1462
131     32     25     26
132     180     20     1809
133     151     29     320
134     2     4     1103
135     127     40     267
136     109     46     458
137     52     35     1055
138     54     37     40
139     188     36     723
140     71     11     584
141     29     34     228
142     66     15     1499
143     139     4     210
144     172     38     163
145     13     37     359
146     196     39     929
147     187     49     17
148     53     7     1284
149     10     43     132
150     118     23     154
151     48     40     1324
152     143     13     31
153     54     16     629
154     58     13     1764
155     86     33     212
156     9     13     1716
157     52     45     93
158     114     31     783
159     124     6     194
160     181     41     1578
161     4     31     144
162     132     41     518
163     101     1     565
164     133     21     1549
165     65     37     67
166     64     31     1181
167     58     30     187
168     55     20     443
169     194     17     1695
170     188     1     305
171     190     49     1023
172     23     49     43
173     42     23     855
174     138     44     721
175     107     7     243
176     41     43     830
177     141     40     1485
178     45     38     111
179     143     35     1454
180     78     48     147
181     92     24     556
182     85     1     86
183     160     36     1513
184     9     6     261
185     175     46     541
186     33     22     1514
187     46     24     455
188     20     34     1575
189     54     17     298
190     65     2     1208
191     91     9     214
192     167     35     239
193     198     2     310
194     125     12     359
195     128     12     319
196     54     2     1701
197     29     45     48
198     155     29     1460
199     1     15     304
200     136     40     176
