1     9     6     668
2     69     1     1963
3     1     18     160
4     163     20     931
5     108     29     1971
6     99     3     465
7     152     34     35
8     83     16     1252
9     124     8     440
10     105     3     350
11     136     1     517
12     23     10     1175
13     111     38     418
14     28     29     630
15     147     36     1487
16     167     43     141
17     15     43     1102
18     52     45     49
19     143     34     1104
20     122     12     169
21     173     18     200
22     57     46     1125
23     153     34     64
24     172     33     1228
25     32     39     450
26     168     37     688
27     180     47     1563
28     12     38     97
29     5     48     1913
30     73     46     49
31     19     2     293
32     89     42     702
33     125     48     51
34     181     41     602
35     149     46     139
36     128     45     1936
37     10     5     140
38     169     27     214
39     26     23     1819
40     127     18     217
41     86     9     479
42     186     42     1015
43     47     49     47
44     116     13     1239
45     192     49     25
46     161     11     88
47     105     4     1357
48     2     12     139
49     107     16     1314
50     15     23     473
51     115     46     314
52     105     27     743
53     111     46     331
54     159     16     1619
55     119     41     66
56     40     49     609
57     53     40     1745
58     58     7     184
59     64     38     932
60     56     19     1289
61     105     7     7
62     138     12     477
63     174     49     1500
64     50     39     110
65     111     47     1078
66     183     2     416
67     8     10     1228
68     1     22     434
69     150     37     1917
70     83     20     239
71     42     6     425
72     69     10     1479
73     162     9     81
74     72     46     695
75     191     14     1856
76     21     21     455
77     154     38     189
78     19     37     419
79     160     28     580
80     154     48     499
81     13     40     430
82     44     26     570
83     17     30     652
84     163     44     95
85     9     19     1588
86     114     43     203
87     172     32     595
88     180     9     692
89     165     48     251
90     91     27     1473
91     180     3     210
92     71     33     370
93     176     49     1177
94     88     9     375
95     184     8     990
96     152     1     485
97     199     37     203
98     193     25     219
99     19     19     620
100     112     12     1161
101     28     20     92
102     17     22     160
103     148     2     1230
104     77     28     5
105     140     31     838
106     9     32     245
107     40     7     794
108     60     37     96
109     1     6     1770
110     131     27     166
111     140     19     1270
112     93     36     64
113     4     38     1088
114     18     2     242
115     195     13     282
116     173     43     1754
117     88     40     433
118     158     10     699
119     52     49     270
120     37     37     1379
121     170     34     458
122     31     4     181
123     168     29     486
124     34     25     64
125     40     36     705
126     112     25     1239
127     155     20     308
128     140     22     1460
129     91     30     126
130     25     16     1689
131     50     16     249
132     48     17     1338
133     118     45     156
134     114     46     1960
135     20     20     259
136     183     30     1455
137     58     14     254
138     19     29     168
139     20     40     1670
140     10     25     245
141     1     42     118
142     102     47     560
143     56     20     706
144     97     5     1694
145     126     29     228
146     89     24     432
147     154     45     1372
148     98     8     384
149     190     10     811
150     137     32     104
151     77     24     258
152     33     19     833
153     26     36     793
154     94     49     1626
155     80     22     218
156     137     8     1835
157     8     18     433
158     146     6     831
159     142     19     1440
160     112     41     227
161     192     4     1750
162     24     12     61
163     11     33     412
164     47     20     1031
165     188     7     417
166     145     10     1303
167     44     22     24
168     111     10     1241
169     169     5     297
170     68     19     1362
171     141     7     220
172     149     9     200
173     168     9     586
174     126     6     769
175     186     20     1924
176     122     12     387
177     133     27     1094
178     196     22     25
179     62     29     1240
180     25     32     198
181     105     8     1388
182     70     41     226
183     115     30     1908
184     83     34     462
185     178     29     1322
186     199     8     257
187     22     21     286
188     53     7     799
189     159     10     1815
190     22     46     395
191     106     33     840
192     106     5     1738
193     181     33     173
194     61     29     1865
195     68     15     160
196     151     33     117
197     164     23     1404
198     166     27     128
199     77     24     1834
200     11     12     378
