20.428     8270     7957.2
20.610     8248     7957.2
20.610     8248     7957.2
20.428     8270     7957.2
20.610     8270     7957.2
20.610     8270     7957.2
20.428     8270     7957.2
20.610     8248     7957.2
20.610     8248     7957.2
20.610     8270     7957.2
             
20.001     8042     7752.4
20.001     8049     7752.4
20.001     8049     7752.4
20.001     8042     7752.4
20.001     8049     7752.4
20.001     8049     7752.4
20.001     8042     7752.4
20.001     8049     7752.4
20.001     8049     7752.4
20.001     8049     7752.4
             
20.001     8018     7638.8
20.907     8059     7638.8
20.907     8059     7638.8
20.001     8018     7638.8
20.907     8059     7638.8
20.907     8059     7638.8
20.001     8018     7638.8
20.907     8059     7638.8
20.907     8059     7638.8
20.907     8059     7638.8
             
20.126     8347     8081.8
20.820     8326     8081.8
20.820     8326     8081.8
20.126     8347     8081.8
20.820     8347     8081.8
20.820     8347     8081.8
20.126     8347     8081.8
20.820     8326     8081.8
20.820     8326     8081.8
20.820     8347     8081.8
             
20.360     8571     8158.4
20.157     8567     8158.4
20.157     8567     8158.4
20.360     8571     8158.4
20.360     8571     8158.4
20.360     8571     8158.4
20.360     8571     8158.4
20.157     8567     8158.4
20.157     8567     8158.4
20.360     8571     8158.4
             
20.126     8357     7999.8
20.548     8334     7999.8
20.548     8334     7999.8
20.126     8357     7999.8
20.548     8357     7999.8
20.548     8357     7999.8
20.126     8357     7999.8
20.548     8334     7999.8
20.548     8334     7999.8
20.548     8357     7999.8
             
20.876     7958     7702.8
20.704     7942     7702.8
20.704     7942     7702.8
20.876     7958     7702.8
20.876     7958     7702.8
20.876     7958     7702.8
20.876     7958     7702.8
20.704     7942     7702.8
20.704     7942     7702.8
20.876     7958     7702.8
             
20.720     7842     7661.6
20.391     7931     7661.6
20.391     7931     7661.6
20.720     7842     7661.6
20.720     7931     7661.6
20.720     7931     7661.6
20.720     7842     7661.6
20.391     7931     7661.6
20.391     7931     7661.6
20.720     7931     7661.6
             
20.053     8016     7808.6
20.141     8043     7808.6
20.141     8043     7808.6
20.053     8016     7808.6
20.141     8043     7808.6
20.141     8043     7808.6
20.053     8016     7808.6
20.141     8043     7808.6
20.141     8043     7808.6
20.141     8043     7808.6
             
20.970     8846     8419
20.766     8849     8419
20.766     8849     8419
20.970     8846     8419
20.970     8849     8419
20.970     8849     8419
20.970     8846     8419
20.766     8849     8419
20.766     8849     8419
20.970     8849     8419
             
