1     7     32     1548
2     43     38     720
3     32     6     1900
4     41     11     19
5     21     6     967
6     18     16     793
7     4     23     2603
8     8     17     143
9     22     38     555
10     40     18     482
11     10     34     2366
12     44     16     257
13     17     8     1481
14     6     22     2861
15     19     3     642
16     30     29     540
17     8     25     2055
18     45     8     673
19     29     23     1448
20     27     30     2321
21     31     14     392
22     7     8     2769
23     16     45     600
24     21     27     893
25     40     26     2514
26     44     29     179
27     8     12     2054
28     38     40     415
29     46     37     701
30     26     2     2800
31     28     7     119
32     10     9     2991
33     37     1     287
34     21     41     330
35     33     44     1462
36     4     39     2264
37     31     44     20
38     11     16     1215
39     23     48     2334
40     27     42     72
41     41     22     3070
42     49     46     666
43     46     46     1412
44     17     47     690
45     48     29     1852
46     3     40     519
47     24     27     678
48     10     22     162
49     30     29     968
50     46     26     931
51     16     34     1713
52     26     31     289
53     15     29     397
54     18     21     60
55     18     6     1476
56     21     20     2358
57     5     39     795
58     43     24     328
59     44     49     1369
60     16     8     993
61     13     9     1537
62     27     2     408
63     41     6     2357
64     5     8     656
65     26     31     2950
66     28     8     486
67     46     16     780
68     44     40     360
69     26     6     1664
70     31     29     42
71     30     9     1530
72     27     23     3112
73     39     47     597
74     5     23     845
75     13     37     2533
76     42     19     72
77     25     21     2166
78     32     31     399
79     14     4     67
80     36     19     1494
81     40     3     2158
82     29     16     732
83     42     44     2821
84     45     36     552
85     3     45     2585
86     37     22     388
87     9     41     3098
88     30     46     364
89     7     46     1582
90     24     18     2499
91     12     9     128
92     1     32     351
93     49     34     2763
94     2     8     685
95     44     15     1319
96     39     35     748
97     6     30     2132
98     27     49     328
99     47     22     1795
100     39     6     364
101     44     28     2394
102     27     14     316
103     33     39     1277
104     34     17     2657
105     39     13     248
106     40     18     891
107     46     31     2454
108     26     35     343
109     40     49     870
110     8     2     1396
111     18     36     2705
112     27     5     282
113     45     4     1255
114     4     34     1569
115     28     17     1693
116     14     14     407
117     16     47     1219
118     8     18     2182
119     48     10     204
120     31     37     8
121     24     12     2631
122     28     15     584
123     16     33     2671
124     43     12     567
125     12     1     358
126     46     2     21
127     19     45     1611
128     17     3     587
129     35     20     2009
130     15     37     42
131     14     22     1269
132     41     16     1784
133     45     24     384
134     5     17     2441
135     15     1     522
136     3     41     3133
137     41     22     271
138     48     48     1081
139     25     2     1380
140     47     16     2973
141     49     17     737
142     1     45     373
143     29     32     3109
144     12     13     31
145     12     5     626
146     48     21     109
147     26     26     302
148     41     8     2895
149     13     13     520
150     37     13     1865
151     29     15     295
152     28     47     2886
153     28     2     249
154     45     2     67
155     49     10     286
156     9     28     1302
157     12     16     1580
158     2     1     2936
159     36     31     548
160     24     8     339
161     13     4     696
162     46     33     2754
163     2     47     649
164     41     6     1835
165     19     19     743
166     36     32     1687
167     21     18     87
168     48     36     1463
169     8     45     732
170     38     31     1584
171     41     34     2688
172     38     15     212
173     16     39     2856
174     21     10     165
175     9     45     1430
176     41     7     507
177     11     48     2090
178     31     21     506
179     15     26     2091
180     37     24     405
181     38     9     224
182     37     41     1675
183     48     29     705
184     2     5     1884
185     49     27     210
186     48     38     1936
187     42     41     561
188     1     48     1973
189     3     14     341
190     39     30     579
191     47     21     1923
192     8     27     55
193     39     12     2424
194     9     41     700
195     37     9     2228
196     21     21     293
197     7     4     2191
198     23     19     741
199     23     18     1992
200     32     35     523
201     9     22     698
202     34     46     69
203     8     43     550
204     11     8     2139
205     47     14     180
206     15     33     37
207     18     38     1977
208     23     32     518
209     30     30     173
210     23     33     1821
211     47     47     674
212     38     19     1738
213     11     37     555
214     16     27     869
215     28     1     106
216     1     31     1343
217     41     8     737
218     2     35     882
219     4     20     2400
220     36     17     510
221     10     36     906
222     11     45     876
223     22     4     715
224     12     41     2269
225     20     19     584
226     3     48     1749
227     30     17     742
228     34     38     971
229     31     6     2708
230     10     1     494
231     40     20     368
232     25     49     1972
233     16     18     97
234     25     46     2289
235     7     36     286
236     46     49     1256
237     12     22     2184
238     39     20     7
239     27     12     1373
240     24     32     274
241     8     16     2918
242     26     6     273
243     19     16     2943
244     3     22     636
245     22     21     911
246     34     49     624
247     13     6     3145
248     25     21     629
249     27     34     431
250     46     39     1165
251     30     6     3006
252     41     8     510
253     36     25     132
254     2     2     1602
255     49     11     696
256     27     9     2762
257     25     40     268
258     13     30     2219
259     27     49     501
260     11     6     1768
261     37     24     372
262     4     31     1850
263     25     25     756
264     48     14     1615
265     2     1     764
266     29     21     2576
267     27     49     300
268     33     29     1377
269     14     24     2598
270     31     25     529
271     47     26     2823
272     29     43     452
273     39     26     1973
274     35     7     606
275     35     30     1042
276     9     15     2024
277     29     31     149
278     41     23     670
279     19     8     1598
280     5     7     11
281     42     37     1064
282     35     45     1303
283     15     38     1147
284     8     32     1932
285     18     23     465
286     30     12     2716
287     40     48     90
288     24     27     1674
289     3     30     529
290     31     49     499
291     38     23     2289
292     35     5     553
293     32     48     2424
294     24     26     287
295     15     14     2281
296     17     10     747
297     30     28     1538
298     41     35     1746
299     23     29     618
300     44     1     2900
301     4     14     187
302     29     19     747
303     24     32     1444
304     39     48     2619
305     28     14     39
306     46     10     2517
307     4     34     393
308     7     49     3091
309     38     19     748
310     22     10     900
311     48     12     316
312     25     38     2552
313     49     48     153
314     23     31     1363
315     19     15     2205
316     49     31     635
317     37     11     2584
318     9     12     560
319     18     1     676
320     32     9     3097
321     40     31     163
322     2     14     1522
323     37     23     1621
324     1     2     256
325     28     6     310
326     42     31     1743
327     6     26     667
328     19     16     3090
329     46     6     626
330     49     47     1820
331     2     25     388
332     11     16     1889
333     28     18     227
334     19     6     2973
335     7     14     387
336     42     40     1766
337     41     3     101
338     8     19     547
339     39     23     2162
340     27     45     309
341     13     13     2615
342     30     11     795
343     32     30     1977
344     1     36     169
345     13     35     1328
346     33     37     2801
347     38     31     229
348     7     26     2198
349     35     38     310
350     45     10     375
351     39     47     1354
352     11     18     1765
353     9     28     183
354     5     34     3003
355     12     15     720
356     5     26     2723
357     17     36     493
358     38     47     166
359     34     25     2110
360     20     3     159
361     25     25     489
362     9     31     1300
363     48     13     2641
364     21     49     448
365     16     16     2224
366     16     19     683
367     39     24     2491
368     40     22     724
369     36     45     167
370     32     45     3122
371     41     38     639
372     23     35     2729
373     4     20     529
374     41     45     2808
375     2     7     672
376     4     1     1508
377     10     39     110
378     25     36     1358
379     19     29     1163
380     37     13     2080
381     8     4     448
382     9     10     117
383     47     14     1536
384     45     48     739
385     9     44     1176
386     40     1     1281
387     45     45     1860
388     40     46     455
389     10     16     951
390     45     10     2586
391     1     38     776
392     28     1     766
393     45     33     1661
394     41     38     32
395     34     8     874
396     30     11     1067
397     13     28     560
398     13     13     2288
399     36     6     23
400     5     18     2056
401     23     39     531
402     4     30     789
403     7     23     2516
404     45     29     19
405     9     6     1569
406     10     11     687
407     17     28     2570
408     15     14     44
409     5     7     2673
410     14     18     432
411     18     49     2571
412     1     44     73
413     17     16     631
414     47     36     3003
415     33     8     47
416     10     48     2851
417     46     7     787
418     13     38     3040
419     37     26     794
420     11     1     2775
421     1     27     506
422     10     3     1438
423     47     24     2168
424     49     34     634
425     37     17     249
426     14     14     37
427     18     33     1434
428     3     5     2157
429     36     21     451
430     30     46     2124
431     49     21     785
432     13     23     1146
433     24     42     1214
434     6     40     888
435     8     4     2620
436     30     33     339
437     23     10     1355
438     45     12     425
439     5     27     314
440     28     6     1745
441     12     30     208
442     5     20     3033
443     19     20     247
444     36     43     1158
445     46     49     2291
446     24     19     485
447     6     22     649
448     25     14     1397
449     28     12     2127
450     42     7     14
451     26     29     2812
452     13     38     583
453     10     42     2268
454     41     29     219
455     46     2     1566
456     39     28     1212
457     10     19     1609
458     43     22     144
459     25     41     586
460     18     35     3050
461     1     3     569
462     29     45     3112
463     26     14     519
464     49     39     1561
465     19     4     2170
466     30     21     509
467     33     7     657
468     36     43     664
469     3     44     2253
470     47     18     197
471     9     47     434
472     43     45     1759
473     49     11     414
474     8     44     1126
475     15     37     1811
476     13     23     87
477     26     30     1801
478     8     36     193
479     22     33     1818
480     5     6     619
481     22     22     2081
482     44     23     727
483     46     48     1156
484     32     40     544
485     19     20     3045
486     36     48     791
487     48     42     2586
488     7     38     321
489     29     19     1101
490     49     35     3108
491     29     17     122
492     23     43     988
493     30     11     587
494     31     13     1230
495     42     38     338
496     25     45     2714
497     1     37     675
498     21     5     2887
499     8     49     123
500     38     17     3103
