50.145     12845     12616.5
50.209     12865     12616.5
50.209     12865     12616.5
50.145     12845     12616.5
50.209     12865     12616.5
50.209     12865     12616.5
50.145     12845     12616.5
50.209     12865     12616.5
50.209     12865     12616.5
50.209     12865     12616.5
             
50.081     12821     12583.5
50.180     12790     12583.5
50.180     12790     12583.5
50.081     12821     12583.5
50.180     12821     12583.5
50.180     12821     12583.5
50.081     12821     12583.5
50.180     12790     12583.5
50.180     12790     12583.5
50.180     12821     12583.5
             
50.208     12940     12670.5
50.144     12872     12670.5
50.144     12872     12670.5
50.208     12940     12670.5
50.208     12940     12670.5
50.208     12940     12670.5
50.208     12940     12670.5
50.144     12872     12670.5
50.144     12872     12670.5
50.208     12940     12670.5
             
50.119     12945     12629
50.113     12924     12629
50.113     12924     12629
50.119     12945     12629
50.119     12945     12629
50.119     12945     12629
50.119     12945     12629
50.113     12924     12629
50.113     12924     12629
50.119     12945     12629
             
50.100     12790     12518
50.115     12814     12518
50.115     12814     12518
50.100     12790     12518
50.115     12814     12518
50.115     12814     12518
50.100     12790     12518
50.115     12814     12518
50.115     12814     12518
50.115     12814     12518
             
50.193     12635     12438
50.216     12637     12438
50.216     12637     12438
50.193     12635     12438
50.216     12637     12438
50.216     12637     12438
50.193     12635     12438
50.216     12637     12438
50.216     12637     12438
50.216     12637     12438
             
50.147     12800     12383.5
50.113     12806     12383.5
50.113     12806     12383.5
50.147     12800     12383.5
50.147     12806     12383.5
50.147     12806     12383.5
50.147     12800     12383.5
50.113     12806     12383.5
50.113     12806     12383.5
50.147     12806     12383.5
             
50.042     12787     12500.5
50.208     12771     12500.5
50.208     12771     12500.5
50.042     12787     12500.5
50.208     12787     12500.5
50.208     12787     12500.5
50.042     12787     12500.5
50.208     12771     12500.5
50.208     12771     12500.5
50.208     12787     12500.5
             
50.062     13083     12690
50.019     13082     12690
50.019     13082     12690
50.062     13083     12690
50.062     13083     12690
50.062     13083     12690
50.062     13083     12690
50.019     13082     12690
50.019     13082     12690
50.062     13083     12690
             
50.082     12701     12473.5
50.052     12700     12473.5
50.052     12700     12473.5
50.082     12701     12473.5
50.082     12701     12473.5
50.082     12701     12473.5
50.082     12701     12473.5
50.052     12700     12473.5
50.052     12700     12473.5
50.082     12701     12473.5
             
