1     52     70     3959
2     98     29     1170
3     80     57     6047
4     73     103     1485
5     3     133     3804
6     71     54     3540
7     81     170     2938
8     35     157     2028
9     53     45     2972
10     76     173     454
11     52     9     3306
12     79     36     2399
13     3     170     6793
14     23     50     517
15     91     115     2451
16     95     4     3313
17     16     93     5467
18     4     105     175
19     60     134     1619
20     91     185     1358
21     34     182     2076
22     24     90     7676
23     46     27     333
24     70     95     5158
25     97     11     225
26     66     5     3899
27     90     111     3375
28     22     53     692
29     95     134     5088
30     23     139     1541
31     1     187     5482
32     64     80     898
33     31     165     2571
34     31     17     2698
35     34     66     2945
36     49     97     4051
37     86     158     309
38     68     125     4508
39     62     135     1735
40     83     84     4603
41     47     140     1834
42     82     187     3406
43     55     109     6968
44     19     65     1393
45     73     148     7078
46     10     42     1848
47     31     154     2216
48     81     95     5778
49     38     137     1768
50     21     161     1927
51     99     188     1190
52     85     130     7091
53     39     106     1821
54     51     30     3674
55     84     137     4364
56     18     9     355
57     17     85     3523
58     24     182     3648
59     22     90     7446
60     84     170     305
61     19     63     7783
62     91     151     890
63     69     26     7542
64     81     161     1746
65     7     153     3289
66     17     34     3296
67     94     2     23
68     95     16     760
69     98     184     5587
70     28     24     1
71     71     166     6605
72     80     96     620
73     97     55     4371
74     67     81     218
75     99     168     4195
76     26     163     656
77     46     23     368
78     17     66     6012
79     32     84     863
80     79     81     4717
81     92     160     1884
82     73     122     3588
83     76     87     902
84     83     104     4417
85     15     112     1014
86     71     74     3062
87     67     49     7498
88     88     36     1880
89     35     95     1335
90     42     50     7487
91     84     111     301
92     95     178     7497
93     50     7     742
94     9     188     1915
95     54     43     1236
96     98     94     270
97     27     151     4352
98     32     153     203
99     91     110     1234
100     90     144     3620
101     99     80     2035
102     87     103     3637
103     97     122     6403
104     42     199     630
105     93     143     388
106     30     20     1429
107     38     131     1517
108     23     109     7141
109     61     161     477
110     1     132     4838
111     4     36     1308
112     75     150     7609
113     24     106     1524
114     56     140     5228
115     55     22     1851
116     19     170     2464
117     71     55     5454
118     2     18     1259
119     8     199     240
120     39     115     5309
121     84     64     103
122     59     104     1262
123     30     111     396
124     80     145     6190
125     17     169     550
126     20     72     4855
127     88     26     110
128     47     108     2782
129     89     197     1011
130     26     31     5088
131     58     178     136
132     50     137     6961
133     59     5     120
134     10     138     2019
135     50     154     5942
136     33     193     1330
137     77     93     3702
138     51     139     5945
139     30     11     273
140     95     132     5417
141     25     120     326
142     1     113     3569
143     42     179     4288
144     65     154     773
145     70     168     575
146     56     174     6469
147     12     185     957
148     69     8     2123
149     80     67     2916
150     8     136     1980
151     54     43     6690
152     56     79     1337
153     55     118     5540
154     33     57     684
155     10     138     1611
156     88     175     3731
157     39     15     3553
158     64     110     6388
159     91     167     522
160     74     15     5334
161     48     149     78
162     70     159     3352
163     88     177     7008
164     44     132     485
165     54     161     4061
166     39     199     51
167     33     121     3616
168     93     130     4487
169     69     96     1713
170     55     121     6209
171     21     197     397
172     71     189     5016
173     95     76     83
174     97     126     4378
175     74     85     1424
176     38     139     3861
177     34     78     5811
178     78     189     279
179     16     4     7051
180     5     128     697
181     55     28     3360
182     52     90     5108
183     6     144     1882
184     56     170     2296
185     49     8     5441
186     66     131     1778
187     27     58     684
188     70     87     5776
189     54     121     1160
190     96     146     1635
191     50     19     1355
192     54     132     3700
193     98     84     6511
194     84     93     1209
195     64     71     6586
196     27     1     202
197     44     96     6323
198     98     9     1016
199     17     13     7001
200     60     85     1434
201     38     159     2497
202     73     43     5407
203     97     134     132
204     2     70     5213
205     21     169     1365
206     57     166     3388
207     27     183     6941
208     78     13     1010
209     15     102     4035
210     55     145     1699
211     30     190     2294
212     64     192     1345
213     5     43     2744
214     59     94     3234
215     87     74     1269
216     19     162     3829
217     98     26     1377
218     55     107     1123
219     47     58     732
220     76     64     1374
221     63     152     3516
222     27     48     4718
223     53     99     1861
224     23     146     6200
225     44     36     209
226     3     36     5264
227     62     145     88
228     42     129     5828
229     51     10     1607
230     83     108     3868
231     25     58     990
232     40     37     5102
233     99     59     1287
234     82     59     2913
235     73     128     7085
236     18     98     212
237     39     173     7014
238     51     119     552
239     7     5     1145
240     9     89     4699
241     11     199     752
242     97     58     3581
243     6     36     7242
244     64     178     1938
245     6     196     3141
246     94     152     6131
247     97     117     1531
248     14     8     1995
249     4     35     133
250     35     9     336
251     81     20     4808
252     26     39     1273
253     73     92     4994
254     49     188     1568
255     55     109     4168
256     66     182     418
257     44     125     3618
258     23     13     6664
259     76     110     81
260     45     5     2209
261     93     69     6803
262     38     70     581
263     90     79     4042
264     86     96     719
265     77     43     661
266     8     177     1795
267     54     58     635
268     86     66     8
269     69     102     6641
270     55     14     1234
271     58     105     7515
272     86     136     1366
273     37     76     2804
274     46     12     5556
275     7     150     761
276     75     58     5688
277     53     49     262
278     43     129     3652
279     51     113     1774
280     16     7     5106
281     13     190     1472
282     27     181     7425
283     47     149     1150
284     16     18     945
285     71     136     3110
286     90     73     5171
287     15     160     1087
288     54     76     4946
289     72     87     600
290     39     191     2675
291     26     73     2094
292     43     81     5352
293     11     72     1427
294     68     190     755
295     11     3     4349
296     25     24     765
297     14     133     3615
298     6     24     2457
299     65     102     6624
300     4     182     1887
