1     91     102     3478
2     72     47     5270
3     32     164     1466
4     90     129     7105
5     50     154     30
6     84     171     4940
7     23     50     474
8     28     127     7289
9     3     16     1319
10     3     23     683
11     30     197     6529
12     10     167     944
13     24     135     1593
14     60     22     1098
15     79     127     1542
16     34     28     1522
17     83     116     4590
18     43     87     964
19     86     195     4221
20     57     149     1314
21     98     46     3842
22     36     122     884
23     16     100     1054
24     39     70     1822
25     98     84     745
26     63     153     6227
27     7     68     1208
28     28     118     2689
29     52     45     3673
30     25     25     6536
31     11     55     237
32     95     133     5995
33     12     19     474
34     72     3     6027
35     56     21     1244
36     37     96     5117
37     33     74     299
38     99     117     84
39     57     127     4019
40     55     175     1676
41     41     49     2385
42     21     175     1014
43     17     44     411
44     46     116     2997
45     25     199     3092
46     85     17     3541
47     45     96     5391
48     1     24     973
49     44     156     2486
50     41     110     5545
51     90     137     313
52     50     111     2289
53     84     151     502
54     39     190     3603
55     4     155     709
56     13     137     6888
57     1     99     1291
58     9     17     894
59     43     177     7331
60     98     148     1053
61     85     174     7252
62     41     183     333
63     46     9     3191
64     26     27     6991
65     9     98     1695
66     88     65     4773
67     48     60     621
68     47     77     5941
69     12     132     1257
70     28     34     2599
71     49     160     5625
72     39     85     1747
73     64     189     1009
74     44     138     5953
75     54     76     1325
76     46     53     4013
77     8     166     1061
78     17     129     2031
79     11     193     730
80     48     6     3480
81     74     101     5268
82     33     90     1038
83     2     77     3806
84     9     176     1641
85     54     139     7113
86     57     148     709
87     7     193     3991
88     11     129     1629
89     11     11     5621
90     54     148     1553
91     68     27     6063
92     93     49     1545
93     61     59     7056
94     38     58     987
95     32     187     3147
96     19     152     3264
97     96     56     5166
98     71     155     43
99     81     145     1536
100     39     102     3635
101     98     190     4868
102     48     176     904
103     77     92     474
104     95     193     3880
105     57     140     783
106     41     14     3581
107     80     150     94
108     14     99     5584
109     84     93     1523
110     63     49     2674
111     46     94     6845
112     37     8     518
113     20     169     913
114     23     189     2863
115     79     64     3897
116     83     8     685
117     3     27     4136
118     29     127     1184
119     88     140     5677
120     9     184     73
121     48     150     4739
122     43     128     321
123     99     26     4625
124     83     97     1393
125     17     165     7033
126     80     99     217
127     95     99     811
128     5     117     6582
129     52     101     655
130     41     144     5348
131     24     159     586
132     27     107     1649
133     69     156     3637
134     28     43     972
135     17     190     1085
136     13     13     7341
137     6     130     1580
138     47     139     6207
139     92     130     1375
140     49     164     7310
141     50     183     484
142     34     118     3791
143     99     156     858
144     73     172     3724
145     65     185     833
146     84     78     2095
147     96     1     1546
148     65     173     5291
149     81     198     1750
150     88     154     4984
151     62     28     1383
152     41     194     7210
153     35     7     1476
154     20     177     2148
155     35     35     4999
156     11     100     690
157     64     102     5356
158     18     148     231
159     35     33     4457
160     54     166     1309
161     19     164     5760
162     19     28     1794
163     16     152     5343
164     53     20     1125
165     85     35     4168
166     65     151     1442
167     82     49     6640
168     1     149     782
169     10     47     5901
170     64     104     1529
171     97     110     1821
172     76     184     1141
173     91     190     636
174     41     28     2405
175     40     17     1446
176     87     91     5055
177     81     88     1063
178     56     97     4057
179     48     22     1349
180     79     122     345
181     95     101     5384
182     38     83     854
183     61     192     3176
184     42     72     2649
185     40     85     559
186     52     159     796
187     38     1     674
188     5     171     3541
189     71     149     5616
190     28     166     1832
191     59     1     1137
192     10     126     436
193     21     184     7289
194     35     166     642
195     74     135     3101
196     74     46     5057
197     83     72     1671
198     95     76     2608
199     10     36     366
200     55     118     3461
201     96     92     6087
202     51     25     704
203     82     47     1253
204     64     173     1211
205     51     118     6517
206     53     86     1439
207     50     73     5852
208     79     185     1337
209     90     9     2783
210     69     51     2851
211     11     47     4777
212     1     61     1678
213     56     43     7127
214     55     164     1417
215     36     163     4400
216     35     199     1701
217     21     111     6165
218     99     109     421
219     82     36     4639
220     5     158     1413
221     80     97     2997
222     27     195     3464
223     84     46     46
224     3     19     5872
225     30     97     1707
226     70     102     7223
227     86     65     962
228     35     106     3471
229     49     55     702
230     8     59     5756
231     85     158     1265
232     32     195     1624
233     91     92     5606
234     99     141     1197
235     20     4     6734
236     76     156     769
237     4     87     3870
238     68     191     365
239     11     157     4268
240     41     142     1206
241     33     140     6742
242     60     76     1481
243     16     171     6093
244     26     57     598
245     9     158     1561
246     26     107     3050
247     5     130     6955
248     48     144     1050
249     51     189     1819
250     62     82     5889
251     73     111     1283
252     62     155     3283
253     47     42     554
254     20     9     2963
255     3     123     1908
256     11     153     14
257     51     81     4393
258     86     2     1455
259     38     136     2117
260     99     50     6839
261     71     40     1627
262     90     146     5546
263     27     120     1568
264     68     151     4495
265     39     111     241
266     11     147     6482
267     57     50     67
268     61     184     5105
269     48     151     1633
270     55     82     5944
271     31     78     889
272     92     197     1077
273     99     66     3256
274     29     32     5718
275     78     160     1686
276     83     182     2682
277     16     116     7353
278     90     143     730
279     64     126     5750
280     8     29     1496
281     20     191     453
282     60     85     5368
283     55     43     389
284     60     119     5283
285     87     81     353
286     76     16     3431
287     27     194     3808
288     48     107     890
289     30     103     2660
290     63     31     4413
291     83     47     804
292     49     141     5601
293     2     163     1606
294     54     125     6089
295     36     102     383
296     23     38     3213
297     45     75     22
298     80     147     4157
299     21     116     732
300     85     41     5264
