1     167     9     1084
2     186     6     4006
3     129     10     925
4     34     9     143
5     168     43     3887
6     80     39     2045
7     79     37     712
8     121     37     5017
9     85     46     777
10     87     10     545
11     180     44     6425
12     163     8     160
13     7     8     4805
14     198     8     1351
15     66     49     7218
16     26     15     163
17     127     11     4026
18     141     7     276
19     93     28     3181
20     83     31     4498
21     66     6     1453
22     183     16     3119
23     158     33     5988
24     155     44     1014
25     161     13     5809
26     196     3     232
27     66     24     2633
28     90     26     2074
29     175     23     3604
30     199     2     3935
31     190     25     5757
32     16     43     642
33     91     10     2370
34     135     24     3355
35     179     37     7423
36     107     41     1641
37     194     46     6551
38     6     32     1349
39     64     37     1133
40     132     1     6425
41     161     45     319
42     97     2     3221
43     164     15     6865
44     61     3     1958
45     194     4     2646
46     124     11     6817
47     120     43     1220
48     85     13     4787
49     170     9     867
50     96     28     554
51     66     29     7517
52     66     9     1439
53     194     43     1353
54     74     25     1503
55     59     18     2365
56     186     2     1235
57     38     3     6611
58     58     24     890
59     152     40     1070
60     70     28     1146
61     10     48     3028
62     185     48     7379
63     2     7     1028
64     93     15     168
65     179     21     6989
66     13     8     1398
67     174     1     6457
68     44     48     1776
69     3     28     683
70     36     25     442
71     3     43     2587
72     181     35     793
73     166     4     1528
74     146     1     1122
75     154     40     2506
76     49     17     1344
77     27     41     3040
78     128     11     6883
79     87     6     21
80     112     35     3571
81     10     3     4648
82     1     28     513
83     85     49     2452
84     193     22     7414
85     179     17     1705
86     13     7     1434
87     83     32     1772
88     166     31     4622
89     74     47     1353
90     122     33     5825
91     25     37     1379
92     20     32     1522
93     79     8     6384
94     165     6     717
95     51     49     476
96     133     20     3596
97     55     28     120
98     67     39     7735
99     9     28     1949
100     163     48     3056
101     75     6     318
102     93     22     54
103     91     5     479
104     176     31     1477
105     183     2     3575
106     190     4     5758
107     147     3     1263
108     71     24     1215
109     185     24     1556
110     167     35     43
111     65     23     7504
112     196     19     432
113     167     28     1861
114     154     44     7034
115     108     33     441
116     25     25     2951
117     36     3     2347
118     142     37     7035
119     196     27     669
120     116     3     4737
121     182     41     377
122     107     2     2916
123     38     10     4104
124     183     13     1857
125     140     10     1440
126     153     11     1790
127     23     4     3252
128     157     31     6989
129     55     27     1707
130     36     30     1337
131     51     41     1244
132     48     3     4732
133     101     27     1737
134     41     25     7631
135     112     47     1182
136     70     48     6608
137     190     5     1663
138     20     12     2253
139     22     23     7063
140     191     36     848
141     12     38     2571
142     131     13     2883
143     144     32     5779
144     119     37     1560
145     143     30     5682
146     54     27     305
147     80     41     2294
148     93     20     7835
149     45     38     1565
150     29     47     2187
151     58     34     1973
152     185     34     3335
153     168     3     6143
154     172     17     1491
155     160     23     7013
156     12     17     521
157     26     38     1001
158     110     19     4756
159     103     38     1490
160     181     10     7462
161     7     32     1580
162     117     36     5910
163     159     33     601
164     98     43     1742
165     113     46     5599
166     124     47     1663
167     25     1     2108
168     125     34     4298
169     124     32     499
170     94     3     5199
171     194     43     151
172     133     16     1324
173     187     37     1089
174     88     45     2161
175     196     13     5675
176     157     47     862
177     78     13     7752
178     195     23     1251
179     146     35     1018
180     162     19     4570
181     18     25     1717
182     142     5     4454
183     37     8     1368
184     168     43     432
185     171     45     6048
186     138     44     1223
187     124     30     6173
188     137     35     1799
189     104     10     3181
190     177     40     5572
191     86     4     1328
192     67     8     4062
193     124     21     214
194     20     18     3785
195     26     12     1759
196     67     47     6828
197     8     45     736
198     42     17     4287
199     72     21     1267
200     176     12     4910
201     132     49     1079
202     162     33     834
203     32     38     3947
204     47     18     302
205     11     22     2076
206     90     35     3028
207     124     15     5244
208     67     21     1111
209     115     42     4907
210     109     1     860
211     134     1     7161
212     1     16     678
213     139     24     2764
214     96     11     4004
215     32     22     986
216     121     16     3836
217     6     2     3113
218     53     23     4591
219     73     43     1805
220     108     2     6777
221     172     1     898
222     1     29     6104
223     101     37     943
224     154     16     4712
225     83     36     483
226     90     13     4456
227     166     36     677
228     175     44     2629
229     89     46     4263
230     100     15     1488
231     169     8     2754
232     150     36     7440
233     182     25     1707
234     85     24     1931
235     120     13     3871
236     75     39     7502
237     80     10     757
238     70     14     7832
239     144     47     1198
240     7     42     424
241     193     30     3053
242     31     47     2117
243     173     13     5230
244     138     1     1030
245     157     27     4945
246     34     42     586
247     45     30     4752
248     163     19     230
249     155     26     5853
250     132     3     1845
251     66     26     4944
252     34     33     1332
253     169     14     219
254     193     35     6102
255     75     26     431
256     170     15     228
257     49     13     4683
258     66     9     1423
259     20     29     55
260     8     45     2963
261     84     36     1423
262     194     8     5270
263     185     22     1169
264     33     47     3794
265     126     1     319
266     77     2     1384
267     138     26     7214
268     113     19     606
269     38     30     6907
270     10     20     1482
271     125     24     1306
272     63     35     4276
273     76     47     1870
274     34     18     3744
275     69     18     4449
276     109     15     772
277     26     32     7002
278     62     28     133
279     13     2     4794
280     198     22     1803
281     126     27     2814
282     43     22     2976
283     121     27     7730
284     193     4     1586
285     162     37     6719
286     19     8     1333
287     145     25     4869
288     6     8     1452
289     46     46     465
290     158     27     7533
291     144     10     877
292     199     17     2973
293     186     34     4068
294     91     34     518
295     150     8     7349
296     173     17     1202
297     124     1     5090
298     119     9     1655
299     84     46     1228
300     44     26     691
