1     69     12     1212
2     99     2     1320
3     95     29     7408
4     19     38     865
5     88     18     6829
6     66     6     457
7     67     42     912
8     25     6     6802
9     74     48     1086
10     91     3     6549
11     59     35     1476
12     90     23     3057
13     96     49     1525
14     88     16     2847
15     52     45     2700
16     38     28     6431
17     90     3     281
18     81     33     3337
19     86     26     1547
20     91     12     2257
21     34     29     6798
22     87     38     306
23     5     2     6539
24     63     17     1633
25     90     18     360
26     61     18     4531
27     51     27     1818
28     94     25     7660
29     48     18     640
30     57     17     6954
31     5     43     580
32     47     49     6859
33     71     31     1291
34     62     4     6447
35     21     3     299
36     16     33     1225
37     61     47     7115
38     93     30     800
39     3     33     992
40     39     24     4338
41     60     10     201
42     5     14     5619
43     49     18     1443
44     30     14     6665
45     70     11     675
46     52     34     704
47     26     34     6331
48     90     13     1345
49     98     44     1104
50     44     11     1845
51     95     45     2230
52     96     41     253
53     51     9     3839
54     71     28     1109
55     21     35     2464
56     77     30     3920
57     42     39     1647
58     44     13     5277
59     47     24     872
60     24     23     2621
61     55     13     5247
62     84     26     922
63     65     22     2279
64     11     13     7229
65     11     16     1724
66     3     7     4019
67     8     32     1212
68     76     45     5089
69     29     24     273
70     29     47     4514
71     66     9     1432
72     89     3     3765
73     82     30     1604
74     95     15     5796
75     5     17     1660
76     36     13     1898
77     25     18     5729
78     61     11     1172
79     47     14     5878
80     84     11     1881
81     29     5     5727
82     19     39     617
83     85     39     3421
84     33     46     4860
85     44     32     1881
86     99     44     6040
87     6     41     1311
88     74     40     1260
89     73     21     2611
90     17     12     922
91     18     34     7407
92     23     29     1882
93     20     19     5161
94     1     8     880
95     55     41     3666
96     17     10     3936
97     22     42     344
98     59     17     6985
99     87     38     440
100     32     29     5366
101     46     30     1055
102     53     20     2183
103     75     37     5854
104     19     21     1626
105     37     31     3655
106     24     17     7338
107     60     2     1042
108     18     34     1322
109     96     2     2103
110     51     10     3337
111     5     17     4170
112     42     23     695
113     95     39     859
114     85     8     6296
115     10     34     25
116     50     42     5048
117     60     37     983
118     20     28     5637
119     37     27     212
120     99     27     7015
121     20     19     1643
122     72     28     1461
123     11     20     2318
124     24     36     1138
125     14     30     1218
126     31     3     5169
127     5     38     419
128     20     13     2727
129     29     41     4573
130     59     35     133
131     45     22     4707
132     8     31     1270
133     76     5     1839
134     80     10     1440
135     23     26     5578
136     92     20     1401
137     87     12     6818
138     40     33     59
139     60     16     1833
140     60     43     842
141     38     42     4966
142     1     30     548
143     74     4     5644
144     32     37     477
145     9     20     4971
146     83     32     1597
147     78     17     6221
148     70     12     1770
149     20     40     3117
150     31     6     2733
151     58     40     4822
152     76     37     1756
153     86     12     2833
154     83     47     3492
155     49     40     6469
156     90     13     726
157     60     27     6373
158     36     23     1272
159     33     32     5917
160     18     24     1903
161     72     11     1875
162     17     1     5033
163     26     30     645
164     93     46     5079
165     85     14     1795
166     91     7     1277
167     6     42     5423
168     80     3     1312
169     35     21     1829
170     81     12     6305
171     81     44     354
172     38     25     5837
173     45     24     76
174     92     36     57
175     33     35     3041
176     62     48     7149
177     87     17     93
178     10     44     1318
179     44     16     856
180     64     21     7256
181     79     22     1198
182     77     30     2296
183     7     32     3056
184     96     24     6369
185     99     31     1131
186     32     39     688
187     72     24     363
188     34     13     1006
189     71     4     2129
190     58     36     4090
191     38     46     1505
192     60     10     1087
193     42     11     2111
194     53     37     7165
195     71     40     1020
196     19     29     6831
197     27     46     89
198     56     49     6575
199     61     16     1339
200     48     6     5445
201     89     20     705
202     39     8     6572
203     80     17     535
204     37     8     2331
205     99     8     2276
206     28     24     2422
207     35     20     3665
208     10     2     1591
209     68     40     4699
210     24     47     1821
211     94     11     5016
212     56     8     605
213     73     16     3764
214     36     30     4440
215     31     16     1619
216     42     7     392
217     67     27     2795
218     84     19     5417
219     66     7     10
220     16     46     5278
221     89     13     1632
222     17     31     1778
223     53     31     7468
224     3     31     1716
225     34     12     3993
226     69     27     634
227     70     43     7591
228     62     15     1336
229     9     1     198
230     52     15     3317
231     89     31     2451
232     24     40     4496
233     54     5     970
234     96     42     67
235     77     34     4905
236     56     35     1014
237     97     13     4984
238     84     40     1726
239     89     26     1472
240     1     37     4230
241     68     2     1891
242     73     9     6693
243     5     38     419
244     83     3     4375
245     60     22     165
246     49     47     3140
247     88     34     1665
248     83     20     6359
249     13     37     644
250     4     48     4105
251     1     22     1625
252     85     22     737
253     86     46     1580
254     67     2     7283
255     55     14     1861
256     11     9     1123
257     90     19     5475
258     75     26     1648
259     68     21     419
260     96     2     1890
261     72     35     1995
262     46     43     6205
263     20     16     266
264     12     38     5133
265     16     39     1403
266     87     48     1557
267     8     33     6921
268     29     39     69
269     61     1     1509
270     8     41     6299
271     1     39     1051
272     8     41     7386
273     2     3     318
274     84     29     5415
275     15     14     8
276     13     29     6246
277     54     25     1622
278     18     33     1415
279     21     27     3540
280     50     43     2071
281     42     2     4471
282     68     16     1231
283     21     28     6473
284     42     19     100
285     19     44     5743
286     45     7     499
287     75     26     3467
288     71     17     4395
289     61     20     366
290     31     47     534
291     30     24     1234
292     25     44     1507
293     82     8     898
294     12     1     698
295     65     37     2452
296     71     21     6660
297     9     46     396
298     43     7     786
299     73     19     4503
300     37     26     1740
