1     44     41     2367
2     11     84     80
3     12     82     1033
4     40     116     1738
5     31     56     502
6     43     11     1635
7     26     180     590
8     26     147     688
9     12     100     1448
10     10     116     334
11     18     8     2478
12     43     54     48
13     28     192     1792
14     33     179     564
15     49     68     248
16     48     10     195
17     18     20     443
18     27     155     1601
19     46     2     297
20     6     61     2523
21     45     111     472
22     43     69     109
23     24     91     2439
24     26     178     582
25     32     152     1828
26     10     12     66
27     3     155     653
28     13     36     2409
29     43     23     632
30     40     98     1630
31     9     6     69
32     49     68     2350
33     37     137     250
34     31     33     216
35     12     123     2462
36     46     34     251
37     8     159     621
38     31     75     1666
39     43     180     298
40     6     151     2154
41     17     183     442
42     28     161     229
43     27     79     2090
44     25     135     382
45     47     17     372
46     11     55     2210
47     23     42     156
48     32     12     1297
49     17     121     270
50     47     98     768
51     48     160     2557
52     6     121     287
53     13     48     455
54     9     6     1819
55     41     63     591
56     17     172     143
57     7     154     867
58     42     39     2099
59     38     178     140
60     21     115     496
61     46     37     1637
62     22     79     210
63     3     160     2199
64     19     173     362
65     27     144     663
66     3     43     2250
67     42     39     518
68     7     90     1011
69     12     157     1030
70     17     159     1760
71     25     117     594
72     35     121     657
73     31     185     141
74     3     176     430
75     15     144     1892
76     36     56     244
77     24     121     2048
78     43     188     295
79     27     152     2469
80     33     78     163
81     23     30     1153
82     43     1     469
83     32     32     934
84     7     19     1218
85     27     66     968
86     44     161     783
87     2     156     1617
88     21     182     285
89     1     147     691
90     20     181     1129
91     6     64     1547
92     2     144     566
93     45     94     196
94     48     41     1990
95     37     125     194
96     5     79     1220
97     42     133     2326
98     20     38     77
99     31     53     2032
100     8     3     533
