1     47     81     1402
2     12     180     434
3     15     81     1393
4     16     10     179
5     12     107     1377
6     32     176     421
7     12     67     2070
8     18     85     272
9     11     181     2225
10     36     72     211
11     49     126     80
12     44     45     1911
13     36     36     555
14     7     22     1421
15     5     24     400
16     17     9     696
17     15     62     617
18     45     124     2385
19     47     53     480
20     38     120     577
21     22     44     635
22     38     84     1519
23     5     49     232
24     40     140     2308
25     13     39     12
26     37     158     1566
27     13     69     141
28     13     67     2415
29     14     121     350
30     19     69     2401
31     48     128     166
32     21     18     959
33     46     32     484
34     42     53     2000
35     8     129     537
36     48     146     6
37     48     115     2440
38     22     131     181
39     8     20     185
40     14     169     1504
41     40     186     386
42     1     67     1544
43     48     17     429
44     33     71     2275
45     40     87     230
46     19     131     2297
47     5     127     403
48     36     23     1173
49     28     9     1394
50     14     113     554
51     33     167     986
52     11     155     279
53     24     66     693
54     24     28     786
55     11     83     438
56     48     66     2233
57     23     39     495
58     36     190     745
59     38     121     1875
60     29     191     605
61     23     198     2390
62     34     44     114
63     12     28     989
64     33     122     1349
65     41     145     518
66     4     119     1897
67     6     157     16
68     10     57     1084
69     29     41     2390
70     28     157     232
71     39     130     669
72     7     70     2253
73     43     159     543
74     44     149     1671
75     10     184     100
76     20     109     2232
77     27     117     31
78     27     198     133
79     25     89     26
80     19     115     696
81     18     146     178
82     18     196     1455
83     1     158     93
84     29     122     1280
85     10     168     336
86     4     33     232
87     13     71     1211
88     47     110     2468
89     35     90     93
90     23     109     2236
91     14     199     488
92     1     127     1441
93     31     196     524
94     46     36     1076
95     10     150     1986
96     49     32     527
97     40     3     971
98     6     183     2465
99     1     192     252
100     17     158     2284
