10.008     2499     2484
0.215     2484     2484
0.215     2484     2484
10.008     2499     2484
10.008     2484     2484
10.008     2484     2484
10.008     2499     2484
0.215     2484     2484
0.215     2484     2484
0.215     2484     2484
             
0.03     2786     2786
0.056     2786     2786
0.056     2786     2786
0.03     2786     2786
0.056     2786     2786
0.056     2786     2786
0.03     2786     2786
0.056     2786     2786
0.056     2786     2786
0.03     2786     2786
             
10.011     2490     2412
10.005     2490     2412
10.005     2490     2412
10.011     2490     2412
10.011     2490     2412
10.011     2490     2412
10.011     2490     2412
10.005     2490     2412
10.005     2490     2412
10.005     2490     2412
             
10.008     2680     2647
10.014     2680     2647
10.014     2680     2647
10.008     2680     2647
10.014     2680     2647
10.014     2680     2647
10.008     2680     2647
10.014     2680     2647
10.014     2680     2647
10.008     2680     2647
             
10.014     2818     2646
10.013     2822     2646
10.013     2818     2646
10.014     2818     2646
10.014     2818     2646
10.014     2818     2646
10.014     2818     2646
10.013     2818     2646
10.013     2822     2646
10.013     2818     2646
             
10.005     2440     2344
10.014     2422     2344
10.014     2422     2344
10.005     2440     2344
10.014     2422     2344
10.014     2422     2344
10.005     2440     2344
10.014     2422     2344
10.014     2422     2344
10.005     2422     2344
             
10.013     2720     2522.5
10.003     2720     2522.5
10.003     2720     2522.5
10.013     2720     2522.5
10.013     2720     2522.5
10.013     2720     2522.5
10.013     2720     2522.5
10.003     2720     2522.5
10.003     2720     2522.5
10.003     2720     2522.5
             
10.014     2618     2596
10.015     2618     2596
10.015     2618     2596
10.014     2618     2596
10.015     2618     2596
10.015     2618     2596
10.014     2618     2596
10.015     2618     2596
10.015     2618     2596
10.014     2618     2596
             
10.002     2622     2605
10.002     2626     2605
10.002     2622     2605
10.002     2622     2605
10.002     2619     2605
10.002     2619     2605
10.002     2622     2605
10.002     2622     2605
10.002     2626     2605
10.002     2622     2605
             
10.008     2674     2515
10.002     2674     2515
10.002     2674     2515
10.008     2674     2515
10.008     2674     2515
10.008     2674     2515
10.008     2674     2515
10.002     2674     2515
10.002     2674     2515
10.002     2674     2515
             
