1     184     7     3294
2     71     20     376
3     61     40     3936
4     178     1     287
5     169     20     2154
6     147     37     558
7     130     33     413
8     58     33     2623
9     66     34     546
10     61     43     1849
11     55     26     131
12     25     32     384
13     44     21     154
14     171     31     3502
15     23     30     872
16     31     7     3350
17     17     46     766
18     199     45     1844
19     187     49     2703
20     17     34     449
21     196     14     1055
22     10     24     1383
23     15     4     1947
24     39     20     2790
25     198     39     41
26     45     33     2682
27     102     13     117
28     155     16     3134
29     155     25     144
30     169     13     1760
31     195     20     854
32     121     16     2792
33     79     26     406
34     61     11     3661
35     122     36     627
36     46     18     2407
37     92     27     842
38     57     32     2467
39     149     43     798
40     99     26     3535
41     119     32     60
42     97     18     1054
43     151     49     4005
44     50     15     194
45     10     21     323
46     122     31     3612
47     145     4     160
48     181     24     3175
49     77     46     845
50     56     1     2722
51     93     36     254
52     134     48     3979
53     15     43     925
54     160     5     3825
55     131     45     728
56     171     13     1714
57     129     45     1707
58     20     25     1072
59     174     19     2513
60     35     12     202
61     185     32     151
62     125     20     629
63     89     34     1813
64     157     6     3016
65     141     42     41
66     159     23     2466
67     40     21     38
68     146     20     2024
69     101     39     446
70     106     30     373
71     50     33     2282
72     108     15     904
73     123     45     65
74     197     29     2842
75     14     23     800
76     153     6     2785
77     131     37     795
78     113     36     1944
79     160     18     2587
80     9     41     786
81     23     35     2151
82     11     34     892
83     180     22     155
84     111     2     202
85     75     13     2837
86     116     9     207
87     39     43     1678
88     85     48     1259
89     74     3     2700
90     117     6     909
91     184     29     2585
92     48     6     665
93     35     3     2769
94     86     17     688
95     30     3     3121
96     61     37     771
97     119     11     3656
98     73     23     709
99     63     28     3701
100     105     23     236
