1     38     144     758
2     119     171     1637
3     132     174     1109
4     55     67     3674
5     116     34     10197
6     111     82     1724
7     70     60     6160
8     75     194     2407
9     148     18     1439
10     7     154     2760
11     154     45     6868
12     197     35     2412
13     195     159     6684
14     106     129     354
15     114     64     6134
16     68     119     1674
17     56     196     8685
18     57     118     758
19     52     74     6073
20     57     166     202
21     55     56     9392
22     179     121     321
23     199     123     7317
24     27     162     455
25     180     2     6820
26     195     5     1316
27     14     104     4146
28     112     11     8255
29     7     159     732
30     1     147     7124
31     153     34     1943
32     50     68     2023
33     83     145     10434
34     191     25     967
35     132     90     8826
36     114     53     717
37     111     50     8333
38     190     158     2114
39     183     165     223
40     84     101     4486
41     103     143     150
42     50     175     7468
43     18     191     1373
44     186     142     5476
45     181     131     1203
46     12     182     4149
47     102     61     4558
48     170     104     1974
49     20     147     8050
50     197     54     1534
51     175     91     9274
52     48     88     2288
53     8     144     3045
54     37     144     4920
55     160     25     9085
56     1     41     2040
57     146     84     3210
58     143     61     2723
59     189     104     1034
60     17     112     517
61     187     88     8556
62     69     24     1413
63     78     53     3274
64     23     85     6883
65     95     41     1757
66     124     62     3486
67     6     82     6487
68     196     64     744
69     32     118     5478
70     69     126     324
71     178     98     3016
72     188     146     8182
73     59     155     2557
74     151     104     4656
75     191     35     3913
76     161     99     7605
77     67     1     2163
78     80     29     4253
79     104     85     6744
80     183     156     2233
81     61     45     5070
82     192     52     899
83     151     25     4236
84     87     37     7514
85     41     157     1985
86     146     26     1289
87     100     82     3650
88     83     5     8980
89     149     10     305
90     49     14     7255
91     67     2     2513
92     18     23     804
93     186     37     8950
94     194     161     480
95     123     74     2009
96     28     20     7727
97     34     175     779
98     170     32     9902
99     131     87     76
100     122     167     7881
