1     43     6     3385
2     116     199     4269
3     101     81     1671
4     128     72     5733
5     104     169     1814
6     22     92     6457
7     199     70     1439
8     166     137     1461
9     70     139     6891
10     82     169     104
11     50     115     2902
12     108     119     5244
13     21     6     1082
14     152     92     3054
15     179     41     5032
16     184     20     1805
17     5     168     1809
18     4     168     5534
19     78     119     1266
20     77     75     2218
21     71     167     489
22     175     51     2670
23     137     58     5017
24     151     42     1595
25     35     192     1350
26     7     123     4124
27     149     158     1481
28     25     163     5701
29     31     13     1613
30     148     70     1731
31     97     84     218
32     59     166     5138
33     10     151     1165
34     124     56     5785
35     90     71     1683
36     62     123     1090
37     180     106     2319
38     9     18     330
39     9     95     6486
40     167     90     1550
41     2     196     3019
42     146     188     7399
43     182     183     969
44     80     30     5065
45     186     95     1370
46     98     179     229
47     130     97     4642
48     91     49     1058
49     121     117     3999
50     176     53     775
51     123     91     2392
52     135     89     5165
53     134     3     886
54     84     71     2160
55     195     144     109
56     104     111     5465
57     85     181     154
58     29     117     7366
59     74     20     1261
60     35     142     5171
61     168     26     1776
62     42     145     2720
63     52     68     3154
64     183     43     7699
65     91     58     695
66     112     138     1570
67     190     124     848
68     75     197     3416
69     33     73     729
70     41     159     3195
71     160     173     4684
72     143     50     1292
73     34     54     5673
74     84     20     1927
75     32     60     565
76     38     140     6948
77     127     58     117
78     149     90     783
79     43     109     3998
80     10     112     522
81     175     55     3865
82     19     10     6156
83     167     65     871
84     167     52     6172
85     20     25     720
86     20     13     1971
87     20     194     3461
88     185     164     3692
89     112     49     5954
90     114     12     1759
91     155     177     7618
92     124     131     28
93     99     190     733
94     38     59     3135
95     153     89     6055
96     126     78     186
97     18     178     1307
98     72     124     5230
99     108     195     946
100     70     181     1281
101     168     162     6323
102     138     14     977
103     170     15     5160
104     58     61     706
105     33     6     7634
106     115     112     664
107     189     142     6007
108     195     27     164
109     29     180     29
110     67     123     960
111     99     40     7613
112     148     18     674
113     94     118     820
114     82     85     478
115     134     160     4924
116     108     179     1298
117     79     60     4810
118     123     123     1504
119     26     3     1438
120     20     33     632
121     186     96     3986
122     8     195     1471
123     151     71     2554
124     198     70     4010
125     85     169     687
126     178     167     165
127     35     129     2327
128     18     97     690
129     126     30     4954
130     121     15     922
131     163     49     3954
132     92     62     1939
133     178     155     5804
134     121     196     1599
135     169     84     1093
136     66     139     6530
137     38     136     1120
138     102     86     1272
139     151     64     6014
140     59     94     1863
141     83     42     3371
142     55     51     7142
143     70     120     974
144     19     118     5203
145     157     6     1659
146     126     56     747
147     123     55     1948
148     147     72     4207
149     47     163     1108
150     54     36     2368
151     70     61     5007
152     32     87     1589
153     84     152     7176
154     107     160     63
155     8     109     3452
156     99     55     2570
157     110     21     3336
158     70     129     3863
159     152     60     3707
160     3     44     3380
161     124     175     7380
162     192     2     237
163     191     138     1420
164     142     91     1310
165     111     39     3766
166     42     112     7644
167     39     62     1047
168     163     192     5475
169     4     128     1662
170     113     40     6947
171     92     58     222
172     85     91     971
173     47     82     4166
174     99     29     1416
175     51     144     6522
176     51     94     763
177     142     38     2884
178     35     106     4167
179     82     116     1818
180     166     28     3102
181     61     102     1007
182     37     2     6887
183     114     185     1186
184     89     175     5691
185     85     48     704
186     50     36     6596
187     163     1     727
188     43     12     5578
189     172     121     403
190     167     75     3936
191     113     1     651
192     29     99     4015
193     87     8     852
194     50     32     919
195     51     121     7192
196     189     175     1255
197     111     178     6757
198     12     49     4
199     128     114     1571
200     172     103     170
