20.007     2119     2038
20.904     2107     2038
20.904     2107     2038
20.007     2119     2038
20.904     2119     2038
20.904     2119     2038
20.007     2119     2038
20.904     2107     2038
20.904     2107     2038
20.904     2119     2038
             
20.008     1962     1900
20.005     1973     1900
20.005     1973     1900
20.008     1962     1900
20.008     1973     1900
20.008     1973     1900
20.008     1962     1900
20.005     1973     1900
20.005     1973     1900
20.008     1973     1900
             
20.443     1944     1895.4
20.012     1951     1895.4
20.012     1951     1895.4
20.443     1944     1895.4
20.443     1951     1895.4
20.443     1951     1895.4
20.443     1944     1895.4
20.012     1951     1895.4
20.012     1951     1895.4
20.443     1951     1895.4
             
20.105     1893     1851.8
20.656     1884     1851.8
20.656     1884     1851.8
20.105     1893     1851.8
20.656     1884     1851.8
20.656     1884     1851.8
20.105     1893     1851.8
20.656     1884     1851.8
20.656     1884     1851.8
20.656     1893     1851.8
             
20.726     2074     2026.6
20.010     2083     2026.6
20.010     2073     2026.6
20.726     2085     2026.6
20.726     2074     2026.6
20.726     2074     2026.6
20.726     2085     2026.6
20.010     2073     2026.6
20.010     2083     2026.6
20.726     2083     2026.6
             
20.796     1969     1911.6
20.226     1963     1911.6
20.226     1963     1911.6
20.796     1969     1911.6
20.796     1969     1911.6
20.796     1969     1911.6
20.796     1969     1911.6
20.226     1963     1911.6
20.226     1963     1911.6
20.796     1969     1911.6
             
20.001     2062     1987.4
20.006     2051     1987.4
20.006     2062     1987.4
20.001     2062     1987.4
20.006     2062     1987.4
20.006     2062     1987.4
20.001     2062     1987.4
20.006     2062     1987.4
20.006     2051     1987.4
20.006     2062     1987.4
             
20.000     2186     2074.4
20.013     2187     2074.4
20.013     2187     2074.4
20.000     2186     2074.4
20.013     2187     2074.4
20.013     2187     2074.4
20.000     2186     2074.4
20.013     2187     2074.4
20.013     2187     2074.4
20.013     2187     2074.4
             
20.010     2001     1958.4
20.701     1994     1958.4
20.701     1994     1958.4
20.010     2001     1958.4
20.701     2001     1958.4
20.701     2001     1958.4
20.010     2001     1958.4
20.701     1994     1958.4
20.701     1994     1958.4
20.701     2001     1958.4
             
20.006     1967     1929.8
20.925     1971     1929.8
20.925     1971     1929.8
20.006     1967     1929.8
20.925     1971     1929.8
20.925     1971     1929.8
20.006     1967     1929.8
20.925     1971     1929.8
20.925     1971     1929.8
20.925     1971     1929.8
             
