1     4     7     3892
2     77     19     864
3     21     42     2423
4     48     8     2561
5     70     48     357
6     45     14     2800
7     23     29     1181
8     79     31     117
9     35     14     1513
10     59     16     2427
11     62     4     3686
12     77     30     1184
13     37     43     4331
14     77     13     914
15     18     30     491
16     59     19     1730
17     61     17     4471
18     11     21     604
19     8     46     4241
20     12     44     937
21     3     31     3330
22     22     38     1165
23     7     46     2841
24     35     2     507
25     66     7     2616
26     53     9     529
27     26     13     4686
28     96     35     32
29     99     36     592
30     82     16     3272
31     90     36     811
32     10     14     3523
33     70     47     174
34     46     12     2426
35     8     31     1027
36     53     37     2246
37     17     22     3621
38     66     12     833
39     15     15     42
40     20     43     1269
41     9     3     2790
42     87     34     1079
43     27     38     4204
44     66     48     800
45     63     39     3830
46     2     16     476
47     17     35     2169
48     71     34     4544
49     4     14     602
50     61     47     661
51     93     3     1692
52     54     22     2188
53     83     19     1897
54     3     21     4478
55     94     21     924
56     9     19     2549
57     62     26     62
58     63     5     2457
59     23     49     887
60     28     39     812
61     43     42     1744
62     74     41     3054
63     66     17     502
64     22     22     2780
65     21     4     161
66     33     29     3355
67     93     28     1144
68     96     13     849
69     81     6     416
70     52     32     907
71     14     21     2668
72     53     2     385
73     83     42     585
74     33     27     2697
75     35     14     740
76     82     6     422
77     50     27     4309
78     30     14     962
79     28     6     411
80     44     10     4768
81     4     45     598
82     92     3     2485
83     70     18     816
84     94     25     938
85     6     28     2832
86     3     43     217
87     95     6     2144
88     11     14     343
89     79     36     3966
90     30     4     1127
91     66     18     1632
92     37     14     3796
93     57     45     720
94     93     40     246
95     36     38     1355
96     77     38     3081
97     94     4     718
98     51     29     1416
99     76     43     1687
100     53     30     456
101     62     46     3113
102     31     21     49
103     27     26     1132
104     3     9     913
105     28     25     482
106     64     40     791
107     54     9     3536
108     52     41     277
109     53     25     4037
110     24     8     1071
111     2     49     3834
112     17     16     608
113     7     28     4024
114     39     15     88
115     79     26     2816
116     64     13     763
117     91     13     261
118     87     21     4891
119     66     6     243
120     93     11     119
121     53     32     1345
122     64     27     1461
123     36     22     1894
124     92     20     3845
125     45     29     812
126     8     9     2321
127     95     33     3859
128     49     42     74
129     71     15     3743
130     73     37     134
131     32     12     228
132     47     11     1986
133     27     1     4293
134     16     44     135
135     70     12     1376
136     84     27     1443
137     57     15     402
138     51     45     794
139     27     31     2630
140     10     25     407
141     24     31     3165
142     29     32     1011
143     67     12     2438
144     53     10     2513
145     66     12     1215
146     59     14     2230
147     88     10     2409
148     57     32     955
149     1     16     2484
150     21     12     28
151     91     48     1046
152     60     17     2836
153     1     39     1166
154     2     1     3548
155     41     6     1017
156     31     37     3298
157     68     17     459
158     85     23     3078
159     13     41     937
160     84     44     1398
161     3     2     2854
162     71     35     1129
163     19     15     609
164     89     12     4554
165     10     8     256
166     50     17     4227
167     31     35     313
168     92     40     3468
169     98     42     824
170     69     21     176
171     67     11     3734
172     62     8     285
173     42     10     3304
174     14     22     93
175     6     41     456
176     35     5     1169
177     22     3     4335
178     23     9     1085
179     8     1     3193
180     28     21     491
181     58     31     3884
182     16     23     994
183     41     14     2691
184     84     16     967
185     25     20     2008
186     85     43     3691
187     64     8     12
188     6     33     4234
189     32     47     586
190     99     33     615
191     91     32     1585
192     28     17     4848
193     93     13     636
194     81     33     2112
195     16     19     1881
196     69     10     1197
197     7     2     2045
198     26     44     99
199     86     35     4554
200     93     1     53
201     8     34     1112
202     87     31     1139
203     7     37     830
204     63     40     2817
205     87     26     180
206     50     7     3398
207     76     3     378
208     67     24     4925
209     39     34     1203
210     49     16     1923
211     95     45     238
212     5     44     2449
213     19     17     2476
214     40     16     265
215     70     21     4577
216     82     17     140
217     63     1     4572
218     7     11     525
219     32     33     3967
220     37     49     595
221     46     1     744
222     73     40     585
223     19     13     1032
224     9     18     4261
225     96     14     216
226     75     24     2614
227     88     12     1141
228     47     29     2849
229     98     18     693
230     36     16     3183
231     21     38     240
232     1     15     3051
233     21     24     1143
234     56     18     3484
235     98     25     108
236     7     49     3749
237     14     29     1085
238     21     20     3029
239     34     26     783
240     31     27     897
241     29     14     1099
242     71     39     693
243     57     28     4416
244     84     25     94
245     55     20     2025
246     30     8     4501
247     33     18     1066
248     29     3     4648
249     18     4     34
250     99     38     86
251     94     46     4761
252     52     19     1214
253     49     14     2211
254     6     8     1252
255     99     33     4475
256     7     31     1154
257     61     30     3196
258     93     36     532
259     42     21     881
260     90     26     1714
261     44     5     2622
262     39     16     347
263     96     9     210
264     69     11     78
265     7     26     3491
266     6     19     1068
267     24     36     2671
268     70     22     418
269     25     49     4043
270     96     13     1166
271     12     6     1094
272     4     3     4903
273     63     15     92
274     55     18     2917
275     95     2     430
276     79     32     4171
277     68     7     951
278     84     26     3672
279     93     30     105
280     30     38     2539
281     88     20     1168
282     81     12     4817
283     78     21     380
284     28     10     2735
285     40     39     67
286     57     17     2437
287     11     41     2177
288     39     25     2926
289     5     30     727
290     42     22     1368
291     38     22     676
292     82     44     2682
293     16     20     498
294     95     42     90
295     9     33     4413
296     98     10     205
297     11     8     3069
298     69     12     804
299     88     32     2110
300     80     46     3378
301     57     7     216
302     72     17     2844
303     75     47     749
304     91     7     2778
305     41     36     95
306     49     26     3798
307     20     2     337
308     65     43     1335
309     85     39     3636
310     85     37     447
311     19     7     1891
312     21     47     2475
313     66     9     1015
314     25     22     1507
315     97     39     1643
316     31     27     4506
317     24     12     736
318     96     24     4866
319     7     28     260
320     8     38     402
321     46     42     1501
322     76     22     3968
323     95     28     933
324     84     1     971
325     53     5     2929
326     36     48     141
327     64     44     4857
328     57     48     214
329     14     36     2313
330     16     13     1419
331     6     10     43
332     81     41     1415
333     79     47     761
334     39     44     2392
335     21     20     3993
336     51     5     812
337     62     16     3626
338     22     26     398
339     31     33     4707
340     45     39     383
341     93     41     4605
342     5     22     103
343     1     9     294
344     40     19     1928
345     46     34     1224
346     31     47     2999
347     74     45     1195
348     66     6     1950
349     28     24     1629
350     82     19     683
351     60     15     1428
352     16     4     3260
353     71     23     49
354     88     9     2233
355     88     48     3199
356     20     25     50
357     53     35     2899
358     90     30     1025
359     19     12     2247
360     29     49     1478
361     59     20     3466
362     13     7     500
363     99     34     153
364     81     13     317
365     43     15     4543
366     65     36     775
367     98     1     4494
368     27     3     1145
369     89     12     2759
370     32     23     834
371     35     28     2239
372     61     6     2166
373     96     18     4188
374     39     7     966
375     66     27     4554
376     66     46     136
377     18     11     2272
378     11     12     2274
379     17     46     4334
380     64     42     933
381     92     28     1178
382     17     17     1562
383     44     43     1776
384     49     9     4202
385     9     14     644
386     93     1     3178
387     4     20     1010
388     69     22     3295
389     59     4     344
390     37     13     1796
391     44     19     3458
392     87     35     537
393     10     11     2821
394     58     9     85
395     28     2     790
396     65     32     4905
397     56     49     694
398     13     28     2424
399     71     46     4564
400     91     29     108
401     10     1     4676
402     16     39     365
403     71     7     2170
404     49     12     2969
405     78     23     132
406     15     3     1701
407     93     20     2400
408     79     48     3438
409     74     31     232
410     16     12     955
411     85     21     2926
412     39     40     836
413     65     6     3667
414     1     46     302
415     13     32     3858
416     75     23     1043
417     12     29     995
418     70     26     2429
419     18     2     2775
420     59     18     8
421     89     31     1378
422     19     31     4471
423     39     31     557
424     35     2     1064
425     2     24     1363
426     41     30     228
427     62     41     4791
428     24     15     753
429     86     32     3192
430     35     12     213
431     45     18     4459
432     5     46     163
433     86     18     2563
434     10     49     958
435     93     41     648
436     63     3     1531
437     40     17     4078
438     36     16     380
439     58     16     2545
440     8     10     1031
441     35     36     4229
442     93     29     431
443     11     23     3018
444     97     35     1217
445     11     28     3699
446     61     5     1029
447     16     46     192
448     47     18     2215
449     76     16     87
450     20     1     4930
451     96     12     954
452     52     8     4183
453     47     34     995
454     53     39     4202
455     64     32     140
456     15     28     3608
457     51     48     362
458     87     9     4698
459     56     42     1176
460     87     17     3657
461     36     2     990
462     56     7     73
463     37     14     2103
464     21     18     1936
465     24     7     4523
466     50     16     1079
467     83     49     2028
468     62     28     651
469     26     38     2502
470     31     16     488
471     82     18     4344
472     63     49     171
473     72     20     41
474     27     39     1715
475     95     35     2432
476     7     44     217
477     22     24     628
478     13     18     362
479     23     15     2369
480     23     25     1449
481     90     49     4248
482     39     1     1160
483     44     12     3565
484     4     15     365
485     77     28     1564
486     66     27     158
487     11     46     3985
488     47     36     267
489     69     35     4123
490     25     39     1073
491     84     24     4147
492     18     39     576
493     77     12     3008
494     31     48     510
495     86     10     3819
496     96     38     356
497     57     26     4332
498     14     46     833
499     89     37     1901
500     61     2     1944
