50.383     9648     9452.8
50.249     9646     9452.8
50.249     9646     9452.8
50.383     9648     9452.8
50.383     9648     9452.8
50.383     9648     9452.8
50.383     9648     9452.8
50.249     9646     9452.8
50.249     9646     9452.8
50.249     9646     9452.8
             
50.498     10105     9889.4
50.701     10088     9889.4
50.701     10102     9889.4
50.498     10088     9889.4
50.701     10102     9889.4
50.701     10102     9889.4
50.498     10088     9889.4
50.701     10102     9889.4
50.701     10088     9889.4
50.498     10088     9889.4
             
50.631     9677     9523
50.328     9696     9523
50.328     9677     9523
50.631     9677     9523
50.631     9672     9523
50.631     9672     9523
50.631     9677     9523
50.328     9677     9523
50.328     9696     9523
50.328     9677     9523
             
50.188     10150     9954.2
50.504     10135     9954.2
50.504     10135     9954.2
50.188     10150     9954.2
50.504     10135     9954.2
50.504     10135     9954.2
50.188     10150     9954.2
50.504     10135     9954.2
50.504     10135     9954.2
50.188     10135     9954.2
             
50.475     9823     9655
50.470     9905     9655
50.470     9823     9655
50.475     9823     9655
50.475     9823     9655
50.475     9823     9655
50.475     9823     9655
50.470     9823     9655
50.470     9905     9655
50.470     9823     9655
             
50.192     10326     10073.2
50.616     10319     10073.2
50.616     10319     10073.2
50.192     10310     10073.2
50.616     10310     10073.2
50.616     10310     10073.2
50.192     10310     10073.2
50.616     10319     10073.2
50.616     10319     10073.2
50.192     10319     10073.2
             
50.059     10194     9941.2
50.210     10185     9941.2
50.210     10185     9941.2
50.059     10194     9941.2
50.210     10195     9941.2
50.210     10195     9941.2
50.059     10194     9941.2
50.210     10185     9941.2
50.210     10185     9941.2
50.059     10185     9941.2
             
50.418     10558     10261
50.155     10596     10261
50.155     10558     10261
50.418     10558     10261
50.418     10558     10261
50.418     10558     10261
50.418     10558     10261
50.155     10558     10261
50.155     10596     10261
50.155     10558     10261
             
50.298     10101     9825
50.032     10033     9825
50.032     10033     9825
50.298     10101     9825
50.298     10086     9825
50.298     10086     9825
50.298     10101     9825
50.032     10033     9825
50.032     10033     9825
50.032     10033     9825
             
50.533     10223     10010.4
50.168     10268     10010.4
50.168     10240     10010.4
50.533     10223     10010.4
50.533     10223     10010.4
50.533     10223     10010.4
50.533     10223     10010.4
50.168     10240     10010.4
50.168     10268     10010.4
50.168     10223     10010.4
             
