20.907     1249     1185.5
20.000     1251     1185.5
20.000     1251     1185.5
20.907     1249     1185.5
20.907     1251     1185.5
20.907     1251     1185.5
20.907     1249     1185.5
20.000     1251     1185.5
20.000     1251     1185.5
20.907     1251     1185.5
             
20.143     1289     1210
20.000     1261     1210
20.000     1261     1210
20.143     1289     1210
20.143     1289     1210
20.143     1289     1210
20.143     1289     1210
20.000     1261     1210
20.000     1261     1210
20.143     1289     1210
             
20.513     1219     1161.13
20.000     1215     1161.13
20.000     1215     1161.13
20.513     1219     1161.13
20.513     1219     1161.13
20.513     1219     1161.13
20.513     1219     1161.13
20.000     1215     1161.13
20.000     1215     1161.13
20.513     1219     1161.13
             
20.000     1256     1177.25
20.106     1245     1177.25
20.106     1245     1177.25
20.000     1256     1177.25
20.106     1256     1177.25
20.106     1256     1177.25
20.000     1256     1177.25
20.106     1245     1177.25
20.106     1245     1177.25
20.106     1256     1177.25
             
20.000     1239     1175
20.000     1243     1175
20.000     1243     1175
20.000     1239     1175
20.000     1243     1175
20.000     1243     1175
20.000     1239     1175
20.000     1243     1175
20.000     1243     1175
20.000     1243     1175
             
20.140     1259     1175.75
20.193     1247     1175.75
20.193     1247     1175.75
20.140     1259     1175.75
20.193     1259     1175.75
20.193     1259     1175.75
20.140     1259     1175.75
20.193     1247     1175.75
20.193     1247     1175.75
20.193     1259     1175.75
             
20.381     1242     1187.5
20.788     1235     1187.5
20.788     1235     1187.5
20.381     1242     1187.5
20.788     1242     1187.5
20.788     1242     1187.5
20.381     1242     1187.5
20.788     1235     1187.5
20.788     1235     1187.5
20.788     1242     1187.5
             
20.381     1253     1184.13
20.376     1254     1184.13
20.376     1254     1184.13
20.381     1253     1184.13
20.381     1254     1184.13
20.381     1254     1184.13
20.381     1253     1184.13
20.376     1254     1184.13
20.376     1254     1184.13
20.381     1254     1184.13
             
20.244     1273     1197.38
20.278     1269     1197.38
20.278     1269     1197.38
20.244     1273     1197.38
20.278     1273     1197.38
20.278     1273     1197.38
20.244     1273     1197.38
20.278     1269     1197.38
20.278     1269     1197.38
20.278     1273     1197.38
             
20.000     1213     1153.13
20.000     1210     1153.13
20.000     1210     1153.13
20.000     1213     1153.13
20.000     1213     1153.13
20.000     1213     1153.13
20.000     1213     1153.13
20.000     1210     1153.13
20.000     1210     1153.13
20.000     1213     1153.13
             
