20.002     1237     1185.5
20.010     1237     1185.5
20.010     1237     1185.5
20.002     1237     1185.5
20.010     1237     1185.5
20.010     1237     1185.5
20.002     1237     1185.5
20.010     1237     1185.5
20.010     1237     1185.5
20.010     1237     1185.5
             
20.028     1263     1210
20.005     1275     1210
20.005     1275     1210
20.028     1263     1210
20.028     1275     1210
20.028     1275     1210
20.028     1263     1210
20.005     1275     1210
20.005     1275     1210
20.028     1275     1210
             
20.002     1204     1161.13
20.017     1202     1161.13
20.017     1202     1161.13
20.002     1204     1161.13
20.017     1204     1161.13
20.017     1204     1161.13
20.002     1204     1161.13
20.017     1202     1161.13
20.017     1202     1161.13
20.017     1204     1161.13
             
20.011     1242     1177.25
20.001     1233     1177.25
20.001     1233     1177.25
20.011     1242     1177.25
20.011     1242     1177.25
20.011     1242     1177.25
20.011     1242     1177.25
20.001     1233     1177.25
20.001     1233     1177.25
20.011     1242     1177.25
             
20.007     1212     1175
20.009     1220     1175
20.009     1220     1175
20.007     1212     1175
20.009     1220     1175
20.009     1220     1175
20.007     1212     1175
20.009     1220     1175
20.009     1220     1175
20.009     1220     1175
             
20.004     1233     1175.75
20.005     1243     1175.75
20.005     1243     1175.75
20.004     1233     1175.75
20.005     1243     1175.75
20.005     1243     1175.75
20.004     1233     1175.75
20.005     1243     1175.75
20.005     1243     1175.75
20.005     1243     1175.75
             
20.007     1244     1187.5
20.013     1228     1187.5
20.013     1228     1187.5
20.007     1244     1187.5
20.013     1244     1187.5
20.013     1244     1187.5
20.007     1244     1187.5
20.013     1228     1187.5
20.013     1228     1187.5
20.013     1244     1187.5
             
20.003     1242     1184.13
20.013     1234     1184.13
20.013     1239     1184.13
20.003     1242     1184.13
20.013     1242     1184.13
20.013     1242     1184.13
20.003     1242     1184.13
20.013     1239     1184.13
20.013     1234     1184.13
20.013     1242     1184.13
             
20.012     1272     1197.38
20.007     1260     1197.38
20.007     1260     1197.38
20.012     1272     1197.38
20.012     1272     1197.38
20.012     1272     1197.38
20.012     1272     1197.38
20.007     1260     1197.38
20.007     1260     1197.38
20.012     1272     1197.38
             
20.006     1210     1153.13
20.012     1207     1153.13
20.012     1207     1153.13
20.006     1210     1153.13
20.012     1210     1153.13
20.012     1210     1153.13
20.006     1210     1153.13
20.012     1207     1153.13
20.012     1207     1153.13
20.012     1210     1153.13
             
