0       195       195
0       195       195
0       195       195
0       195       195
0       195       195
0       195       195
0       195       195
0       195       195
0       195       195
0       195       195

0       173       173
0       173       173
0       173       173
0       173       173
0       173       173
0       173       173
0       173       173
0       173       173
0.013       173       173
0       173       173

0       201       201
0       201       201
0       201       201
0       201       201
0       201       201
0       201       201
0       201       201
0       201       201
0       201       201
0       201       201

0       191       191
0       191       191
0       191       191
0       191       191
0       191       191
0       191       191
0       191       191
0       191       191
0       191       191
0       191       191

0       201       201
0       201       201
0       201       201
0       201       201
0       201       201
0       201       201
0       201       201
0.015       201       201
0       201       201
0       201       201

0       204       204
0       204       204
0       204       204
0       204       204
0       204       204
0       204       204
0       204       204
0       204       204
0       204       204
0       204       204

0       164       164
0       164       164
0       164       164
0       164       164
0       164       164
0       164       164
0       164       164
0       164       164
0       164       164
0       164       164

0       240       240
0       240       240
0       240       240
0       240       240
0       240       240
0       240       240
0       240       240
0       240       240
0       240       240
0       240       240

1.008       241       161
1.006       241       161
1.007       241       161
1.003       241       161
1.003       241       161
1.008       241       161
1.001       241       161
1.002       241       161
1.001       241       161
1.002       241       161

0       141       141
0       141       141
0       141       141
0       141       141
0       141       141
0       141       141
0       141       141
0       141       141
0       141       141
0       141       141

