1     90     26     6956
2     22     45     624
3     78     9     6581
4     39     3     765
5     9     36     1995
6     2     20     4189
7     57     28     1819
8     39     9     8
9     82     8     124
10     40     43     2914
11     23     12     2213
12     94     45     1333
13     48     46     7106
14     9     42     1322
15     7     41     1803
16     16     10     5530
17     72     13     976
18     91     4     3985
19     95     26     1591
20     48     9     1496
21     42     32     1968
22     79     35     3240
23     29     27     6971
24     80     7     1389
25     73     8     2909
26     12     33     4545
27     4     3     1140
28     31     1     1339
29     12     33     3649
30     55     18     1027
31     68     47     5529
32     92     8     134
33     65     34     3831
34     28     17     753
35     66     21     2660
36     27     44     5144
37     50     15     1723
38     27     12     2355
39     46     40     958
40     24     17     2232
41     88     21     2113
42     38     15     5292
43     16     35     1433
44     86     48     2416
45     24     46     4413
46     59     1     885
47     81     4     452
48     50     1     5839
49     14     42     1657
50     38     31     834
51     3     44     5313
52     88     39     438
53     64     5     1877
54     61     21     5475
55     30     38     535
56     2     37     5767
57     64     48     169
58     54     18     5994
59     45     20     32
60     34     34     7033
61     77     21     1319
62     19     38     6803
63     51     12     544
64     98     39     4751
65     41     13     1296
66     58     20     5246
67     25     14     192
68     74     31     1664
69     57     5     2641
70     81     17     6759
71     35     28     1570
72     7     48     1345
73     26     35     1137
74     37     35     4449
75     69     29     1201
76     47     28     3444
77     29     22     819
78     94     10     6827
79     6     8     1170
80     96     2     127
81     6     46     5921
82     37     14     864
83     58     26     627
84     49     38     3882
85     5     27     1515
86     47     39     211
87     55     45     663
88     42     19     5305
89     22     35     407
90     63     5     2030
91     63     22     6329
92     31     22     536
93     26     1     2890
94     38     14     5404
95     90     26     248
96     1     9     2954
97     67     16     4956
98     14     37     424
99     20     10     5115
100     82     33     209
101     77     18     4978
102     43     21     459
103     16     21     3995
104     77     10     1095
105     57     30     3602
106     40     29     4689
107     31     38     1011
108     28     49     3132
109     5     4     180
110     88     11     4127
111     74     28     539
112     45     23     3735
113     53     27     293
114     71     33     2478
115     28     25     5604
116     30     23     1059
117     56     27     458
118     54     9     213
119     1     33     1602
120     58     39     5656
121     71     35     175
122     98     29     5030
123     50     1     1576
124     22     38     2757
125     38     13     6138
126     71     8     283
127     95     12     5483
128     30     14     837
129     47     44     3321
130     75     6     6396
131     93     40     1112
132     33     10     5790
133     2     15     982
134     38     15     6220
135     96     30     648
136     58     24     2695
137     48     35     4371
138     71     17     1798
139     28     21     7048
140     72     21     651
141     60     16     4501
142     82     18     1149
143     46     22     3246
144     48     39     6453
145     92     43     856
146     35     28     5413
147     83     35     1398
148     87     49     5
149     12     34     5350
150     78     38     1728
151     43     35     3779
152     27     43     926
153     85     44     6210
154     46     6     1378
155     66     13     6104
156     74     10     1200
157     73     22     6222
158     66     4     30
159     26     44     3294
160     99     27     2227
161     40     33     5196
162     25     10     1636
163     14     24     516
164     17     8     1547
165     17     2     3213
166     30     44     6233
167     95     45     175
168     75     38     2302
169     56     9     5900
170     5     37     521
171     51     3     6234
172     7     40     801
173     81     4     2988
174     63     1     1550
175     91     38     5971
176     77     17     1370
177     80     25     1184
178     59     35     3763
179     78     33     1242
180     32     38     3285
181     42     10     760
182     1     12     1997
183     94     7     1039
184     30     26     6791
185     21     20     207
186     16     39     6819
187     10     25     47
188     25     42     4998
189     21     11     1371
190     49     22     475
191     3     48     2140
192     97     19     3224
193     19     9     536
194     69     2     3914
195     55     2     772
196     44     10     319
197     72     8     6641
198     56     1     926
199     44     37     2050
200     5     1     3131
201     80     43     1617
202     94     48     4772
203     40     35     1132
204     22     49     5958
205     56     35     635
206     96     24     2788
207     48     1     2206
208     33     5     2374
209     95     3     2264
210     43     46     1147
211     75     42     37
212     88     16     6088
213     49     19     1440
214     24     3     1662
215     2     40     6420
216     1     37     1155
217     4     18     676
218     16     27     5967
219     88     44     1241
220     27     46     5996
221     63     33     1012
222     73     14     6210
223     80     15     1589
224     5     1     2119
225     44     47     5012
226     98     4     1815
227     68     47     436
228     88     37     3574
229     23     8     1955
230     64     17     1988
231     62     15     5594
232     11     10     371
233     74     8     7245
234     26     44     1799
235     79     25     6557
236     71     10     38
237     24     21     1281
238     69     2     1912
239     46     16     657
240     40     20     7206
241     59     40     144
242     20     20     1371
243     6     10     697
244     79     43     2914
245     94     31     686
246     14     35     785
247     49     38     7238
248     66     42     1600
249     15     35     1013
250     81     28     6282
251     26     21     281
252     70     5     2135
253     22     11     6768
254     91     27     264
255     34     3     7033
256     96     22     1104
257     26     8     6977
258     72     27     1245
259     28     33     424
260     97     41     1906
261     5     44     6896
262     5     49     72
263     29     44     2509
264     5     19     2976
265     49     20     4551
266     36     42     235
267     52     7     4351
268     63     41     1735
269     30     48     4774
270     92     25     1684
271     7     31     2614
272     32     31     4505
273     58     13     140
274     60     24     81
275     8     31     210
276     68     41     701
277     91     42     6177
278     97     28     291
279     85     6     3170
280     48     9     1657
281     27     6     521
282     15     14     6837
283     51     31     244
284     88     6     5524
285     22     26     1791
286     39     4     1072
287     30     38     4722
288     90     32     1104
289     3     31     3045
290     74     22     6307
291     62     44     1031
292     29     5     5450
293     31     43     378
294     1     21     5882
295     23     24     1597
296     10     14     399
297     85     24     7242
298     42     26     671
299     14     38     2846
300     55     25     135
