50.001     10187     9915
50.001     10187     9915
50.001     10187     9915
50.001     10187     9915
50.001     10187     9915
50.001     10187     9915
50.001     10187     9915
50.001     10187     9915
50.001     10187     9915
50.001     10187     9915
             
50.001     10217     9940
50.000     10245     9940
50.000     10245     9940
50.001     10217     9940
50.001     10245     9940
50.001     10245     9940
50.001     10217     9940
50.000     10245     9940
50.000     10245     9940
50.001     10245     9940
             
0.057     10493     10493
0.076     10493     10493
0.076     10493     10493
0.057     10493     10493
0.076     10493     10493
0.076     10493     10493
0.057     10493     10493
0.076     10493     10493
0.076     10493     10493
0.076     10493     10493
             
50.000     10203     9975
50.001     10192     9975
50.001     10192     9975
50.000     10203     9975
50.001     10203     9975
50.001     10203     9975
50.000     10203     9975
50.001     10192     9975
50.001     10192     9975
50.001     10203     9975
             
50.000     10095     9686.8
50.000     10081     9686.8
50.000     10081     9686.8
50.000     10095     9686.8
50.000     10095     9686.8
50.000     10095     9686.8
50.000     10095     9686.8
50.000     10081     9686.8
50.000     10081     9686.8
50.000     10095     9686.8
             
50.001     10188     10044
50.000     10169     10044
50.000     10169     10044
50.001     10188     10044
50.001     10188     10044
50.001     10188     10044
50.001     10188     10044
50.000     10169     10044
50.000     10169     10044
50.001     10188     10044
             
50.000     10192     10020
50.001     10193     10020
50.001     10193     10020
50.000     10192     10020
50.001     10193     10020
50.001     10193     10020
50.000     10192     10020
50.001     10193     10020
50.001     10193     10020
50.001     10193     10020
             
50.000     10298     9872.4
50.000     10278     9872.4
50.000     10278     9872.4
50.000     10298     9872.4
50.000     10298     9872.4
50.000     10298     9872.4
50.000     10298     9872.4
50.000     10278     9872.4
50.000     10278     9872.4
50.000     10298     9872.4
             
50.000     10011     9601.2
50.000     10065     9601.2
50.000     10065     9601.2
50.000     10011     9601.2
50.000     10065     9601.2
50.000     10065     9601.2
50.000     10011     9601.2
50.000     10065     9601.2
50.000     10065     9601.2
50.000     10065     9601.2
             
50.000     9988     9914
50.000     10055     9914
50.000     10055     9914
50.000     9988     9914
50.000     9988     9914
50.000     9988     9914
50.000     9988     9914
50.000     10055     9914
50.000     10055     9914
50.000     9988     9914
             
