1     65     33     63
2     21     7     383
3     26     52     6
4     53     73     81
5     40     96     31
6     38     5     154
7     49     85     324
8     44     10     3
9     56     72     265
10     87     25     105
11     58     88     231
12     12     57     108
13     61     43     293
14     32     41     2
15     45     31     36
16     26     58     142
17     22     81     381
18     35     92     91
19     36     79     276
20     74     36     38
21     19     57     369
22     81     88     67
23     25     99     2
24     16     99     379
25     64     91     26
26     43     56     371
27     31     85     82
28     32     10     196
29     25     17     410
30     45     59     41
31     38     2     331
32     82     95     41
33     7     68     414
34     3     23     39
35     86     39     36
36     94     22     306
37     87     97     104
38     9     56     336
39     33     92     58
40     39     30     219
41     84     47     70
42     2     50     240
43     2     5     55
44     54     89     210
45     77     73     272
46     68     77     27
47     73     6     205
48     6     92     118
49     39     34     67
50     33     15     46
