1     56     10     582
2     43     22     136
3     39     77     72
4     59     47     420
5     27     68     66
6     27     51     578
7     27     57     21
8     61     90     137
9     21     42     332
10     88     7     21
11     73     41     210
12     50     35     255
13     70     86     230
14     56     93     131
15     33     44     173
16     72     71     20
17     41     21     356
18     21     1     43
19     75     27     300
20     99     22     86
21     72     92     215
22     75     7     23
23     42     96     36
24     48     65     7
25     67     31     476
26     87     66     23
27     21     78     121
28     97     42     196
29     92     46     454
30     44     29     26
31     81     62     242
32     55     25     84
33     61     97     321
34     58     97     57
35     44     63     325
36     47     16     59
37     74     11     455
38     25     7     88
39     68     65     202
40     76     20     67
41     98     16     414
42     81     43     96
43     87     33     124
44     98     25     449
45     39     24     69
46     27     32     445
47     44     79     98
48     56     26     525
49     19     57     89
50     85     2     76
