1     54     38     400
2     88     8     99
3     17     10     474
4     26     76     108
5     84     20     267
6     85     45     94
7     23     60     421
8     57     39     96
9     2     50     379
10     31     59     5
11     32     31     381
12     6     86     47
13     35     12     7
14     14     62     412
15     23     94     30
16     11     56     463
17     36     5     37
18     47     13     11
19     71     85     88
20     25     52     120
21     2     31     83
22     78     35     319
23     45     64     7
24     76     54     374
25     62     75     112
26     62     65     441
27     36     7     23
28     90     42     181
29     38     78     351
30     57     44     57
31     34     13     146
32     55     40     239
33     88     91     53
34     25     37     434
35     40     79     54
36     3     91     333
37     17     77     112
38     66     70     467
39     95     57     41
40     9     10     276
41     68     39     20
42     19     87     385
43     68     97     74
44     73     73     367
45     25     88     84
46     93     96     455
47     73     37     77
48     92     38     172
49     42     49     237
50     76     54     326
