5     1033     955.6
5     1029     955.6
5.001     1035     955.6
5.001     1035     955.6
5     1033     955.6
5     1033     955.6
5.001     1035     955.6
5.001     1035     955.6
5     1029     955.6
5     1033     955.6
             
5     881     842.2
5.001     873     842.2
5     883     842.2
5     883     842.2
5.001     881     842.2
5.001     881     842.2
5     883     842.2
5     883     842.2
5.001     873     842.2
5.001     881     842.2
             
5.001     1004     950.4
5     1008     950.4
5     986     950.4
5     986     950.4
5.001     1008     950.4
5.001     1008     950.4
5     986     950.4
5     986     950.4
5     1008     950.4
5.001     1008     950.4
             
5.001     945     893
5     945     893
5     953     893
5     953     893
5.001     945     893
5.001     945     893
5     953     893
5     953     893
5     945     893
5.001     945     893
             
5     941     892.8
5.001     943     892.8
5     956     892.8
5     956     892.8
5.001     943     892.8
5.001     943     892.8
5     956     892.8
5     956     892.8
5.001     943     892.8
5.001     943     892.8
             
5     868     830.6
5     881     830.6
5.005     869     830.6
5.005     869     830.6
5     881     830.6
5     881     830.6
5.005     869     830.6
5.005     869     830.6
5     881     830.6
5     881     830.6
             
5.001     937     901.2
5     933     901.2
5     935     901.2
5     935     901.2
5.001     937     901.2
5.001     937     901.2
5     935     901.2
5     935     901.2
5     933     901.2
5.001     937     901.2
             
5     873     837.8
5.001     879     837.8
5     881     837.8
5     881     837.8
5.001     879     837.8
5.001     879     837.8
5     881     837.8
5     881     837.8
5.001     879     837.8
5.001     879     837.8
             
5.001     987     944.6
5     1000     944.6
5     991     944.6
5     991     944.6
5.001     987     944.6
5.001     987     944.6
5     991     944.6
5     991     944.6
5     1000     944.6
5.001     987     944.6
             
5.001     988     915.4
5     989     915.4
5     995     915.4
5     995     915.4
5.001     989     915.4
5.001     989     915.4
5     995     915.4
5     995     915.4
5     989     915.4
5.001     989     915.4
             
