5.001     1025     955.6
5     1024     955.6
5     1018     955.6
5     1018     955.6
5.001     1025     955.6
5.001     1025     955.6
5     1018     955.6
5     1018     955.6
5     1024     955.6
5     1024     955.6
             
5     869     842.2
5     874     842.2
5.001     869     842.2
5.001     869     842.2
5     874     842.2
5     874     842.2
5.001     869     842.2
5.001     869     842.2
5     874     842.2
5     869     842.2
             
5.001     991     950.4
5     991     950.4
5     984     950.4
5     984     950.4
5.001     991     950.4
5.001     991     950.4
5     984     950.4
5     984     950.4
5     991     950.4
5     991     950.4
             
5     942     893
5.001     945     893
5     945     893
5     945     893
5.001     942     893
5.001     942     893
5     945     893
5     945     893
5.001     945     893
5     942     893
             
5.001     941     892.8
5     944     892.8
5     941     892.8
5     941     892.8
5.001     941     892.8
5.001     941     892.8
5     941     892.8
5     941     892.8
5     944     892.8
5     941     892.8
             
5.001     866     830.6
5     867     830.6
5     870     830.6
5     866     830.6
5.001     867     830.6
5.001     867     830.6
5     866     830.6
5     870     830.6
5     867     830.6
5     866     830.6
             
5.001     931     901.2
5     934     901.2
5     933     901.2
5     933     901.2
5.001     934     901.2
5.001     934     901.2
5     933     901.2
5     933     901.2
5     934     901.2
5     931     901.2
             
5     864     837.8
5.001     867     837.8
5     867     837.8
5     867     837.8
5.001     864     837.8
5.001     864     837.8
5     867     837.8
5     867     837.8
5.001     867     837.8
5     864     837.8
             
5     982     944.6
5     978     944.6
5     983     944.6
5     983     944.6
5     982     944.6
5     982     944.6
5     983     944.6
5     983     944.6
5     978     944.6
5     978     944.6
             
5     976     915.4
5     967     915.4
5     967     915.4
5     967     915.4
5     976     915.4
5     976     915.4
5     967     915.4
5     967     915.4
5     967     915.4
5     967     915.4
             
