5     1034     955.6
5.001     1031     955.6
5     1032     955.6
5     1032     955.6
5.001     1034     955.6
5.001     1034     955.6
5     1032     955.6
5     1032     955.6
5.001     1031     955.6
5.001     1034     955.6
             
5.001     896     842.2
5     898     842.2
5     869     842.2
5     869     842.2
5.001     898     842.2
5.001     898     842.2
5     869     842.2
5     869     842.2
5     898     842.2
5.001     898     842.2
             
5     988     950.4
5     1006     950.4
5     998     950.4
5     998     950.4
5     988     950.4
5     988     950.4
5     998     950.4
5     998     950.4
5     1006     950.4
5     988     950.4
             
5     945     893
5     944     893
5     949     893
5     949     893
5     945     893
5     945     893
5     949     893
5     949     893
5     944     893
5     945     893
             
5.001     941     892.8
5     943     892.8
5     950     892.8
5     950     892.8
5.001     943     892.8
5.001     943     892.8
5     950     892.8
5     950     892.8
5     943     892.8
5.001     943     892.8
             
5     878     830.6
5.001     875     830.6
5     866     830.6
5     866     830.6
5.001     878     830.6
5.001     878     830.6
5     866     830.6
5     866     830.6
5.001     875     830.6
5.001     878     830.6
             
5.001     935     901.2
5     932     901.2
5     937     901.2
5     937     901.2
5.001     935     901.2
5.001     935     901.2
5     937     901.2
5     937     901.2
5     932     901.2
5.001     935     901.2
             
5.001     868     837.8
5     866     837.8
5     877     837.8
5     877     837.8
5.001     868     837.8
5.001     868     837.8
5     877     837.8
5     877     837.8
5     866     837.8
5.001     868     837.8
             
5.001     992     944.6
5     981     944.6
5     999     944.6
5     999     944.6
5.001     992     944.6
5.001     992     944.6
5     999     944.6
5     999     944.6
5     981     944.6
5.001     992     944.6
             
5     984     915.4
5     981     915.4
5     990     915.4
5     990     915.4
5     984     915.4
5     984     915.4
5     990     915.4
5     990     915.4
5     981     915.4
5     984     915.4
             
