20.004     4978     4903.5
20.001     4987     4903.5
20.001     4987     4903.5
20.004     4978     4903.5
20.004     4987     4903.5
20.004     4987     4903.5
20.004     4978     4903.5
20.001     4987     4903.5
20.001     4987     4903.5
20.004     4987     4903.5
             
20.007     5375     5160
20.016     5374     5160
20.016     5374     5160
20.007     5375     5160
20.016     5375     5160
20.016     5375     5160
20.007     5375     5160
20.016     5374     5160
20.016     5374     5160
20.016     5375     5160
             
20.017     5040     4856
20.004     5040     4856
20.004     5040     4856
20.017     5040     4856
20.017     5040     4856
20.017     5040     4856
20.017     5040     4856
20.004     5040     4856
20.004     5040     4856
20.017     5040     4856
             
20.016     5061     4854
20.001     5014     4854
20.001     5014     4854
20.016     5061     4854
20.016     5061     4854
20.016     5061     4854
20.016     5061     4854
20.001     5014     4854
20.001     5014     4854
20.016     5061     4854
             
20.017     5006     4872
20.017     5030     4872
20.017     5030     4872
20.017     5006     4872
20.017     5030     4872
20.017     5030     4872
20.017     5006     4872
20.017     5030     4872
20.017     5030     4872
20.017     5030     4872
             
20.008     5103     4946
20.004     5083     4946
20.004     5083     4946
20.008     5103     4946
20.008     5103     4946
20.008     5103     4946
20.008     5103     4946
20.004     5083     4946
20.004     5083     4946
20.008     5103     4946
             
20.007     5224     5044.5
20.004     5295     5044.5
20.004     5295     5044.5
20.007     5224     5044.5
20.007     5295     5044.5
20.007     5295     5044.5
20.007     5224     5044.5
20.004     5295     5044.5
20.004     5295     5044.5
20.007     5295     5044.5
             
20.006     4997     4851
20.016     4960     4851
20.016     4960     4851
20.006     4997     4851
20.016     4997     4851
20.016     4997     4851
20.006     4997     4851
20.016     4960     4851
20.016     4960     4851
20.016     4997     4851
             
20.005     5206     5011.5
20.010     5206     5011.5
20.010     5206     5011.5
20.005     5206     5011.5
20.010     5206     5011.5
20.010     5206     5011.5
20.005     5206     5011.5
20.010     5206     5011.5
20.010     5206     5011.5
20.010     5206     5011.5
             
20.006     5100     4883
20.006     5100     4883
20.006     5100     4883
20.006     5100     4883
20.006     5100     4883
20.006     5100     4883
20.006     5100     4883
20.006     5100     4883
20.006     5100     4883
20.006     5100     4883
             
