1     5     8     12053
2     37     164     373
3     34     70     493
4     47     5     5088
5     5     71     12175
6     43     158     2384
7     33     172     11246
8     39     61     1871
9     32     68     3148
10     29     95     8185
11     28     120     2434
12     30     124     9517
13     5     150     1809
14     17     33     10602
15     9     193     342
16     6     1     5017
17     48     64     6671
18     48     143     1133
19     43     45     9508
20     14     19     694
21     2     185     9234
22     38     143     2193
23     13     33     5264
24     40     11     2019
25     15     129     11172
26     35     101     2411
27     41     163     2007
28     48     173     9364
29     38     75     2146
30     22     84     2460
31     24     165     4737
32     3     102     2574
33     32     110     10611
34     18     81     2475
35     37     83     6336
36     42     81     953
37     2     178     10160
38     37     157     1812
39     3     65     8680
40     34     25     1381
41     38     42     3023
42     38     24     11699
43     49     189     284
44     13     138     9944
45     40     105     2097
46     32     191     3817
47     41     189     7440
48     6     50     2587
49     24     171     7345
50     2     12     1437
51     11     50     8643
52     14     159     2578
53     7     69     4679
54     13     44     11489
55     6     112     1443
56     32     124     3501
57     14     82     12374
58     4     22     697
59     5     115     3317
60     15     188     4454
61     27     158     9354
62     14     100     2785
63     26     122     4016
64     1     41     8388
65     37     171     685
66     14     28     3737
67     13     28     2986
68     33     124     3297
69     45     96     10201
70     46     120     2612
71     37     108     11699
72     14     67     2156
73     23     170     9485
74     4     160     207
75     47     160     1342
76     14     53     578
77     46     80     8371
78     21     18     2647
79     29     162     10785
80     21     56     2922
81     32     116     945
82     18     130     9415
83     38     30     688
84     5     112     6172
85     38     185     7251
86     46     84     2194
87     10     60     3169
88     8     92     7804
89     1     60     1009
90     25     26     4809
91     46     34     12295
92     49     168     1737
93     30     2     9289
94     29     18     902
95     18     174     4056
96     7     19     11522
97     19     106     1349
98     22     34     10506
99     32     193     1876
100     21     29     10982
101     21     146     2850
102     21     172     10380
103     31     120     907
104     42     17     8362
105     5     51     1719
106     19     188     7956
107     8     24     2786
108     28     55     2946
109     27     176     1553
110     28     73     10573
111     44     40     324
112     47     75     1929
113     1     20     5891
114     42     78     8223
115     23     48     919
116     49     54     12055
117     43     38     395
118     11     102     14
119     15     68     3870
120     2     124     192
121     29     137     11908
122     12     123     2724
123     47     47     10681
124     34     94     2535
125     42     57     7912
126     21     112     1576
127     10     87     5575
128     26     147     1276
129     41     104     10125
130     8     58     829
131     9     8     8382
132     8     27     844
133     26     146     8888
134     32     36     475
135     36     56     4029
136     31     185     9011
137     23     177     2163
138     40     159     9530
139     24     59     932
140     12     195     5172
141     20     99     3477
142     44     23     536
143     44     112     4009
144     18     93     1238
145     31     188     9272
146     37     165     471
147     1     167     7981
148     35     8     1758
149     4     79     1359
150     20     93     3983
151     49     140     2533
152     47     167     2402
153     23     97     7994
154     27     55     1752
155     20     99     10714
156     49     41     1412
157     48     123     4352
158     2     169     11724
159     16     129     668
160     42     158     2079
161     3     108     12319
162     33     2     1899
163     41     68     2570
164     21     96     5738
165     15     76     10322
166     14     158     13
167     41     20     2899
168     16     77     9846
169     22     166     2651
170     23     158     5731
171     27     95     5026
172     45     181     7663
173     10     189     907
174     25     109     10286
175     1     83     2660
176     42     141     2928
177     4     192     4945
178     21     51     2775
179     48     8     1711
180     3     157     3947
181     44     89     9948
182     3     4     1276
183     13     124     7490
184     21     44     2553
185     26     78     1642
186     43     16     5220
187     39     115     9284
188     4     21     162
189     42     89     5498
190     4     29     1493
191     3     153     4836
192     43     198     10363
193     5     29     2389
194     24     79     4421
195     48     115     2852
196     23     103     6400
197     34     16     3013
198     13     50     5190
199     44     6     12058
200     42     99     2207
201     26     197     9141
202     12     139     1771
203     46     125     3213
204     27     169     10806
205     38     5     1144
206     4     33     7568
207     13     53     1968
208     32     192     9702
209     7     82     2055
210     31     53     2367
211     40     119     2798
212     15     97     1532
213     25     7     597
214     11     162     1289
215     46     83     149
216     33     77     11355
217     35     100     1926
218     4     156     11966
219     37     47     947
220     41     86     9607
221     11     19     1397
222     41     97     7009
223     33     15     1781
224     44     106     6794
225     28     173     3069
226     28     188     5233
227     4     27     8201
228     49     39     2384
229     19     21     1221
230     5     144     657
231     8     190     1036
232     28     144     10765
233     47     177     549
234     42     53     3290
235     49     173     6392
236     26     1     337
237     10     8     9445
238     17     15     1688
239     21     140     5314
240     43     5     9731
241     7     45     2374
242     24     122     5598
243     37     180     663
244     4     70     10109
245     43     195     1708
246     41     59     1956
247     18     184     158
248     9     174     3514
249     5     27     2695
250     25     48     6757
251     43     62     230
252     28     31     1455
253     34     112     1830
254     48     13     6943
255     11     25     194
256     46     142     9370
257     3     149     2414
258     35     32     3126
259     16     45     3826
260     34     76     8782
261     37     56     1802
262     14     198     5599
263     9     32     3708
264     5     61     960
265     11     163     2428
266     42     47     7896
267     19     105     1205
268     34     2     10193
269     8     40     1629
270     31     171     3010
271     13     146     9057
272     36     128     971
273     23     75     5133
274     5     74     9833
275     34     45     699
276     35     189     10176
277     45     28     1445
278     13     137     2946
279     14     71     545
280     10     80     3934
281     27     40     2061
282     17     75     7583
283     27     196     3040
284     3     40     8068
285     37     55     1277
286     46     82     464
287     13     9     7699
288     34     76     1737
289     22     167     9444
290     30     11     2366
291     7     108     4131
292     38     115     1557
293     29     38     4748
294     19     76     2262
295     2     73     5513
296     14     48     8970
297     23     153     83
298     20     120     2899
299     43     193     3933
300     48     11     6205
301     21     80     5649
302     40     120     6962
303     29     124     60
304     48     81     8559
305     46     31     1684
306     39     100     12319
307     40     177     899
308     39     173     9758
309     27     60     1058
310     41     136     6115
311     3     141     9354
312     12     75     3122
313     18     8     5586
314     34     148     8512
315     13     140     2354
316     25     51     3765
317     20     163     8330
318     27     193     2307
319     3     192     733
320     17     74     826
321     8     152     1417
322     12     120     8554
323     44     44     2222
324     13     53     5019
325     8     124     4236
326     49     117     3173
327     3     85     11322
328     7     65     1674
329     34     21     9382
330     25     66     2209
331     24     176     11515
332     15     183     2142
333     7     3     8857
334     45     109     372
335     42     145     5453
336     34     111     691
337     32     104     7571
338     31     40     2682
339     42     108     966
340     9     132     9140
341     33     98     1474
342     18     81     9689
343     1     123     864
344     10     198     2858
345     20     76     11575
346     27     64     1040
347     2     96     11182
348     22     93     2764
349     6     120     10766
350     13     64     1041
351     11     196     4146
352     40     4     4482
353     21     75     3122
354     48     103     782
355     10     183     10062
356     8     176     1964
357     39     72     1011
358     35     2     9734
359     45     130     1254
360     3     35     5571
361     11     80     5274
362     14     59     4514
363     1     6     11268
364     16     180     2462
365     24     36     9003
366     23     111     438
367     38     102     964
368     18     7     10157
369     46     143     2293
370     32     87     8902
371     34     82     3022
372     39     24     2105
373     21     68     2623
374     48     134     10989
375     33     140     22
376     3     8     11295
377     18     70     2613
378     26     6     364
379     9     32     10122
380     43     7     599
381     34     197     8533
382     6     36     2082
383     8     28     1703
384     5     147     6366
385     35     74     212
386     11     17     11903
387     45     68     1207
388     44     112     3846
389     22     57     11716
390     26     127     1817
391     27     101     5723
392     32     20     568
393     20     71     4633
394     21     35     95
395     33     110     11792
396     31     17     975
397     29     124     88
398     47     89     10191
399     36     117     2727
400     31     104     7753
401     11     168     2968
402     8     129     6343
403     34     73     590
404     8     167     2521
405     8     116     2838
406     44     181     12328
407     33     33     221
408     22     13     12063
409     16     107     318
410     22     3     4061
411     39     141     1621
412     7     132     8370
413     39     179     778
414     21     62     3117
415     46     135     491
416     12     52     9631
417     48     46     1582
418     47     107     5279
419     43     188     8450
420     12     1     2097
421     21     173     3694
422     2     139     5699
423     4     56     8022
424     1     26     845
425     26     85     3116
426     24     186     548
427     30     151     167
428     4     72     8070
429     15     159     2775
430     44     93     10314
431     34     100     661
432     5     31     3352
433     13     119     12014
434     43     36     1703
435     18     24     6442
436     38     95     374
437     38     123     6886
438     46     20     2451
439     25     27     8608
440     36     9     427
441     4     49     529
442     18     22     4440
443     13     155     11817
444     49     4     1695
445     37     88     11389
446     30     97     224
447     43     98     9824
448     1     167     556
449     48     134     1580
450     4     138     6794
451     23     45     2661
452     32     84     841
453     14     19     1557
454     25     77     5374
455     3     106     6795
456     21     174     1876
457     12     177     2321
458     19     28     4824
459     12     7     9756
460     31     64     2281
461     2     139     241
462     41     119     3505
463     6     128     8768
464     44     36     1782
465     27     7     4293
466     22     146     3912
467     20     168     7061
468     35     182     339
469     15     53     9605
470     34     196     1390
471     14     23     3916
472     32     129     2378
473     25     30     4323
474     6     166     11437
475     29     40     2936
476     2     91     10647
477     44     149     1841
478     30     167     8866
479     40     148     2003
480     15     21     11214
481     16     8     1133
482     10     12     5841
483     17     151     7350
484     37     150     3025
485     37     134     3983
486     28     143     3981
487     38     5     9345
488     45     199     1674
489     36     113     5656
490     17     35     7999
491     11     2     2091
492     6     90     722
493     9     82     9070
494     43     108     549
495     17     4     4783
496     23     163     5578
497     29     194     4629
498     44     56     1153
499     33     92     7229
500     34     188     2787
