50.023     12737     12549
50.210     12705     12549
50.210     12705     12549
50.023     12737     12549
50.210     12737     12549
50.210     12737     12549
50.023     12737     12549
50.210     12705     12549
50.210     12705     12549
50.210     12737     12549
             
50.083     12776     12456
50.209     12779     12456
50.209     12779     12456
50.083     12776     12456
50.209     12779     12456
50.209     12779     12456
50.083     12776     12456
50.209     12779     12456
50.209     12779     12456
50.209     12779     12456
             
50.164     12587     12534
50.257     12627     12534
50.257     12627     12534
50.164     12587     12534
50.257     12627     12534
50.257     12627     12534
50.164     12587     12534
50.257     12627     12534
50.257     12627     12534
50.257     12627     12534
             
50.100     12434     12388
50.083     12434     12388
50.083     12434     12388
50.100     12434     12388
50.100     12434     12388
50.100     12434     12388
50.100     12434     12388
50.083     12434     12388
50.083     12434     12388
50.100     12434     12388
             
50.067     12947     12816
50.083     12980     12816
50.083     12980     12816
50.067     12947     12816
50.083     12980     12816
50.083     12980     12816
50.067     12947     12816
50.083     12980     12816
50.083     12980     12816
50.083     12980     12816
             
50.193     12740     12710
50.115     12740     12710
50.115     12740     12710
50.193     12740     12710
50.193     12740     12710
50.193     12740     12710
50.193     12740     12710
50.115     12740     12710
50.115     12740     12710
50.193     12740     12710
             
50.054     12414     12388
50.087     12414     12388
50.087     12414     12388
50.054     12414     12388
50.087     12414     12388
50.087     12414     12388
50.054     12414     12388
50.087     12414     12388
50.087     12414     12388
50.087     12414     12388
             
50.242     12786     12418
50.007     12799     12418
50.007     12799     12418
50.242     12786     12418
50.242     12799     12418
50.242     12799     12418
50.242     12786     12418
50.007     12799     12418
50.007     12799     12418
50.242     12799     12418
             
50.318     12683     12597
50.146     12681     12597
50.146     12681     12597
50.318     12683     12597
50.318     12683     12597
50.318     12683     12597
50.318     12683     12597
50.146     12681     12597
50.146     12681     12597
50.318     12683     12597
             
50.067     12693     12657
50.098     12693     12657
50.098     12693     12657
50.067     12693     12657
50.098     12693     12657
50.098     12693     12657
50.067     12693     12657
50.098     12693     12657
50.098     12693     12657
50.098     12693     12657
             
