1        3        4       11
2        9        8       37
3        6        8       46
4       15        4       33
5       10        7       56
6        5        7       36
7        9        3       22
8        9        1       65
9        7        1       63
10       14        2       35
11       10        6       36
12       14        8       22
13        6        9       46
14        8        6       28
15       15        8       23
16       12        2       20
17       12        2       33
18       11        8       68
19       14        4       29
20        5        5       61
21       14        5       59
22       14        1       68
23       15        4       65
24       15        4       21
25        3        5       31
26       12        1       16
27       13        7       55
28        9        3       10
29        3        4        8
30       14        7       17
31       13        6       28
32        8        7        3
33       12        8       20
34       14        3       62
35       14        6       53
36        5        1       32
37        5        3       54
38        9        9       43
39        8        9        2
40        5        1       21
41       14        3       45
42        3        1       57
43        6        7        0
44        9        4       39
45       14        1       13
46       14        2       24
47        3        5       54
48       13        8        6
49        8        2       66
50        9        5       18
