1     99     101     642
2     176     182     1725
3     80     129     2185
4     90     50     167
5     86     93     253
6     123     162     2954
7     6     44     795
8     181     150     213
9     20     76     1135
10     22     102     1961
11     60     18     229
12     53     75     1954
13     76     43     665
14     48     128     998
15     141     47     2818
16     81     107     140
17     111     44     3308
18     16     8     567
19     6     192     786
20     4     63     3403
21     6     71     202
22     40     126     2319
23     144     133     159
24     14     41     1191
25     198     129     3145
26     189     178     385
27     63     137     1824
28     168     74     114
29     63     115     536
30     45     32     970
31     46     164     1990
32     169     195     238
33     166     62     1564
34     35     191     2402
35     64     161     369
36     186     42     171
37     130     140     3578
38     173     170     693
39     55     167     1254
40     159     64     2365
41     167     66     334
42     58     141     2076
43     40     138     236
44     98     5     1035
45     82     92     3347
46     8     94     187
47     158     164     1097
48     56     113     106
49     177     155     1419
50     113     97     2996
51     81     76     20
52     48     53     2874
53     53     64     343
54     44     101     3499
55     186     77     650
56     174     55     941
57     144     97     2733
58     149     177     193
59     174     177     432
60     94     101     666
61     162     125     482
62     35     184     933
63     131     133     146
64     65     53     2203
65     165     48     798
66     79     30     2483
67     62     63     727
68     50     31     2917
69     118     160     272
70     173     91     1648
71     54     169     2063
72     108     37     261
73     186     182     3421
74     147     15     608
75     182     116     382
76     36     80     3204
77     50     139     809
78     108     77     3085
79     94     143     347
80     183     129     1039
81     52     7     1152
82     76     61     1728
83     124     37     1430
84     56     6     420
85     84     53     2787
86     187     6     576
87     50     141     523
88     91     150     1222
89     81     136     1538
90     150     13     65
91     82     11     3469
92     88     165     479
93     157     165     3223
94     54     184     727
95     113     4     2481
96     179     186     89
97     40     155     2250
98     166     59     741
99     171     90     1675
100     24     7     3486
101     144     71     78
102     68     122     3462
103     119     166     399
104     165     132     3022
105     54     9     420
106     97     199     3525
107     121     1     343
108     189     181     263
109     96     68     427
110     93     30     2128
111     4     168     739
112     125     75     2045
113     137     77     87
114     116     77     1959
115     32     163     355
116     93     40     1091
117     114     134     2091
118     130     3     37
119     144     38     1059
120     57     93     2455
121     107     123     370
122     39     71     3000
123     37     135     586
124     166     28     3221
125     53     86     815
126     190     174     1484
127     45     3     1532
128     51     76     2838
129     64     185     348
130     163     88     2578
131     43     50     884
132     17     154     1105
133     50     165     2382
134     52     42     579
135     141     100     3217
136     41     46     331
137     141     55     2022
138     157     135     692
139     49     40     1107
140     160     166     2125
141     82     115     426
142     2     15     1310
143     89     124     3402
144     113     150     441
145     29     189     89
146     18     5     1608
147     186     126     2930
148     195     161     746
149     47     10     3540
150     14     158     300
151     80     179     885
152     199     163     2320
153     179     77     55
154     154     185     1584
155     29     149     2134
156     35     94     881
157     44     196     3290
158     26     174     43
159     101     25     3070
160     133     46     199
161     90     183     98
162     8     74     2795
163     137     165     899
164     198     51     1164
165     54     194     2133
166     196     34     803
167     126     152     1194
168     189     96     2368
169     30     160     832
170     60     137     1881
171     196     51     121
172     135     121     3007
173     168     87     875
174     154     72     2860
175     11     51     839
176     44     28     2729
177     71     10     773
178     1     106     3143
179     62     146     266
180     3     198     1944
181     151     105     557
182     57     149     1385
183     62     36     3018
184     151     11     44
185     115     173     3218
186     58     175     638
187     147     166     411
188     103     140     3140
189     50     102     258
190     122     119     1507
191     105     166     924
192     128     100     3514
193     85     59     339
194     71     160     376
195     3     9     2263
196     56     16     732
197     184     108     687
198     22     189     908
199     53     107     1172
200     15     56     3219
201     160     35     212
202     75     106     1394
203     117     168     500
204     106     190     2899
205     84     107     74
206     14     12     1217
207     27     127     1438
208     176     176     2955
209     15     175     443
210     172     193     3351
211     153     84     47
212     165     16     2200
213     44     158     35
214     125     171     3227
215     179     128     238
216     100     58     2282
217     28     120     252
218     2     97     721
219     187     8     2240
220     93     70     355
221     137     40     1246
222     107     181     1406
223     157     42     3116
224     53     19     347
225     94     19     726
226     173     108     2293
227     63     99     218
228     59     86     2344
229     64     124     481
230     45     88     1886
231     194     107     738
232     129     134     1956
233     52     8     113
234     170     185     1430
235     144     79     2115
236     73     33     94
237     12     129     2530
238     56     83     530
239     116     69     193
240     88     120     1316
241     48     42     2979
242     10     109     60
243     41     26     2196
244     131     66     345
245     167     126     3101
246     193     62     760
247     171     90     2119
248     157     139     129
249     174     8     3093
250     14     76     581
251     37     184     1361
252     25     171     2339
253     111     109     685
254     190     168     3584
255     24     91     772
256     133     104     1645
257     32     37     3562
258     171     85     263
259     183     74     325
260     133     48     1498
261     58     35     3574
262     87     51     308
263     34     189     396
264     135     35     2012
265     32     181     199
266     21     64     2962
267     23     164     899
268     32     93     414
269     67     155     577
270     76     76     1433
271     71     132     3237
272     1     170     822
273     23     25     406
274     111     96     2357
275     188     30     121
276     169     146     33
277     152     140     2652
278     154     45     267
279     119     175     2706
280     153     135     303
281     107     162     312
282     85     61     1154
283     3     88     1309
284     52     124     947
285     57     178     1781
286     47     111     2621
287     102     122     394
288     170     54     2734
289     138     104     820
290     32     130     975
291     192     42     1541
292     59     4     2018
293     181     112     333
294     51     18     1472
295     169     196     2306
296     32     139     353
297     67     159     291
298     18     39     946
299     122     122     584
300     7     27     3033
