30.095     8083     7769.38
30.178     8090     7769.38
30.178     8083     7769.38
30.095     8083     7769.38
30.178     8090     7769.38
30.178     8090     7769.38
30.095     8083     7769.38
30.178     8083     7769.38
30.178     8090     7769.38
30.095     8083     7769.38
             
30.329     7430     7138
30.095     7406     7138
30.095     7406     7138
30.329     7430     7138
30.329     7406     7138
30.329     7406     7138
30.329     7430     7138
30.095     7406     7138
30.095     7406     7138
30.095     7406     7138
             
30.110     7302     7100.38
30.048     7304     7100.38
30.048     7302     7100.38
30.110     7302     7100.38
30.110     7304     7100.38
30.110     7304     7100.38
30.110     7302     7100.38
30.048     7302     7100.38
30.048     7304     7100.38
30.048     7302     7100.38
             
30.141     7376     7184.25
30.267     7366     7184.25
30.267     7366     7184.25
30.141     7376     7184.25
30.267     7376     7184.25
30.267     7376     7184.25
30.141     7376     7184.25
30.267     7366     7184.25
30.267     7366     7184.25
30.141     7366     7184.25
             
30.064     7786     7465
30.344     7784     7465
30.344     7784     7465
30.064     7786     7465
30.344     7784     7465
30.344     7784     7465
30.064     7786     7465
30.344     7784     7465
30.344     7784     7465
30.064     7784     7465
             
30.094     7513     7250.88
30.298     7534     7250.88
30.298     7534     7250.88
30.094     7513     7250.88
30.298     7513     7250.88
30.298     7513     7250.88
30.094     7513     7250.88
30.298     7534     7250.88
30.298     7534     7250.88
30.094     7513     7250.88
             
30.360     7674     7385.13
30.032     7696     7385.13
30.032     7674     7385.13
30.360     7674     7385.13
30.360     7696     7385.13
30.360     7696     7385.13
30.360     7674     7385.13
30.032     7674     7385.13
30.032     7696     7385.13
30.032     7674     7385.13
             
30.157     7547     7315.63
30.251     7540     7315.63
30.251     7540     7315.63
30.157     7547     7315.63
30.251     7540     7315.63
30.251     7540     7315.63
30.157     7547     7315.63
30.251     7540     7315.63
30.251     7540     7315.63
30.157     7540     7315.63
             
30.095     7297     7064.25
30.219     7273     7064.25
30.219     7273     7064.25
30.095     7297     7064.25
30.219     7288     7064.25
30.219     7288     7064.25
30.095     7297     7064.25
30.219     7273     7064.25
30.219     7273     7064.25
30.095     7273     7064.25
             
30.157     7463     7195.63
30.414     7452     7195.63
30.414     7452     7195.63
30.157     7463     7195.63
30.414     7452     7195.63
30.414     7452     7195.63
30.157     7463     7195.63
30.414     7452     7195.63
30.414     7452     7195.63
30.157     7452     7195.63
             
