1     47     35     885
2     18     59     429
3     10     29     485
4     8     148     631
5     6     109     116
6     43     5     1617
7     46     117     272
8     28     151     820
9     1     122     1295
10     33     13     389
11     37     199     374
12     47     113     163
13     34     14     754
14     25     70     781
15     29     1     506
16     43     76     1317
17     26     86     302
18     40     2     1350
19     38     166     121
20     28     97     1547
21     34     134     86
22     31     155     500
23     5     73     36
24     32     3     460
25     29     50     844
26     39     7     641
27     21     54     1195
28     23     117     462
29     18     38     608
30     48     39     704
31     12     3     1341
32     34     111     379
33     28     66     670
34     34     156     439
35     7     110     497
36     42     22     1716
37     28     2     306
38     7     93     696
39     33     192     590
40     17     165     1439
41     3     19     467
42     2     159     1739
43     16     95     375
44     20     47     58
45     14     54     452
46     11     28     3
47     23     136     584
48     33     195     1714
49     27     24     226
50     10     26     503
51     49     156     1703
52     30     175     467
53     45     160     190
54     45     85     226
55     20     194     479
56     42     176     844
57     29     150     1457
58     46     40     252
59     11     11     160
60     35     153     1047
61     13     103     99
62     27     147     790
63     13     115     9
64     39     4     135
65     36     138     331
66     23     79     1450
67     43     156     55
68     8     87     1573
69     41     187     341
70     5     109     356
71     42     154     1721
72     14     84     279
73     31     197     1681
74     23     21     182
75     43     67     195
76     46     46     742
77     10     148     1847
78     49     133     201
79     44     43     342
80     47     129     272
81     19     24     583
82     26     71     378
83     33     198     1609
84     46     121     146
85     11     152     1027
86     13     69     411
87     22     156     812
88     7     26     889
89     6     50     650
90     5     52     577
91     49     34     118
92     34     106     285
93     35     168     636
94     1     39     230
95     10     91     1261
96     7     19     422
97     1     61     1784
98     22     123     313
99     43     155     1448
100     18     71     311
101     36     122     958
102     28     55     290
103     41     98     175
104     28     154     1723
105     23     194     189
106     32     35     196
107     9     129     151
108     37     14     660
109     4     191     533
110     8     124     1110
111     45     158     70
112     11     151     224
113     14     179     1071
114     6     151     41
115     7     13     251
116     46     42     888
117     37     23     1866
118     5     121     145
119     3     191     1432
120     35     156     38
121     13     152     947
122     28     62     1721
123     39     18     360
124     34     137     368
125     4     70     486
126     22     134     1811
127     24     23     228
128     25     196     1834
129     16     120     189
130     39     191     1479
131     16     196     241
132     26     101     562
133     12     137     179
134     10     114     1234
135     38     173     46
136     12     22     360
137     11     77     1167
138     18     39     86
139     46     22     279
140     5     13     1439
141     18     174     355
142     35     117     818
143     4     19     386
144     15     143     698
145     16     121     809
146     10     81     523
147     36     95     372
148     21     192     1150
149     29     11     109
150     31     168     1339
151     49     40     21
152     35     45     770
153     37     195     135
154     32     115     1487
155     9     176     367
156     35     171     1348
157     33     12     268
158     49     17     722
159     34     195     828
160     36     37     598
161     2     193     1332
162     42     128     348
163     21     57     1450
164     37     168     228
165     24     173     681
166     43     60     1212
167     3     193     237
168     15     69     787
169     38     153     406
170     4     15     942
171     27     163     608
172     47     160     1867
173     3     60     432
174     15     5     1065
175     6     63     283
176     25     133     127
177     21     91     846
178     24     139     4
179     23     59     547
180     7     84     940
181     35     198     1774
182     9     102     139
183     37     53     107
184     36     43     1276
185     20     157     300
186     1     60     1068
187     22     185     399
188     2     96     1409
189     6     73     427
190     30     22     133
191     22     61     609
192     30     146     839
193     13     34     1715
194     43     113     462
195     45     86     1767
196     36     121     471
197     14     90     1016
198     3     26     300
199     27     104     747
200     17     21     1
201     45     3     1618
202     39     102     458
203     33     2     400
204     42     51     886
205     36     160     701
206     46     53     1884
207     42     56     310
208     48     165     47
209     47     85     261
210     18     29     1740
211     8     152     169
212     11     192     524
213     10     52     962
214     37     145     338
215     29     145     1297
216     35     13     93
217     41     107     1668
218     23     65     265
219     24     100     1210
220     15     114     82
221     32     122     1882
222     8     169     368
223     43     109     199
224     29     112     555
225     12     64     1665
226     43     78     190
227     43     39     1660
228     18     196     258
229     3     5     1294
230     9     21     191
231     23     163     1360
232     38     130     250
233     3     117     722
234     31     10     817
235     36     20     1378
236     34     3     124
237     35     190     1119
238     16     115     114
239     33     119     966
240     20     7     79
241     19     76     670
242     8     47     123
243     16     36     1231
244     34     162     60
245     35     57     1796
246     2     20     64
247     36     8     48
248     39     43     597
249     33     10     1404
250     30     26     106
251     48     153     962
252     49     176     186
253     17     90     741
254     12     48     598
255     3     35     1621
256     19     156     447
257     41     194     492
258     22     191     315
259     10     65     759
260     47     172     534
261     42     108     785
262     5     113     419
263     20     43     1051
264     32     6     217
265     12     23     1792
266     1     101     9
267     28     153     1535
268     44     172     7
269     3     18     1594
270     22     10     364
271     44     14     412
272     17     157     1754
273     40     136     419
274     1     164     707
275     33     3     722
276     17     84     1612
277     2     127     212
278     38     94     892
279     47     26     1097
280     6     129     400
281     23     74     1883
282     30     109     446
283     39     164     1707
284     35     44     319
285     2     67     1723
286     34     27     411
287     15     36     309
288     49     111     1516
289     43     10     362
290     41     180     255
291     18     198     127
292     28     147     1075
293     31     138     7
294     45     159     551
295     38     108     1178
296     6     19     466
297     11     147     663
298     9     54     429
299     17     137     734
300     14     188     1481
