1     82     18     305
2     15     16     248
3     33     3     7
4     47     4     218
5     43     1     335
6     43     12     25
7     28     10     523
8     63     49     48
9     53     21     508
10     3     14     122
11     79     15     194
12     86     26     406
13     90     12     53
14     60     39     415
15     19     41     140
16     19     3     181
17     93     10     336
18     18     48     7
19     64     5     130
20     60     6     1
21     59     38     427
22     78     6     136
23     89     25     625
24     71     24     85
25     48     46     604
26     35     25     109
27     41     41     179
28     68     40     169
29     87     18     243
30     91     46     329
31     36     8     8
32     87     14     118
33     43     19     202
34     75     41     359
35     8     15     134
36     64     35     57
37     1     44     463
38     8     17     124
39     23     4     230
40     87     16     617
41     57     9     50
42     70     12     440
43     60     14     13
44     35     17     474
45     71     3     48
46     16     14     31
47     5     28     614
48     65     36     25
49     71     28     283
50     10     13     451
51     37     10     142
52     71     10     298
53     5     45     348
54     73     36     73
55     69     10     405
56     85     41     49
57     47     22     74
58     88     25     562
59     89     44     125
60     31     37     555
61     57     45     129
62     80     8     375
63     29     35     133
64     11     3     447
65     43     47     136
66     35     18     392
67     20     49     54
68     89     31     305
69     80     40     82
70     8     14     258
71     29     11     495
72     93     10     117
73     28     27     247
74     33     17     73
75     53     49     299
76     58     33     255
77     91     42     103
78     78     19     134
79     50     8     217
80     59     26     147
81     46     43     94
82     83     24     233
83     23     25     126
84     49     46     119
85     34     35     442
86     83     2     45
87     39     17     487
88     46     12     54
89     19     14     349
90     14     19     133
91     74     5     267
92     4     31     522
93     73     49     31
94     27     48     323
95     71     18     18
96     14     18     573
97     61     33     4
98     42     27     244
99     12     19     185
100     96     46     621
101     7     9     22
102     50     30     29
103     44     33     353
104     3     39     100
105     74     5     322
106     46     32     106
107     64     24     175
108     36     42     171
109     83     14     606
110     61     13     111
111     67     28     428
112     98     6     106
113     89     38     199
114     79     15     325
115     28     10     0
116     43     36     365
117     44     28     135
118     76     39     474
119     29     36     80
120     28     48     261
121     27     46     114
122     84     34     224
123     73     38     223
124     31     36     318
125     52     6     56
126     19     30     33
127     26     46     198
128     25     29     586
129     14     22     13
130     41     2     466
131     53     11     71
132     52     8     4
133     79     5     169
134     28     4     211
135     81     24     37
136     90     8     218
137     82     44     130
138     90     18     297
139     48     22     154
140     97     16     2
141     96     22     47
142     48     33     253
143     34     1     271
144     45     11     474
145     8     4     134
146     11     47     161
147     5     29     294
148     29     11     322
149     77     34     108
150     44     4     86
151     89     4     250
152     50     30     416
153     18     27     98
154     38     5     53
155     33     2     328
156     27     7     52
157     76     22     558
158     71     2     24
159     93     9     79
160     87     27     119
161     66     20     64
162     6     4     225
163     11     31     196
164     79     35     201
165     99     36     71
166     68     21     500
167     60     46     38
168     7     15     178
169     11     39     5
170     28     21     41
171     17     18     131
172     12     43     18
173     65     30     349
174     33     29     123
175     93     27     499
176     78     40     24
177     15     36     450
178     78     33     132
179     23     30     47
180     11     40     100
181     87     47     544
182     9     42     121
183     23     29     266
184     34     43     620
185     1     12     57
186     61     34     119
187     99     49     576
188     26     30     153
189     25     3     218
190     99     47     324
191     92     10     134
192     16     36     324
193     58     42     9
194     95     41     238
195     31     43     426
196     93     9     31
197     28     11     322
198     17     44     101
199     28     8     210
200     63     3     506
