20.016     2637     2477.88
20.001     2636     2477.88
20.001     2628     2477.88
20.016     2643     2477.88
20.016     2643     2477.88
20.016     2643     2477.88
20.016     2643     2477.88
20.001     2628     2477.88
20.001     2636     2477.88
20.016     2637     2477.88
             
20.001     2446     2372.5
20.001     2442     2372.5
20.001     2449     2372.5
20.001     2440     2372.5
20.032     2440     2372.5
20.032     2440     2372.5
20.001     2440     2372.5
20.001     2449     2372.5
20.001     2442     2372.5
20.001     2446     2372.5
             
20.017     2477     2394.88
20.032     2460     2394.88
20.001     2473     2394.88
20.016     2478     2394.88
20.016     2478     2394.88
20.016     2478     2394.88
20.016     2478     2394.88
20.001     2473     2394.88
20.032     2460     2394.88
20.032     2477     2394.88
             
20.001     2662     2571.88
20.001     2687     2571.88
20.016     2680     2571.88
20.032     2682     2571.88
20.032     2682     2571.88
20.032     2682     2571.88
20.032     2682     2571.88
20.016     2680     2571.88
20.001     2687     2571.88
20.001     2687     2571.88
             
20.001     2515     2418.88
20.001     2523     2418.88
20.001     2543     2418.88
20.016     2520     2418.88
20.016     2523     2418.88
20.016     2523     2418.88
20.016     2520     2418.88
20.001     2543     2418.88
20.001     2523     2418.88
20.001     2523     2418.88
             
20.016     2506     2428.88
20.032     2502     2428.88
20.032     2502     2428.88
20.032     2512     2428.88
20.032     2512     2428.88
20.032     2512     2428.88
20.032     2512     2428.88
20.032     2502     2428.88
20.032     2502     2428.88
20.032     2506     2428.88
             
20.001     2623     2520.38
20.016     2617     2520.38
20.016     2617     2520.38
20.001     2623     2520.38
20.016     2623     2520.38
20.016     2623     2520.38
20.001     2623     2520.38
20.016     2617     2520.38
20.016     2617     2520.38
20.016     2623     2520.38
             
20.001     2475     2398.13
20.001     2463     2398.13
20.001     2455     2398.13
20.016     2468     2398.13
20.016     2468     2398.13
20.016     2468     2398.13
20.016     2468     2398.13
20.001     2455     2398.13
20.001     2463     2398.13
20.001     2475     2398.13
             
20.001     2478     2382.38
20.016     2481     2382.38
20.016     2470     2382.38
20.001     2468     2382.38
20.001     2469     2382.38
20.001     2469     2382.38
20.001     2468     2382.38
20.016     2470     2382.38
20.016     2481     2382.38
20.016     2481     2382.38
             
20.016     2485     2383.13
20.017     2485     2383.13
20.017     2485     2383.13
20.016     2476     2383.13
20.017     2485     2383.13
20.017     2485     2383.13
20.016     2476     2383.13
20.017     2485     2383.13
20.017     2485     2383.13
20.017     2485     2383.13
             
