1     73     74     203
2     168     65     949
3     163     87     110
4     9     30     298
5     93     48     941
6     129     23     90
7     186     31     901
8     39     162     55
9     160     144     561
10     186     190     109
11     82     6     894
12     19     143     104
13     71     7     341
14     98     28     588
15     122     181     146
16     94     83     614
17     126     113     108
18     6     102     153
19     94     146     443
20     96     197     353
21     16     138     925
22     178     107     236
23     114     28     15
24     68     105     320
25     3     173     585
26     74     16     133
27     5     107     609
28     152     55     185
29     141     180     160
30     103     21     889
31     78     97     31
32     189     101     920
33     119     93     190
34     1     182     175
35     89     96     17
36     37     164     793
37     39     111     41
38     198     77     178
39     109     195     391
40     191     161     935
41     10     123     37
42     32     59     439
43     35     63     134
44     18     105     91
45     21     115     65
46     33     136     80
47     138     67     720
48     183     77     8
49     48     35     573
50     174     159     57
51     66     89     3
52     150     78     2
53     122     46     329
54     111     159     940
55     81     135     7
56     123     41     912
57     112     172     189
58     54     38     746
59     182     53     198
60     170     123     832
61     148     61     208
62     176     105     466
63     5     5     672
64     46     189     16
65     126     155     928
66     187     188     23
67     35     76     344
68     55     49     194
69     61     23     884
70     13     137     125
71     97     198     626
72     73     9     92
73     119     129     803
74     40     27     93
75     175     190     895
76     198     188     218
77     112     158     88
78     105     88     383
79     155     2     255
80     85     172     759
81     198     54     21
82     63     169     39
83     20     64     859
84     106     42     175
85     170     51     135
86     119     171     714
87     1     185     155
88     5     12     142
89     80     122     32
90     121     94     547
91     96     143     78
92     89     110     609
93     76     188     1
94     34     126     294
95     107     159     432
96     114     66     223
97     163     120     48
98     35     109     236
99     89     192     141
100     60     176     583
