10.005     4040     3902.4
10.047     4012     3902.4
10.047     4012     3902.4
10.005     4005     3902.4
10.047     4012     3902.4
10.047     4012     3902.4
10.005     4005     3902.4
10.047     4012     3902.4
10.047     4012     3902.4
10.005     4012     3902.4
             
10.016     3949     3819
10.001     3943     3819
10.001     3907     3819
10.016     3907     3819
10.016     3943     3819
10.016     3943     3819
10.016     3907     3819
10.001     3907     3819
10.001     3943     3819
10.001     3943     3819
             
10.001     4092     3956.4
10.047     4093     3956.4
10.047     4093     3956.4
10.001     4092     3956.4
10.047     4093     3956.4
10.047     4093     3956.4
10.001     4092     3956.4
10.047     4093     3956.4
10.047     4093     3956.4
10.001     4092     3956.4
             
10.001     4050     3905.2
10.047     4038     3905.2
10.047     4008     3905.2
10.001     4050     3905.2
10.047     4008     3905.2
10.047     4008     3905.2
10.001     4050     3905.2
10.047     4008     3905.2
10.047     4038     3905.2
10.001     4038     3905.2
             
10.032     3914     3860.6
10.016     3958     3860.6
10.016     3914     3860.6
10.032     3914     3860.6
10.032     3923     3860.6
10.032     3923     3860.6
10.032     3914     3860.6
10.016     3914     3860.6
10.016     3958     3860.6
10.016     3914     3860.6
             
10.032     3967     3796.4
10.047     3967     3796.4
10.047     3964     3796.4
10.032     3966     3796.4
10.047     3967     3796.4
10.047     3967     3796.4
10.032     3966     3796.4
10.047     3964     3796.4
10.047     3967     3796.4
10.032     3967     3796.4
             
10.032     4168     4022.8
10.016     4120     4022.8
10.016     4159     4022.8
10.032     4133     4022.8
10.032     4159     4022.8
10.032     4159     4022.8
10.032     4133     4022.8
10.016     4159     4022.8
10.016     4120     4022.8
10.016     4120     4022.8
             
10.047     3826     3731.8
10.032     3819     3731.8
10.032     3819     3731.8
10.047     3818     3731.8
10.047     3819     3731.8
10.047     3819     3731.8
10.047     3818     3731.8
10.032     3819     3731.8
10.032     3819     3731.8
10.032     3819     3731.8
             
10.048     4068     3862.2
10.048     4070     3862.2
10.048     4071     3862.2
10.048     4068     3862.2
10.048     4068     3862.2
10.048     4068     3862.2
10.048     4068     3862.2
10.048     4071     3862.2
10.048     4070     3862.2
10.048     4068     3862.2
             
10.016     3961     3878.2
10.032     3963     3878.2
10.032     3963     3878.2
10.016     3961     3878.2
10.032     3961     3878.2
10.032     3961     3878.2
10.016     3961     3878.2
10.032     3963     3878.2
10.032     3963     3878.2
10.016     3961     3878.2
             
