1     32     33     1217
2     15     8     212
3     45     30     618
4     11     49     1250
5     47     41     325
6     6     33     193
7     25     21     815
8     11     19     80
9     30     26     1155
10     30     39     9
11     45     8     934
12     39     40     177
13     14     12     551
14     41     30     173
15     18     28     303
16     35     14     3
17     45     18     1065
18     15     48     28
19     20     5     283
20     34     40     227
21     7     4     1270
22     3     40     295
23     27     14     403
24     21     4     859
25     23     17     88
26     18     33     681
27     2     13     110
28     22     8     937
29     49     35     151
30     24     32     1221
31     4     28     10
32     20     1     924
33     27     17     307
34     47     42     920
35     35     26     55
36     25     37     1185
37     20     12     84
38     40     23     680
39     8     13     283
40     44     16     1263
41     44     8     96
42     37     33     1134
43     18     40     243
44     12     15     815
45     43     9     241
46     46     46     1106
47     41     48     255
48     27     36     91
49     17     29     1274
50     22     48     102
51     29     4     1195
52     10     5     59
53     10     33     645
54     12     22     1188
55     22     48     138
56     49     16     218
57     42     11     981
58     37     48     13
59     18     28     15
60     33     39     295
61     8     11     281
62     33     35     628
63     32     29     57
64     8     30     292
65     36     17     823
66     30     36     160
67     20     22     965
68     27     18     257
69     24     25     243
70     49     25     972
71     8     1     14
72     21     9     266
73     45     19     1283
74     23     45     211
75     33     42     84
76     15     10     895
77     28     32     188
78     30     7     1108
79     42     5     116
80     29     42     330
81     32     8     1121
82     10     28     120
83     44     38     1073
84     17     29     38
85     23     14     1146
86     17     13     309
87     2     21     172
88     3     25     519
89     11     10     646
90     46     10     646
91     27     33     659
92     32     13     237
93     28     24     907
94     45     19     133
95     22     19     486
96     45     17     817
97     15     28     92
98     33     2     910
99     10     49     315
100     7     36     809
