20.017       503     497.4
20.001       502     497.4
20.017       502     497.4
20.016       501     497.4
20.017       501     497.4
20.016       503     497.4
20.001       502     497.4
20.023       502     497.4
20.016       501     497.4
20.017       502     497.4

20.032       499       496
20.017       498       496
20.016       497       496
20.032       499       496
20.002       498       496
20.001       499       496
20.006       498       496
20.017       498       496
20.001       498       496
20.001       499       496

20.017       509     505.8
20.001       509     505.8
20.017       509     505.8
20.017       512     505.8
20.017       510     505.8
20.021       509     505.8
20.001       509     505.8
20.001       509     505.8
20.001       509     505.8
20.001       510     505.8

20.001       497     495.4
20.017       497     495.4
20.001       497     495.4
20.017       500     495.4
20.038       497     495.4
20.017       498     495.4
20.001       497     495.4
20.001       498     495.4
20.017       497     495.4
20.017       499     495.4

20.001       510     505.4
20.001       511     505.4
20.017       511     505.4
20.022       511     505.4
20.017       509     505.4
20.016       510     505.4
20.017       511     505.4
20.001       511     505.4
20.001       510     505.4
20.001       511     505.4

20.001       513     507.6
20.001       513     507.6
20.006       515     507.6
20.001       513     507.6
20.001       513     507.6
20.001       514     507.6
20.001       511     507.6
20.001       512     507.6
20.017       515     507.6
20.001       512     507.6

20.016       507     503.2
20.006       507     503.2
20.032       508     503.2
20.001       508     503.2
20.017       508     503.2
20.001       509     503.2
20.017       507     503.2
20.001       509     503.2
20.016       508     503.2
20.001       508     503.2

20.021       524       521
20.001       525       521
20.017       525       521
20.001       525       521
20.001       525       521
20.001       525       521
20.017       525       521
20.016       526       521
20.001       525       521
20.022       525       521

20.001       521       513
20.032       518       513
20.017       521       513
20.001       520       513
20.001       519       513
20.016       520       513
20.002       519       513
20.016       520       513
20.024       520       513
20.002       521       513

20.001       517       511
20.001       516       511
20.017       515       511
20.001       516       511
20.016       517       511
20.033       517       511
20.001       517       511
20.005       514       511
20.001       514       511
20.016       516       511

