1     8     173     388
2     45     10     114
3     23     81     323
4     33     163     111
5     49     157     188
6     8     23     520
7     19     172     82
8     48     159     198
9     43     115     117
10     2     25     85
11     37     94     514
12     36     153     75
13     45     198     195
14     4     55     455
15     20     123     20
16     44     34     180
17     6     153     237
18     35     80     311
19     6     153     462
20     1     107     151
21     8     191     588
22     36     19     114
23     12     129     252
24     35     80     11
25     12     189     149
26     35     67     623
27     37     165     33
28     14     24     480
29     19     144     45
30     42     27     355
31     28     3     90
32     14     73     470
33     49     192     41
34     26     116     237
35     15     167     211
36     14     160     403
37     39     64     85
38     12     93     248
39     45     146     543
40     24     98     85
41     24     122     551
42     13     177     11
43     28     14     344
44     3     84     55
45     35     113     164
46     38     146     418
47     45     61     49
48     21     44     347
49     34     39     46
50     38     188     208
51     24     113     388
52     22     128     28
53     8     80     256
54     30     35     101
55     44     83     211
56     33     144     421
57     40     199     72
58     35     11     501
59     12     63     154
60     48     174     399
61     9     181     133
62     1     16     125
63     32     86     268
64     49     185     572
65     44     143     82
66     34     48     549
67     12     195     91
68     35     20     34
69     20     139     522
70     30     155     86
71     36     3     23
72     1     2     7
73     16     193     334
74     24     177     125
75     2     21     471
76     24     63     102
77     36     64     83
78     34     9     73
79     10     83     254
80     2     103     243
81     6     136     336
82     13     47     69
83     14     157     210
84     42     102     398
85     44     55     134
86     47     76     25
87     33     49     92
88     34     22     273
89     35     25     62
90     32     82     380
91     45     189     0
92     32     186     206
93     25     3     527
94     24     153     144
95     16     107     572
96     2     130     13
97     11     12     399
98     27     121     59
99     18     175     82
100     25     152     239
101     1     110     425
102     45     50     35
103     10     121     605
104     40     165     120
105     4     165     344
106     46     108     5
107     48     2     121
108     25     69     293
109     21     28     539
110     27     35     15
111     4     89     25
112     36     67     564
113     1     10     56
114     6     66     551
115     3     132     130
116     9     181     339
117     28     182     8
118     30     16     280
119     1     46     598
120     21     56     127
121     16     10     236
122     47     170     233
123     1     165     394
124     31     47     119
125     28     17     617
126     18     183     110
127     40     159     482
128     1     148     115
129     25     131     330
130     32     100     105
131     34     170     534
132     11     70     141
133     17     3     326
134     5     180     16
135     26     185     559
136     49     139     130
137     7     180     580
138     12     34     124
139     26     103     377
140     49     134     122
141     42     102     444
142     6     104     10
143     9     50     375
144     43     129     23
145     15     38     438
146     37     105     63
147     16     197     108
148     20     51     494
149     28     20     60
150     43     111     130
151     25     40     260
152     12     35     233
153     3     191     471
154     20     23     153
155     45     87     525
156     22     7     150
157     22     16     510
158     32     120     24
159     19     189     283
160     21     199     463
161     27     114     126
162     38     43     283
163     47     123     512
164     45     103     50
165     43     163     63
166     24     53     503
167     22     1     73
168     25     89     480
169     40     152     83
170     6     124     217
171     20     151     191
172     14     69     331
173     15     159     152
174     30     174     453
175     42     9     109
176     37     57     345
177     36     21     2
178     27     165     615
179     40     18     89
180     9     199     311
181     42     46     471
182     42     163     143
183     10     130     106
184     3     30     205
185     5     146     271
186     9     155     509
187     25     79     110
188     38     111     110
189     31     39     436
190     11     105     139
191     47     55     349
192     2     184     10
193     18     132     621
194     2     102     23
195     49     26     543
196     47     24     89
197     9     185     530
198     18     140     65
199     13     65     595
200     45     117     25
