1     64     2     522
2     86     34     802
3     46     27     855
4     92     8     965
5     80     49     1257
6     45     32     105
7     11     27     454
8     6     48     366
9     27     45     1232
10     60     35     27
11     56     48     634
12     53     23     2286
13     58     6     138
14     35     31     904
15     46     42     814
16     86     11     580
17     44     41     987
18     37     28     1019
19     20     25     46
20     56     26     2125
21     78     33     267
22     31     37     910
23     79     33     114
24     90     23     743
25     79     22     2291
26     49     49     574
27     93     32     1718
28     36     28     194
29     40     26     849
30     5     39     1602
31     82     15     467
32     12     26     328
33     35     21     2300
34     25     29     600
35     73     21     421
36     30     42     32
37     90     20     1710
38     98     8     224
39     24     3     1033
40     27     40     1558
41     35     38     453
42     2     19     78
43     5     47     226
44     92     8     1936
45     82     49     578
46     82     20     1525
47     87     15     90
48     44     16     917
49     13     42     1379
50     88     36     477
51     46     16     1971
52     73     30     304
53     62     39     2165
54     80     17     111
55     22     22     1024
56     50     29     1938
57     31     26     109
58     74     36     1301
59     14     30     357
60     68     44     705
61     92     6     1182
62     51     41     1736
63     31     6     194
64     69     7     2166
65     37     21     514
66     32     29     791
67     93     16     218
68     30     43     1884
69     34     1     196
70     7     47     1984
71     21     1     237
72     46     12     248
73     25     26     727
74     3     19     2221
75     59     27     99
76     56     7     1631
77     76     7     495
78     29     47     1063
79     13     12     1508
80     20     42     479
81     13     2     1635
82     84     37     553
83     96     34     1250
84     38     3     524
85     92     9     1004
86     1     29     1260
87     41     31     4
88     51     4     732
89     91     29     423
90     33     23     1494
91     4     23     438
92     87     41     2322
93     42     1     409
94     66     15     1399
95     27     24     278
96     70     3     2004
97     22     31     392
98     74     4     1105
99     94     17     1819
100     40     7     101
101     53     9     76
102     18     34     739
103     60     10     87
104     67     25     401
105     7     12     329
106     8     21     1386
107     31     15     304
108     99     36     409
109     21     44     1805
110     15     7     200
111     90     28     4
112     17     46     1185
113     6     43     1370
114     48     22     171
115     55     41     1087
116     5     6     823
117     74     49     1699
118     78     28     403
119     75     42     1449
120     33     31     91
121     67     2     253
122     54     41     493
123     67     29     871
124     77     32     1026
125     70     39     703
126     42     13     1076
127     67     21     1822
128     46     40     307
129     68     46     909
130     28     22     2299
131     33     44     39
132     20     34     2257
133     74     9     92
134     36     29     1431
135     96     14     436
136     71     37     2238
137     54     38     68
138     34     9     1515
139     27     29     243
140     22     24     1359
141     69     29     118
142     91     37     2026
143     91     22     498
144     35     49     1122
145     50     10     1151
146     12     45     1373
147     27     13     563
148     44     32     346
149     65     32     1895
150     34     24     120
151     43     3     825
152     58     29     1320
153     37     33     31
154     19     37     1978
155     11     6     101
156     18     37     616
157     71     2     176
158     68     33     1364
159     53     28     210
160     25     23     1857
161     21     37     4
162     43     28     2347
163     47     40     461
164     11     7     1514
165     2     42     194
166     96     25     1751
167     11     21     4
168     43     15     1926
169     34     35     198
170     3     4     1103
171     27     21     1365
172     85     27     341
173     77     4     2109
174     17     7     197
175     55     17     18
176     49     46     766
177     17     4     2133
178     24     37     442
179     53     26     1460
180     49     43     263
181     98     15     484
182     88     23     506
183     99     7     105
184     26     1     54
185     43     31     2006
186     78     14     211
187     36     45     1628
188     53     19     155
189     63     46     575
190     25     20     921
191     3     19     2026
192     33     15     570
193     88     7     1284
194     5     32     494
195     20     26     349
196     85     15     40
197     48     40     1627
198     36     9     483
199     52     38     2168
200     47     48     284
