3.063     2891     2891
9.188     2891     2891
1.344     2891     2891
20.001     2901     2891
20.047     2901     2891
20.047     2901     2891
20.001     2901     2891
1.344     2891     2891
9.188     2891     2891
9.188     2891     2891
             
20.001     2370     2336
20.017     2375     2336
20.032     2370     2336
20.001     2367     2336
20.032     2370     2336
20.032     2370     2336
20.001     2367     2336
20.032     2370     2336
20.017     2375     2336
20.017     2375     2336
             
20.016     2613     2409
20.047     2606     2409
20.001     2599     2409
20.016     2566     2409
20.016     2586     2409
20.016     2586     2409
20.016     2566     2409
20.001     2599     2409
20.047     2606     2409
20.047     2613     2409
             
20.016     2650     2530
20.016     2635     2530
20.001     2645     2530
20.016     2618     2530
20.016     2645     2530
20.016     2645     2530
20.016     2618     2530
20.001     2645     2530
20.016     2635     2530
20.016     2650     2530
             
20.016     2776     2656
20.001     2759     2656
20.001     2782     2656
20.032     2777     2656
20.032     2777     2656
20.032     2777     2656
20.032     2777     2656
20.001     2782     2656
20.001     2759     2656
20.016     2776     2656
             
20.032     2781     2660
20.032     2759     2660
20.032     2813     2660
20.032     2797     2660
20.032     2797     2660
20.032     2797     2660
20.032     2797     2660
20.032     2813     2660
20.032     2759     2660
20.032     2781     2660
             
20.016     2518     2515
20.001     2519     2515
20.001     2519     2515
20.016     2531     2515
20.016     2531     2515
20.016     2531     2515
20.016     2531     2515
20.001     2519     2515
20.001     2519     2515
20.016     2519     2515
             
1.359     2536     2536
0.046     2536     2536
3.407     2536     2536
0.016     2536     2536
2.094     2536     2536
2.094     2536     2536
0.016     2536     2536
3.407     2536     2536
0.046     2536     2536
1.359     2536     2536
             
20.032     2558     2529
20.047     2560     2529
20.001     2548     2529
20.032     2573     2529
20.032     2573     2529
20.032     2573     2529
20.032     2573     2529
20.001     2548     2529
20.047     2560     2529
20.047     2560     2529
             
20.031     2524     2455
20.017     2540     2455
20.001     2530     2455
20.047     2552     2455
20.047     2552     2455
20.047     2552     2455
20.047     2552     2455
20.001     2530     2455
20.017     2540     2455
20.031     2540     2455
             
