1     74     30     459
2     54     33     2816
3     91     42     170
4     57     38     1436
5     92     35     3560
6     66     49     100
7     80     17     1413
8     84     36     298
9     71     12     3813
10     78     42     661
11     26     21     3704
12     33     45     697
13     5     17     985
14     83     13     2238
15     2     47     47
16     73     9     3782
17     54     8     566
18     8     22     498
19     24     25     19
20     50     35     1138
21     87     19     2849
22     78     18     434
23     10     38     940
24     61     28     1028
25     63     33     2632
26     37     34     772
27     29     45     2070
28     63     35     898
29     92     35     3670
30     31     9     348
31     13     46     1118
32     99     40     1955
33     66     9     592
34     84     20     1390
35     39     11     3202
36     55     20     566
37     44     20     1535
38     48     1     1869
39     52     40     267
40     51     31     501
41     57     16     3
42     11     30     69
43     54     27     2129
44     25     16     245
45     28     38     3789
46     10     34     221
47     34     12     313
48     79     33     3464
49     90     30     771
50     24     27     2208
51     23     44     469
52     52     31     2804
53     24     2     733
54     73     34     452
55     69     42     2117
56     6     30     835
57     94     39     539
58     27     29     2612
59     4     29     406
60     16     46     2432
61     71     41     75
62     75     34     3801
63     81     35     476
64     62     25     284
65     37     26     1827
66     5     39     2075
67     70     43     701
68     1     26     274
69     9     41     3481
70     56     15     891
71     75     26     610
72     37     1     2965
73     21     39     270
74     73     46     502
75     4     6     265
76     84     36     1432
77     7     10     1670
78     49     30     872
79     14     4     1817
80     21     26     3283
81     72     25     186
82     76     8     3780
83     89     15     367
84     79     37     3068
85     12     43     57
86     20     39     2130
87     35     47     402
88     49     47     1337
89     65     8     796
90     75     25     353
91     26     6     1350
92     85     14     2373
93     82     4     262
94     20     19     474
95     11     46     1818
96     2     6     2152
97     62     32     513
98     21     47     3365
99     86     35     704
100     23     14     3045
101     52     29     464
102     68     46     1341
103     97     24     3350
104     56     23     223
105     37     18     325
106     47     9     748
107     63     10     244
108     50     12     2871
109     4     32     750
110     74     8     3731
111     7     7     191
112     93     23     33
113     36     38     1612
114     67     7     1354
115     51     3     2459
116     63     36     418
117     60     11     2349
118     42     23     82
119     65     38     2862
120     41     24     779
121     86     11     48
122     66     38     1335
123     4     24     3215
124     46     28     99
125     38     46     2846
126     94     41     688
127     15     47     149
128     62     29     1482
129     93     46     313
130     80     15     2860
131     22     45     96
132     7     10     2900
133     50     13     705
134     82     23     482
135     44     30     626
136     23     22     1736
137     83     3     2174
138     14     33     188
139     87     23     3757
140     41     47     142
141     16     8     3639
142     12     43     851
143     61     15     30
144     84     9     226
145     73     48     2537
146     84     28     694
147     24     16     2891
148     18     43     85
149     68     15     2861
150     63     8     758
151     30     33     3281
152     31     30     899
153     15     15     2370
154     18     10     154
155     88     32     3373
156     25     36     103
157     74     18     1031
158     40     41     3310
159     51     15     195
160     13     4     312
161     20     3     2147
162     25     37     497
163     23     44     2822
164     95     36     316
165     54     2     1527
166     59     9     1558
167     17     29     2490
168     4     13     167
169     24     3     814
170     70     42     3756
171     68     14     217
172     56     34     2353
173     86     31     874
174     56     33     168
175     85     2     400
176     92     5     648
177     85     7     3671
178     58     47     651
179     99     44     2606
180     75     49     391
181     67     30     2587
182     90     39     544
183     89     10     3522
184     15     23     102
185     52     9     624
186     37     27     2808
187     61     47     167
188     93     43     1056
189     91     32     2072
190     6     49     559
191     50     43     86
192     92     39     893
193     80     4     1995
194     96     22     909
195     68     3     2082
196     31     27     392
197     48     10     1099
198     12     11     342
199     71     31     407
200     74     14     352
201     97     18     3773
202     18     18     486
203     10     1     1220
204     45     34     2398
205     61     29     295
206     78     46     780
207     15     26     829
208     41     8     2384
209     66     18     87
210     42     33     174
211     60     23     1822
212     21     5     2644
213     84     7     284
214     9     1     2912
215     42     20     922
216     36     43     1657
217     67     33     1170
218     77     15     1577
219     84     4     1016
220     55     28     694
221     39     7     619
222     67     9     1681
223     69     49     2048
224     88     30     139
225     92     5     1964
226     31     40     657
227     5     36     2956
228     97     37     628
229     30     25     2081
230     80     10     951
231     7     49     1186
232     63     17     1831
233     80     15     809
234     55     15     2758
235     19     19     88
236     73     26     1640
237     40     20     578
238     91     6     3180
239     60     25     444
240     55     24     3069
241     27     40     141
242     78     8     956
243     27     33     2404
244     13     10     436
245     22     7     3548
246     95     23     365
247     62     45     3253
248     86     46     110
249     15     12     91
250     46     3     71
251     32     44     1737
252     20     5     1465
253     80     14     984
254     78     39     2496
255     16     47     891
256     37     32     1846
257     85     29     444
258     75     41     747
259     44     31     3003
260     24     45     48
261     41     37     3617
262     67     41     243
263     77     1     3081
264     43     28     322
265     94     30     1773
266     30     37     2043
267     43     44     824
268     68     45     2472
269     32     19     348
270     99     36     3494
271     18     28     894
272     5     36     2764
273     48     2     702
274     42     46     2307
275     27     40     770
276     86     43     2715
277     37     7     671
278     93     21     527
279     16     13     706
280     15     16     365
281     1     38     1181
282     94     8     3501
283     1     15     561
284     9     5     782
285     14     40     781
286     41     48     1130
287     14     45     1621
288     92     38     1227
289     89     5     1429
290     54     36     3091
291     47     46     573
292     66     28     3653
293     51     45     130
294     93     5     3233
295     51     13     843
296     28     33     111
297     42     36     40
298     98     18     2926
299     32     1     248
300     27     5     3003
