1     18     17     2807
2     135     39     2120
3     64     43     11996
4     67     19     2692
5     169     19     166
6     190     25     6009
7     102     2     7812
8     5     32     2723
9     80     13     7880
10     114     26     2440
11     43     16     11781
12     185     6     2273
13     121     1     928
14     136     39     7019
15     52     32     1693
16     68     46     5155
17     160     49     8688
18     68     11     1818
19     105     12     8113
20     108     24     2845
21     62     15     9875
22     112     37     301
23     173     26     5933
24     172     17     9175
25     144     42     144
26     193     45     7684
27     164     26     876
28     88     47     1840
29     47     34     5821
30     90     30     2632
31     171     5     5180
32     8     39     10726
33     115     25     127
34     153     34     4942
35     179     49     8631
36     176     21     781
37     162     19     5826
38     79     42     3639
39     56     4     6997
40     62     13     1209
41     43     1     2338
42     69     5     11133
43     102     21     2151
44     99     21     3503
45     177     36     10465
46     166     44     2782
47     28     32     3332
48     71     42     6706
49     27     32     2146
50     113     21     5923
51     15     29     3020
52     37     27     4507
53     56     32     1222
54     176     41     1523
55     167     48     11151
56     127     14     1814
57     126     25     6888
58     108     40     2005
59     151     42     1596
60     13     12     3657
61     109     43     7904
62     196     2     2155
63     39     3     8663
64     177     2     252
65     31     16     1134
66     127     27     3344
67     158     34     6673
68     133     34     1435
69     165     26     6691
70     176     40     1035
71     58     38     5042
72     32     7     6288
73     135     14     1741
74     183     33     3311
75     31     48     2699
76     188     9     11830
77     123     25     2693
78     12     25     12059
79     61     38     1288
80     75     4     3580
81     15     23     2329
82     20     8     7811
83     13     43     2102
84     124     2     10592
85     134     3     445
86     154     7     7676
87     68     10     395
88     173     33     5826
89     14     2     5415
90     169     23     2864
91     86     39     6516
92     56     40     2243
93     178     9     1854
94     80     17     10207
95     139     17     118
96     177     33     1040
97     89     34     4805
98     136     35     1489
99     117     29     10123
100     31     42     715
101     142     19     6921
102     182     35     2977
103     28     7     11420
104     152     48     1240
105     125     5     250
106     173     40     1564
107     143     34     4501
108     190     14     2011
109     155     38     5604
110     112     43     19
111     107     21     8439
112     94     28     1323
113     83     3     2446
114     166     22     6223
115     69     38     2785
116     117     37     10181
117     157     42     343
118     71     16     4117
119     141     16     5792
120     92     27     3715
121     122     14     8213
122     158     6     88
123     176     4     8550
124     60     35     2123
125     54     44     5780
126     10     14     306
127     98     35     11419
128     117     15     2198
129     176     17     1665
130     104     29     8422
131     30     18     800
132     149     4     1214
133     91     25     2611
134     197     46     3574
135     161     12     8346
136     89     27     2987
137     156     5     1649
138     114     18     7034
139     119     48     2342
140     188     19     4907
141     70     26     451
142     33     20     1662
143     68     36     11785
144     5     2     1835
145     54     25     6631
146     146     4     398
147     92     44     8489
148     119     42     2692
149     97     48     6544
150     123     33     1429
151     126     2     1833
152     23     27     4455
153     85     20     3490
154     43     11     2162
155     121     23     4977
156     32     49     8494
157     113     4     2111
158     103     22     8966
159     176     39     204
160     61     35     5483
161     113     3     903
162     133     28     9507
163     48     7     1028
164     116     49     5403
165     141     39     3079
166     171     17     480
167     128     12     9024
168     111     33     2155
169     43     19     1061
170     119     6     1873
171     129     47     6073
172     183     33     877
173     46     46     1485
174     64     40     4333
175     135     23     9163
176     163     35     2228
177     6     33     1462
178     104     44     4282
179     177     49     10089
180     60     43     2935
181     130     38     3481
182     70     4     967
183     79     44     1811
184     177     25     5100
185     19     26     8434
186     95     30     188
187     118     29     9689
188     95     32     428
189     53     37     6769
190     135     18     1735
191     99     44     8611
192     12     19     2417
193     167     39     4233
194     18     28     7997
195     17     22     1650
196     87     31     10473
197     49     42     1156
198     12     27     2939
199     20     8     5297
200     33     40     3947
201     76     26     688
202     46     5     5317
203     61     17     5828
204     58     26     6206
205     112     35     844
206     172     14     3589
207     56     22     9351
208     160     18     939
209     142     47     7429
210     64     31     723
211     110     16     9682
212     85     20     636
213     65     30     11717
214     194     42     2685
215     78     3     6371
216     9     16     1811
217     108     44     11660
218     158     40     1688
219     168     11     1451
220     121     7     901
221     36     34     3609
222     196     32     9474
223     166     35     2289
224     35     34     7265
225     18     18     1073
226     68     10     7508
227     114     23     3010
228     113     29     4781
229     95     45     3163
230     23     1     5850
231     192     45     3772
232     160     46     9786
233     130     47     2666
234     100     27     390
235     190     5     2793
236     118     31     9438
237     186     9     1343
238     87     48     5573
239     3     31     10974
240     130     39     2403
241     127     48     2238
242     93     21     5413
243     189     1     4953
244     148     39     9926
245     152     11     1822
246     133     21     6360
247     150     13     517
248     23     35     9977
249     79     25     1145
250     140     1     10735
251     8     47     336
252     43     47     4349
253     131     18     8784
254     156     25     2132
255     101     43     9276
256     164     15     1843
257     161     30     5036
258     194     37     7061
259     4     9     2535
260     91     48     6042
261     30     6     448
262     93     4     2744
263     196     32     11558
264     99     29     1969
265     127     41     7288
266     139     30     191
267     71     12     2503
268     60     48     10399
269     9     46     818
270     49     20     10721
271     91     30     274
272     10     37     9100
273     64     40     1223
274     57     5     6342
275     68     49     1242
276     129     18     6452
277     188     24     2704
278     144     19     10929
279     14     32     1068
280     4     2     11279
281     13     13     1294
282     10     49     4038
283     69     37     7979
284     83     20     1011
285     165     29     2179
286     27     28     6602
287     141     1     2038
288     109     19     7118
289     62     40     2974
290     114     29     4064
291     4     49     3871
292     34     40     11130
293     6     30     1233
294     9     35     8622
295     71     36     1050
296     131     1     10453
297     24     28     2257
298     43     38     8237
299     186     9     1773
300     36     42     5261
