1     15     21     58
2     5     9     97
3     19     37     689
4     3     32     45
5     7     31     456
6     5     5     119
7     27     15     389
8     19     16     76
9     19     22     92
10     20     16     188
11     46     47     181
12     39     29     188
13     8     39     291
14     42     15     199
15     17     35     151
16     27     37     70
17     12     42     175
18     15     37     621
19     2     43     96
20     14     4     77
21     8     13     692
22     44     30     70
23     41     8     471
24     43     22     102
25     7     7     723
26     17     21     188
27     27     13     576
28     14     1     2
29     26     48     730
30     8     46     3
31     10     47     305
32     5     35     481
33     36     9     175
34     2     5     425
35     37     46     94
36     7     31     477
37     13     27     79
38     18     28     662
39     18     27     121
40     16     38     719
41     49     12     167
42     18     36     29
43     2     7     561
44     25     10     61
45     10     22     189
46     34     1     561
47     30     22     24
48     44     10     632
49     4     14     50
50     24     25     452
51     6     24     135
52     13     10     113
53     10     29     169
54     35     40     265
55     25     17     212
56     1     33     134
57     16     1     602
58     48     44     122
59     19     2     85
60     31     19     0
61     25     47     90
62     36     9     698
63     32     44     88
64     19     32     488
65     27     8     178
66     41     15     365
67     31     35     127
68     16     5     263
69     25     27     551
70     45     12     108
71     26     37     137
72     19     46     402
73     38     39     44
74     42     29     62
75     8     3     680
76     11     11     31
77     41     29     533
78     6     21     192
79     38     35     738
80     34     43     190
81     17     35     585
82     6     7     14
83     46     24     95
84     44     48     261
85     8     17     287
86     36     42     301
87     48     1     501
88     1     42     55
89     49     1     488
90     20     3     70
91     24     42     540
92     25     44     18
93     20     7     150
94     5     10     451
95     7     7     63
96     15     38     246
97     9     45     764
98     31     45     43
99     32     4     54
100     45     7     152
101     16     38     337
102     25     24     69
103     31     31     394
104     33     49     26
105     18     8     578
106     25     20     17
107     39     24     59
108     15     1     238
109     5     48     183
110     48     31     141
111     5     31     20
112     42     30     615
113     45     21     17
114     14     31     452
115     7     47     66
116     30     32     165
117     35     43     383
118     34     21     420
119     9     4     112
120     49     38     582
121     21     5     175
122     4     37     530
123     45     36     163
124     6     31     474
125     30     25     192
126     28     21     147
127     15     22     598
128     20     14     159
129     10     1     290
130     15     17     249
131     40     48     98
132     13     25     436
133     5     34     65
134     9     35     582
135     38     33     59
136     9     48     721
137     18     30     144
138     15     5     269
139     45     6     73
140     18     25     726
141     10     31     83
142     10     37     317
143     31     8     153
144     13     34     354
145     41     15     622
146     14     27     45
147     38     17     714
148     19     21     33
149     47     12     297
150     38     35     423
151     26     31     85
152     40     24     165
153     24     7     522
154     17     8     61
155     20     13     0
156     47     29     357
157     47     6     636
158     1     26     130
159     22     26     331
160     31     36     491
161     22     42     119
162     42     25     63
163     6     31     243
164     6     22     619
165     48     17     120
166     7     7     764
167     2     44     119
168     29     44     71
169     2     49     3
170     39     34     88
171     38     22     625
172     10     48     81
173     33     9     122
174     39     17     25
175     36     2     233
176     36     2     210
177     3     23     596
178     33     28     121
179     44     48     627
180     25     34     51
181     30     6     329
182     45     42     492
183     41     16     30
184     16     29     682
185     40     18     158
186     46     25     455
187     2     5     142
188     37     21     572
189     4     8     56
190     27     18     125
191     43     34     619
192     11     4     171
193     48     39     678
194     49     31     74
195     45     6     545
196     45     2     134
197     27     23     537
198     41     17     118
199     37     2     603
200     43     35     169
201     28     47     651
202     23     42     47
203     8     34     692
204     20     48     25
205     2     44     51
206     22     22     142
207     18     47     204
208     48     26     390
209     16     42     86
210     49     38     151
211     43     44     149
212     44     38     549
213     32     20     192
214     32     12     762
215     31     39     20
216     31     45     184
217     9     42     539
218     43     23     136
219     31     47     491
220     35     9     76
221     13     19     574
222     9     47     57
223     39     1     676
224     20     40     186
225     15     16     714
226     45     16     109
227     15     14     420
228     30     9     148
229     8     48     463
230     34     2     174
231     41     15     461
232     11     48     180
233     10     48     487
234     26     18     50
235     2     24     287
236     33     6     513
237     3     13     32
238     23     32     735
239     17     31     54
240     12     3     704
241     13     13     43
242     11     33     249
243     31     46     618
244     16     45     97
245     31     37     96
246     32     31     482
247     43     39     185
248     35     35     274
249     30     14     284
250     44     1     342
251     35     30     464
252     6     48     52
253     41     48     639
254     38     11     50
255     15     31     340
256     6     42     732
257     49     31     120
258     43     44     547
259     33     43     150
260     9     41     456
261     5     34     116
262     48     22     303
263     48     35     649
264     10     21     2
265     8     13     723
266     35     47     16
267     34     36     68
268     9     23     250
269     9     44     376
270     37     37     298
271     44     9     252
272     47     36     101
273     27     46     637
274     27     14     35
275     34     3     717
276     36     24     134
277     4     20     655
278     18     14     169
279     19     46     33
280     28     36     739
281     28     10     180
282     17     22     332
283     14     7     381
284     33     24     105
285     3     4     134
286     12     3     202
287     7     9     679
288     17     37     166
289     42     31     37
290     41     13     295
291     42     14     580
292     8     11     102
293     22     30     449
294     13     36     42
295     36     18     232
296     40     18     593
297     49     27     149
298     49     40     79
299     31     39     38
300     24     9     588
301     36     28     145
302     10     4     338
303     1     37     610
304     15     42     149
305     39     37     464
306     13     24     73
307     31     49     763
308     44     11     35
309     1     44     746
310     16     34     82
311     21     19     758
312     20     30     52
313     43     10     471
314     46     20     65
315     37     49     693
316     25     27     191
317     3     33     561
318     40     14     169
319     4     49     535
320     29     29     140
321     14     46     186
322     44     1     766
323     11     1     128
324     9     25     359
325     45     1     383
326     29     25     590
327     6     26     117
328     39     17     354
329     8     48     728
330     2     35     26
331     46     24     630
332     11     12     66
333     25     44     281
334     22     22     206
335     37     30     496
336     29     10     151
337     1     9     327
338     27     19     287
339     28     17     641
340     13     21     25
341     41     3     360
342     21     26     493
343     45     18     41
344     1     21     589
345     14     12     70
346     13     23     171
347     48     47     105
348     18     7     616
349     30     1     77
350     41     35     474
351     5     1     156
352     21     32     36
353     40     46     493
354     27     5     171
355     34     4     267
356     17     4     551
357     3     17     108
358     26     3     702
359     38     38     11
360     15     12     449
361     24     17     46
362     20     6     525
363     37     3     47
364     14     29     445
365     28     26     15
366     35     36     69
367     1     48     308
368     18     24     349
369     49     15     311
370     35     6     409
371     20     43     170
372     48     21     407
373     23     22     109
374     25     5     288
375     20     39     502
376     47     20     46
377     40     8     681
378     3     15     183
379     49     14     458
380     37     35     63
381     44     41     111
382     29     9     288
383     13     13     342
384     3     45     763
385     1     10     173
386     4     30     100
387     25     44     566
388     4     7     50
389     23     4     551
390     34     28     168
391     29     5     681
392     18     16     16
393     5     10     74
394     19     30     145
395     7     34     19
396     33     6     215
397     24     2     51
398     3     33     186
399     9     23     412
400     40     32     71
401     7     37     435
402     43     21     125
403     41     42     483
404     46     33     164
405     15     2     299
406     29     49     47
407     28     6     603
408     28     3     28
409     18     30     729
410     8     41     125
411     25     35     687
412     9     22     20
413     27     45     15
414     19     4     757
415     31     33     9
416     31     44     9
417     29     7     497
418     28     40     176
419     8     11     407
420     6     20     91
421     43     35     39
422     22     8     359
423     46     19     650
424     10     30     99
425     48     3     220
426     32     25     261
427     5     44     10
428     19     15     242
429     38     17     691
430     20     12     9
431     43     21     707
432     14     4     30
433     31     24     78
434     19     33     693
435     10     15     156
436     14     21     123
437     25     8     133
438     35     18     31
439     47     48     472
440     24     24     169
441     3     3     469
442     48     28     5
443     46     8     327
444     43     27     54
445     6     17     85
446     2     18     244
447     16     14     376
448     45     21     755
449     47     29     59
450     18     42     643
451     22     38     104
452     29     28     336
453     46     25     29
454     3     17     38
455     20     13     697
456     12     41     44
457     46     16     708
458     46     34     103
459     30     29     119
460     30     28     659
461     12     36     132
462     27     34     79
463     44     43     183
464     26     48     221
465     28     8     374
466     37     36     636
467     16     11     133
468     48     8     28
469     31     45     425
470     33     38     49
471     41     18     316
472     3     20     762
473     16     47     158
474     3     33     156
475     2     34     48
476     24     22     388
477     34     2     8
478     11     21     548
479     1     17     102
480     1     20     156
481     3     18     343
482     42     4     327
483     7     25     568
484     15     19     143
485     37     35     550
486     12     35     161
487     11     9     44
488     13     28     91
489     13     47     62
490     27     14     354
491     37     23     387
492     4     11     134
493     41     49     381
494     20     49     142
495     21     26     470
496     22     23     18
497     3     16     270
498     22     36     197
499     34     10     162
500     8     48     445
