1     49     41     501
2     45     17     117
3     8     42     170
4     8     43     560
5     42     7     131
6     47     49     479
7     4     24     75
8     14     33     518
9     48     31     83
10     48     9     634
11     14     28     113
12     21     27     115
13     19     34     534
14     16     18     172
15     38     3     438
16     49     24     186
17     28     27     43
18     23     14     359
19     48     45     71
20     43     17     87
21     25     43     290
22     44     41     14
23     9     41     172
24     42     44     39
25     18     37     448
26     2     44     95
27     29     20     431
28     25     25     71
29     19     31     123
30     23     36     785
31     42     48     120
32     49     28     314
33     46     30     191
34     34     16     493
35     43     44     47
36     10     23     273
37     10     45     220
38     13     47     295
39     17     34     400
40     11     25     39
41     5     44     277
42     15     26     231
43     6     32     118
44     16     5     314
45     1     14     399
46     31     18     130
47     1     29     393
48     48     5     36
49     2     46     378
50     47     9     221
51     11     16     67
52     49     46     523
53     45     39     85
54     17     40     610
55     24     7     164
56     32     19     173
57     3     43     328
58     5     41     691
59     3     13     197
60     41     22     316
61     34     10     320
62     35     23     293
63     16     17     494
64     39     42     95
65     3     40     561
66     12     45     140
67     8     40     72
68     42     33     167
69     6     38     57
70     34     43     577
71     46     19     128
72     7     35     682
73     30     40     115
74     32     18     623
75     34     22     157
76     22     21     221
77     12     15     452
78     38     37     132
79     17     44     606
80     42     13     134
81     24     12     23
82     27     21     509
83     26     26     83
84     49     44     658
85     16     20     101
86     11     27     455
87     23     29     67
88     35     30     346
89     29     28     567
90     25     18     67
91     49     45     94
92     35     14     667
93     6     40     17
94     8     36     119
95     41     23     342
96     38     26     337
97     40     2     130
98     29     21     635
99     37     42     142
100     43     35     106
101     5     49     232
102     19     29     296
103     7     10     20
104     22     47     366
105     21     42     680
106     18     15     166
107     42     2     324
108     19     13     346
109     30     5     377
110     30     47     149
111     34     25     657
112     32     40     80
113     6     31     776
114     24     26     9
115     20     11     101
116     39     28     372
117     11     23     482
118     10     39     18
119     20     4     163
120     48     30     236
121     3     31     78
122     18     39     231
123     43     43     545
124     22     5     160
125     4     10     336
126     27     3     237
127     5     39     401
128     46     33     160
129     45     29     223
130     9     49     121
131     10     36     757
132     28     30     20
133     8     23     484
134     46     22     135
135     32     42     319
136     10     47     517
137     19     7     50
138     48     42     564
139     38     38     7
140     20     2     34
141     22     40     130
142     17     48     745
143     43     13     30
144     17     11     736
145     12     10     178
146     19     35     439
147     12     7     162
148     7     14     533
149     48     17     190
150     41     31     188
151     25     26     325
152     41     24     758
153     15     32     184
154     39     11     135
155     8     19     654
156     45     18     72
157     15     4     738
158     18     11     6
159     45     2     251
160     14     14     273
161     31     21     519
162     4     40     193
163     24     3     59
164     12     35     547
165     46     4     89
166     6     9     771
167     7     12     24
168     22     3     714
169     17     5     130
170     2     13     563
171     34     13     172
172     33     1     675
173     48     8     43
174     5     20     705
175     42     23     12
176     19     21     236
177     5     20     66
178     4     13     692
179     12     29     31
180     21     10     315
181     18     11     488
182     7     30     116
183     5     1     724
184     20     10     4
185     27     37     8
186     19     48     396
187     45     9     123
188     26     19     339
189     49     13     768
190     2     36     55
191     40     24     13
192     9     11     631
193     27     10     117
194     29     22     732
195     22     24     162
196     1     11     484
197     29     11     40
198     34     17     112
199     4     7     442
200     48     27     177
201     37     18     33
202     46     23     432
203     5     28     141
204     11     36     228
205     25     38     474
206     3     40     197
207     48     20     146
208     34     14     54
209     12     41     767
210     12     34     92
211     34     21     85
212     44     49     335
213     12     23     226
214     30     41     372
215     23     15     707
216     3     21     102
217     43     27     628
218     30     31     121
219     13     47     481
220     22     25     156
221     18     34     728
222     38     42     171
223     44     17     584
224     35     35     187
225     35     1     154
226     32     7     509
227     6     40     160
228     23     22     57
229     15     15     525
230     26     1     149
231     33     22     617
232     8     39     11
233     31     41     150
234     41     11     629
235     30     25     90
236     11     33     133
237     28     38     489
238     27     17     138
239     22     12     19
240     24     21     524
241     24     43     133
242     24     18     296
243     7     18     357
244     43     26     61
245     43     21     358
246     40     9     574
247     16     1     192
248     25     9     595
249     48     15     90
250     29     14     590
251     20     20     52
252     26     6     109
253     27     40     482
254     40     39     56
255     25     31     387
256     45     10     760
257     33     10     162
258     6     30     389
259     40     43     510
260     19     42     93
261     4     49     406
262     41     8     68
263     7     25     134
264     46     23     112
265     33     41     264
266     7     37     171
267     22     19     22
268     13     1     528
269     40     27     44
270     11     7     608
271     32     31     106
272     38     42     136
273     25     15     1
274     24     21     345
275     14     24     525
276     46     27     154
277     18     30     135
278     18     6     358
279     21     32     33
280     32     9     170
281     34     10     487
282     32     33     139
283     42     5     413
284     42     17     96
285     48     32     92
286     7     11     776
287     36     16     68
288     7     7     762
289     34     9     130
290     45     1     552
291     11     10     154
292     42     7     102
293     8     49     434
294     10     20     106
295     35     40     434
296     30     47     0
297     30     4     465
298     16     32     27
299     12     25     638
300     36     31     115
301     40     46     741
302     5     4     165
303     30     47     575
304     44     42     157
305     1     5     683
306     26     7     118
307     2     40     385
308     39     36     476
309     39     25     130
310     26     28     448
311     1     8     158
312     48     27     440
313     20     32     70
314     38     42     275
315     42     26     392
316     13     11     379
317     27     11     388
318     28     33     459
319     39     33     136
320     13     48     189
321     42     40     87
322     28     17     357
323     6     12     453
324     7     31     136
325     28     16     537
326     30     26     50
327     37     2     579
328     16     46     93
329     36     37     82
330     45     9     552
331     5     23     22
332     31     49     198
333     39     30     42
334     17     34     394
335     44     5     70
336     20     45     340
337     5     41     115
338     28     22     223
339     32     31     429
340     40     16     184
341     5     3     656
342     42     5     173
343     29     33     192
344     44     48     41
345     12     5     566
346     17     9     171
347     1     18     452
348     30     6     46
349     32     27     352
350     18     38     310
351     44     24     435
352     29     19     165
353     44     47     718
354     41     2     34
355     24     13     25
356     23     37     298
357     33     25     213
358     7     42     260
359     17     24     38
360     44     41     81
361     6     2     715
362     23     14     112
363     41     19     713
364     26     35     79
365     38     23     676
366     6     37     78
367     33     24     733
368     4     35     31
369     27     37     687
370     35     45     70
371     17     43     498
372     32     49     108
373     39     15     113
374     24     26     549
375     46     26     106
376     28     38     160
377     6     20     291
378     30     24     528
379     6     4     38
380     10     49     272
381     44     34     40
382     10     48     357
383     6     9     52
384     8     24     591
385     41     45     10
386     44     49     531
387     7     7     0
388     31     5     215
389     47     34     740
390     33     12     40
391     3     37     691
392     35     24     137
393     22     30     359
394     2     11     446
395     34     1     24
396     40     12     669
397     38     18     138
398     45     4     317
399     41     31     34
400     24     20     619
401     34     43     132
402     9     31     214
403     40     11     311
404     23     43     719
405     23     34     52
406     40     18     575
407     22     15     18
408     4     8     735
409     41     20     172
410     27     9     651
411     4     47     94
412     14     3     478
413     24     40     68
414     42     46     690
415     12     43     55
416     38     1     266
417     20     30     770
418     33     29     110
419     19     30     489
420     20     48     48
421     26     35     364
422     4     24     600
423     16     4     5
424     31     2     10
425     12     37     767
426     8     20     82
427     42     29     309
428     15     43     362
429     32     35     521
430     3     49     172
431     37     39     672
432     22     16     163
433     33     23     93
434     3     27     613
435     41     5     157
436     42     12     79
437     1     31     410
438     34     35     137
439     10     37     301
440     35     10     417
441     41     1     56
442     25     23     578
443     44     25     16
444     22     48     256
445     23     9     603
446     27     16     187
447     32     40     369
448     12     39     38
449     33     22     253
450     23     33     275
451     21     29     775
452     35     35     110
453     11     36     183
454     48     44     520
455     1     35     23
456     17     3     743
457     4     4     78
458     25     27     240
459     43     12     190
460     20     36     356
461     6     40     580
462     33     43     34
463     36     40     636
464     18     36     65
465     32     33     157
466     36     18     778
467     35     41     12
468     21     25     476
469     4     6     78
470     31     42     251
471     42     29     236
472     26     40     171
473     31     32     727
474     1     39     132
475     7     2     142
476     10     6     48
477     1     11     787
478     31     17     186
479     9     25     233
480     40     5     639
481     10     8     60
482     26     22     96
483     5     44     492
484     28     11     97
485     33     36     275
486     10     22     483
487     37     23     20
488     22     39     673
489     31     2     145
490     25     3     496
491     24     29     35
492     27     8     243
493     26     24     301
494     26     5     720
495     19     8     65
496     4     22     484
497     27     45     106
498     34     7     639
499     49     38     19
500     42     29     398
