50.011     3183     3092.38
50.016     3191     3092.38
50.016     3191     3092.38
50.011     3183     3092.38
50.016     3191     3092.38
50.016     3191     3092.38
50.011     3183     3092.38
50.016     3191     3092.38
50.016     3191     3092.38
50.016     3191     3092.38
             
50.002     3144     3044.25
50.015     3148     3044.25
50.015     3148     3044.25
50.002     3144     3044.25
50.015     3148     3044.25
50.015     3148     3044.25
50.002     3144     3044.25
50.015     3148     3044.25
50.015     3148     3044.25
50.015     3148     3044.25
             
50.000     3122     3031.38
50.009     3114     3031.38
50.009     3114     3031.38
50.000     3122     3031.38
50.009     3122     3031.38
50.009     3122     3031.38
50.000     3122     3031.38
50.009     3114     3031.38
50.009     3114     3031.38
50.009     3122     3031.38
             
50.004     3183     3082.25
50.008     3196     3082.25
50.008     3196     3082.25
50.004     3183     3082.25
50.008     3196     3082.25
50.008     3196     3082.25
50.004     3183     3082.25
50.008     3196     3082.25
50.008     3196     3082.25
50.008     3196     3082.25
             
50.015     3199     3106.5
50.003     3197     3106.5
50.003     3197     3106.5
50.015     3199     3106.5
50.015     3199     3106.5
50.015     3199     3106.5
50.015     3199     3106.5
50.003     3197     3106.5
50.003     3197     3106.5
50.015     3199     3106.5
             
50.006     3066     2982.75
50.013     3083     2982.75
50.013     3083     2982.75
50.006     3066     2982.75
50.013     3083     2982.75
50.013     3083     2982.75
50.006     3066     2982.75
50.013     3083     2982.75
50.013     3083     2982.75
50.013     3083     2982.75
             
50.002     3199     3081.38
50.000     3195     3081.38
50.000     3195     3081.38
50.002     3199     3081.38
50.002     3199     3081.38
50.002     3199     3081.38
50.002     3199     3081.38
50.000     3195     3081.38
50.000     3195     3081.38
50.002     3199     3081.38
             
50.015     3215     3073
50.008     3218     3073
50.008     3218     3073
50.015     3215     3073
50.015     3218     3073
50.015     3218     3073
50.015     3215     3073
50.008     3218     3073
50.008     3218     3073
50.015     3218     3073
             
50.015     3129     3026.38
50.012     3118     3026.38
50.012     3118     3026.38
50.015     3129     3026.38
50.015     3129     3026.38
50.015     3129     3026.38
50.015     3129     3026.38
50.012     3118     3026.38
50.012     3118     3026.38
50.015     3129     3026.38
             
50.004     3165     3056.75
50.006     3164     3056.75
50.006     3164     3056.75
50.004     3165     3056.75
50.006     3165     3056.75
50.006     3165     3056.75
50.004     3165     3056.75
50.006     3164     3056.75
50.006     3164     3056.75
50.006     3165     3056.75
             
