50.083     3181     3092.38
50.044     3179     3092.38
50.044     3179     3092.38
50.083     3186     3092.38
50.083     3181     3092.38
50.083     3181     3092.38
50.083     3186     3092.38
50.044     3179     3092.38
50.044     3179     3092.38
50.083     3181     3092.38
             
50.003     3139     3044.25
50.006     3147     3044.25
50.006     3147     3044.25
50.003     3139     3044.25
50.006     3147     3044.25
50.006     3147     3044.25
50.003     3139     3044.25
50.006     3147     3044.25
50.006     3147     3044.25
50.006     3147     3044.25
             
50.053     3120     3031.38
50.011     3118     3031.38
50.011     3118     3031.38
50.053     3120     3031.38
50.053     3120     3031.38
50.053     3120     3031.38
50.053     3120     3031.38
50.011     3118     3031.38
50.011     3118     3031.38
50.053     3120     3031.38
             
50.014     3189     3082.25
50.005     3188     3082.25
50.005     3197     3082.25
50.014     3189     3082.25
50.014     3189     3082.25
50.014     3189     3082.25
50.014     3189     3082.25
50.005     3197     3082.25
50.005     3188     3082.25
50.014     3189     3082.25
             
50.090     3209     3106.5
50.000     3206     3106.5
50.000     3206     3106.5
50.090     3209     3106.5
50.090     3209     3106.5
50.090     3209     3106.5
50.090     3209     3106.5
50.000     3206     3106.5
50.000     3206     3106.5
50.090     3209     3106.5
             
50.021     3073     2982.75
50.062     3062     2982.75
50.062     3062     2982.75
50.021     3073     2982.75
50.062     3073     2982.75
50.062     3073     2982.75
50.021     3073     2982.75
50.062     3062     2982.75
50.062     3062     2982.75
50.062     3073     2982.75
             
50.028     3188     3081.38
50.006     3176     3081.38
50.006     3179     3081.38
50.028     3188     3081.38
50.028     3188     3081.38
50.028     3188     3081.38
50.028     3188     3081.38
50.006     3179     3081.38
50.006     3176     3081.38
50.028     3188     3081.38
             
50.098     3215     3073
50.066     3201     3073
50.066     3219     3073
50.098     3215     3073
50.098     3230     3073
50.098     3230     3073
50.098     3215     3073
50.066     3219     3073
50.066     3201     3073
50.098     3215     3073
             
50.004     3126     3026.38
50.003     3120     3026.38
50.003     3120     3026.38
50.004     3126     3026.38
50.004     3126     3026.38
50.004     3126     3026.38
50.004     3126     3026.38
50.003     3120     3026.38
50.003     3120     3026.38
50.004     3126     3026.38
             
50.074     3166     3056.75
50.087     3160     3056.75
50.087     3160     3056.75
50.074     3166     3056.75
50.087     3166     3056.75
50.087     3166     3056.75
50.074     3166     3056.75
50.087     3160     3056.75
50.087     3160     3056.75
50.087     3166     3056.75
             
