1     3     7     148
2     57     46     532
3     70     38     615
4     20     12     193
5     33     13     575
6     93     12     82
7     7     17     466
8     16     19     1129
9     62     39     94
10     79     34     499
11     57     31     916
12     80     16     148
13     68     38     549
14     42     26     842
15     99     26     7
16     48     40     1110
17     68     44     199
18     7     24     223
19     48     20     977
20     64     44     208
21     51     47     664
22     95     20     63
23     48     6     106
24     92     19     662
25     59     17     46
26     78     46     397
27     18     30     304
28     73     6     1049
29     46     10     1
30     27     6     232
31     61     17     656
32     64     1     107
33     91     40     1038
34     89     4     32
35     21     3     718
36     7     40     132
37     38     3     888
38     92     36     49
39     70     15     746
40     48     43     129
41     28     13     432
42     45     43     352
43     84     14     851
44     87     37     89
45     46     34     134
46     44     45     482
47     68     32     1061
48     63     43     219
49     97     40     1100
50     77     13     86
