0.094     1103     1103
0.262     1103     1103
0.035     1103     1103
0.035     1103     1103
0.262     1103     1103
0.262     1103     1103
0.035     1103     1103
0.035     1103     1103
0.262     1103     1103
0.262     1103     1103
             
5     1066     1044
5     1076     1044
5     1089     1044
5     1089     1044
5     1076     1044
5     1076     1044
5     1089     1044
5     1089     1044
5     1076     1044
5     1076     1044
             
0.015     1118     1118
0.046     1118     1118
0.148     1118     1118
0.148     1118     1118
0.046     1118     1118
0.046     1118     1118
0.148     1118     1118
0.148     1118     1118
0.046     1118     1118
0.046     1118     1118
             
5     917     848
5     912     848
5     906     848
5     906     848
5     917     848
5     917     848
5     906     848
5     906     848
5     912     848
5     917     848
             
0.003     978     978
0.163     978     978
0.045     978     978
0.045     978     978
0.163     978     978
0.163     978     978
0.045     978     978
0.045     978     978
0.163     978     978
0.163     978     978
             
0.001     1095     1095
0     1095     1095
0.001     1095     1095
0.001     1095     1095
0.001     1095     1095
0.001     1095     1095
0.001     1095     1095
0.001     1095     1095
0     1095     1095
0.001     1095     1095
             
5     1145     1061
5     1112     1061
5     1112     1061
5     1112     1061
5     1145     1061
5     1145     1061
5     1112     1061
5     1112     1061
5     1112     1061
5     1145     1061
             
0.134     1197     1197
0.117     1197     1197
0.241     1197     1197
0.241     1197     1197
0.134     1197     1197
0.134     1197     1197
0.241     1197     1197
0.241     1197     1197
0.117     1197     1197
0.134     1197     1197
             
0     1093     1093
0     1093     1093
0     1093     1093
0     1093     1093
0     1093     1093
0     1093     1093
0     1093     1093
0     1093     1093
0     1093     1093
0     1093     1093
             
0.143     1143     1143
0.335     1143     1143
0.45     1143     1143
0.45     1143     1143
0.335     1143     1143
0.335     1143     1143
0.45     1143     1143
0.45     1143     1143
0.335     1143     1143
0.335     1143     1143
             
