5     1155     1103
5     1160     1103
5.001     1160     1103
5.001     1160     1103
5     1160     1103
5     1160     1103
5.001     1160     1103
5.001     1160     1103
5     1160     1103
5     1160     1103
             
5     1153     1044
5     1153     1044
5     1153     1044
5     1153     1044
5     1153     1044
5     1153     1044
5     1153     1044
5     1153     1044
5     1153     1044
5     1153     1044
             
5     1185     1118
5.001     1152     1118
5.001     1195     1118
5.001     1195     1118
5.001     1185     1118
5.001     1185     1118
5.001     1195     1118
5.001     1195     1118
5.001     1152     1118
5.001     1185     1118
             
5     979     848
5     979     848
5.001     979     848
5.001     979     848
5     979     848
5     979     848
5.001     979     848
5.001     979     848
5     979     848
5     979     848
             
5     1005     978
5     1005     978
5     1005     978
5     1005     978
5     1005     978
5     1005     978
5     1005     978
5     1005     978
5     1005     978
5     1005     978
             
0.002     1095     1095
0.002     1095     1095
0.002     1095     1095
0.002     1095     1095
0.002     1095     1095
0.002     1095     1095
0.002     1095     1095
0.002     1095     1095
0.002     1095     1095
0.002     1095     1095
             
5     1189     1061
5     1189     1061
5     1189     1061
5     1189     1061
5     1189     1061
5     1189     1061
5     1189     1061
5     1189     1061
5     1189     1061
5     1189     1061
             
5     1237     1197
5     1237     1197
5     1237     1197
5     1237     1197
5     1237     1197
5     1237     1197
5     1237     1197
5     1237     1197
5     1237     1197
5     1237     1197
             
0.002     1093     1093
0.002     1093     1093
0.002     1093     1093
0.002     1093     1093
0.002     1093     1093
0.002     1093     1093
0.002     1093     1093
0.002     1093     1093
0.002     1093     1093
0.002     1093     1093
             
5     1173     1143
5     1222     1143
5     1218     1143
5     1218     1143
5     1222     1143
5     1222     1143
5     1218     1143
5     1218     1143
5     1222     1143
5     1222     1143
             
