1       404     395.5
1       404     395.5
1       404     395.5
1       404     395.5
1       404     395.5
1       404     395.5
1       404     395.5
1       404     395.5
1       404     395.5
1       404     395.5

1       537     529.5
1       537     529.5
1       537     529.5
1       537     529.5
1       537     529.5
1       537     529.5
1       537     529.5
1       537     529.5
1       537     529.5
1       537     529.5

1       411       404
1       411       404
1       411       404
1       411       404
1       411       404
1       411       404
1.001       411       404
1       411       404
1       411       404
1       411       404

1       521       501
1       521       501
1       521       501
1       521       501
1       521       501
1       521       501
1       521       501
1       521       501
1       521       501
1       521       501

1       413     396.5
1       413     396.5
1       413     396.5
1       413     396.5
1       413     396.5
1       413     396.5
1       413     396.5
1       413     396.5
1       413     396.5
1       413     396.5

1       436       427
1       436       427
1       436       427
1       436       427
1       436       427
1       436       427
1       436       427
1       436       427
1       436       427
1       436       427

1       360     349.5
1       360     349.5
1       360     349.5
1       360     349.5
1       360     349.5
1       360     349.5
1       360     349.5
1       360     349.5
1       360     349.5
1       360     349.5

1       477     458.5
1       477     458.5
1       477     458.5
1       477     458.5
1       477     458.5
1       477     458.5
1       477     458.5
1       477     458.5
1       477     458.5
1       477     458.5

1       480       462
1       480       462
1       480       462
1       480       462
1       480       462
1       480       462
1       480       462
1       480       462
1       480       462
1       480       462

1       456     441.5
1       456     441.5
1       456     441.5
1       456     441.5
1       456     441.5
1       456     441.5
1       456     441.5
1       456     441.5
1       456     441.5
1       456     441.5

