1     47     48     279
2     86     34     919
3     3     20     234
4     14     49     203
5     28     35     585
6     82     10     199
7     13     12     594
8     60     20     178
9     5     46     442
10     55     26     719
11     24     44     92
12     61     37     293
13     24     49     492
14     99     4     178
15     97     17     277
16     59     22     144
17     72     26     880
18     66     7     208
19     58     32     734
20     51     42     149
21     56     12     439
22     54     49     312
23     59     17     871
24     25     14     106
25     35     35     808
26     25     45     118
27     72     11     372
28     18     25     618
29     46     26     106
30     40     8     173
31     57     36     504
32     12     29     141
33     15     33     775
34     80     2     107
35     63     13     397
36     1     16     973
37     75     35     223
38     30     26     83
39     4     10     142
40     21     32     973
41     46     30     71
42     52     44     301
43     84     5     71
44     49     9     586
45     44     31     84
46     64     39     951
47     82     34     96
48     92     13     82
49     59     44     870
50     49     6     70
51     34     4     731
52     73     46     240
53     72     47     102
54     74     33     173
55     61     32     837
56     58     41     216
57     82     9     712
58     79     15     167
59     85     1     745
60     37     40     44
61     37     20     600
62     13     33     41
63     87     43     391
64     2     32     964
65     6     27     235
66     32     37     503
67     68     42     20
68     52     39     616
69     84     21     126
70     95     45     199
71     17     29     571
72     77     31     115
73     97     9     476
74     22     44     359
75     27     43     438
76     4     49     963
77     23     41     70
78     64     4     221
79     86     4     602
80     81     13     28
81     71     40     580
82     68     41     233
83     85     4     317
84     90     19     765
85     95     40     29
86     8     24     43
87     66     23     92
88     81     47     429
89     26     23     275
90     62     16     267
91     2     12     314
92     88     35     143
93     81     36     822
94     40     14     225
95     57     40     447
96     48     25     562
97     94     23     63
98     44     49     725
99     83     34     226
100     57     27     338
101     99     49     212
102     76     49     515
103     7     16     38
104     16     25     125
105     33     40     206
106     68     15     446
107     87     7     287
108     40     4     759
109     58     13     226
110     93     24     725
111     42     41     16
112     34     37     185
113     78     39     686
114     66     5     110
115     47     19     534
116     53     36     128
117     71     5     489
118     49     24     125
119     65     27     505
120     77     8     158
121     51     43     4
122     47     38     309
123     69     15     673
124     61     42     229
125     63     6     117
126     53     27     97
127     85     10     329
128     73     22     508
129     89     25     117
130     82     6     479
131     34     24     103
132     17     41     869
133     87     6     21
134     92     21     50
135     69     7     166
136     42     5     127
137     78     4     461
138     42     17     805
139     18     26     209
140     31     26     108
141     74     22     181
142     14     15     640
143     99     43     166
144     83     48     501
145     2     5     114
146     93     29     709
147     87     12     134
148     54     35     752
149     50     17     4
150     31     4     484
151     76     21     337
152     35     22     66
153     64     48     453
154     78     28     669
155     17     8     194
156     18     14     8
157     67     35     918
158     32     35     153
159     68     6     26
160     7     29     47
161     30     17     894
162     84     25     13
163     45     32     326
164     94     10     354
165     23     45     706
166     50     9     47
167     90     30     142
168     65     29     40
169     94     11     787
170     13     41     17
171     34     11     808
172     36     32     185
173     82     39     437
174     29     48     493
175     44     30     132
176     47     27     181
177     14     42     762
178     49     44     5
179     54     25     169
180     93     30     27
181     59     4     137
182     32     33     543
183     56     9     6
184     28     40     530
185     10     2     49
186     33     29     64
187     78     12     663
188     1     26     169
189     52     44     307
190     42     21     874
191     23     14     172
192     14     29     947
193     62     31     90
194     81     18     641
195     48     13     82
196     49     2     817
197     13     27     134
198     52     10     703
199     19     35     85
200     13     8     209
201     19     29     842
202     24     31     74
203     42     6     132
204     93     1     897
205     48     23     40
206     83     15     318
207     44     35     411
208     97     10     215
209     33     24     121
210     29     22     824
211     17     2     1
212     31     20     196
213     19     24     717
214     59     22     87
215     5     38     367
216     97     15     437
217     74     37     751
218     88     1     7
219     7     49     692
220     18     43     56
221     92     13     584
222     17     4     54
223     80     18     413
224     7     48     525
225     51     38     75
226     35     19     494
227     98     40     25
228     41     11     806
229     99     46     41
230     66     6     668
231     46     38     137
232     38     19     706
233     98     27     211
234     97     37     662
235     75     9     98
236     54     27     388
237     38     38     969
238     10     19     91
239     53     43     813
240     53     45     120
241     96     22     829
242     25     22     46
243     60     49     205
244     20     18     889
245     49     31     137
246     17     17     228
247     8     16     535
248     87     22     68
249     28     29     360
250     37     45     92
251     38     8     529
252     48     20     35
253     82     2     734
254     77     25     207
255     12     47     496
256     89     1     98
257     51     31     162
258     34     45     430
259     3     35     735
260     11     16     132
261     52     42     610
262     93     34     42
263     27     45     287
264     28     30     545
265     43     8     40
266     72     42     68
267     58     48     531
268     41     12     208
269     25     7     828
270     78     16     82
271     20     29     955
272     78     5     131
273     61     27     761
274     97     4     150
275     84     45     536
276     9     23     106
277     90     30     584
278     68     22     222
279     63     16     71
280     47     47     282
281     56     33     459
282     27     23     876
283     68     38     141
284     32     30     64
285     24     11     357
286     5     19     397
287     98     29     626
288     51     16     182
289     83     11     568
290     63     1     75
291     36     2     137
292     81     20     892
293     90     45     234
294     41     43     42
295     18     34     556
296     33     44     5
297     25     29     497
298     90     35     244
299     95     18     935
300     13     37     121
