1     31     27     656
2     82     12     140
3     26     25     843
4     39     7     9
5     89     6     821
6     62     10     146
7     20     19     171
8     87     19     714
9     54     4     107
10     73     19     14
11     45     20     326
12     16     8     248
13     27     32     477
14     24     40     119
15     82     18     522
16     37     6     51
17     65     9     149
18     8     42     31
19     60     4     451
20     15     24     340
21     66     19     184
22     28     16     384
23     64     19     907
24     99     7     125
25     64     12     448
26     2     36     487
27     6     36     53
28     9     6     323
29     95     26     126
30     1     42     471
31     37     5     151
32     87     41     82
33     66     15     854
34     84     15     11
35     79     21     475
36     62     15     39
37     51     8     13
38     73     44     617
39     25     32     171
40     67     18     668
41     81     26     136
42     38     32     889
43     19     25     178
44     64     11     896
45     75     5     65
46     83     5     152
47     75     37     914
48     44     30     103
49     97     17     626
50     83     34     30
51     32     30     539
52     36     22     42
53     95     44     2
54     63     4     158
55     97     44     696
56     93     3     219
57     55     41     811
58     6     19     105
59     13     16     42
60     5     27     518
61     22     23     15
62     43     43     439
63     16     21     434
64     27     3     878
65     95     4     124
66     8     41     405
67     58     22     518
68     28     41     127
69     98     47     206
70     67     33     8
71     74     41     101
72     30     33     116
73     10     39     291
74     31     38     346
75     51     41     200
76     14     13     319
77     66     36     542
78     4     30     117
79     57     10     121
80     89     5     461
81     89     3     473
82     91     46     110
83     14     9     341
84     38     39     130
85     89     46     131
86     53     25     660
87     29     23     130
88     61     1     915
89     79     26     20
90     19     11     466
91     18     1     57
92     20     28     588
93     65     30     92
94     97     26     633
95     40     18     195
96     44     17     20
97     4     28     434
98     23     16     514
99     68     18     4
100     52     46     323
101     51     31     102
102     60     39     106
103     55     21     364
104     81     2     818
105     22     9     166
106     58     42     78
107     63     30     34
108     50     21     16
109     32     17     802
110     75     22     14
111     61     5     188
112     41     44     103
113     54     45     623
114     66     49     31
115     31     24     413
116     78     3     570
117     62     42     38
118     20     7     669
119     21     36     66
120     30     7     863
121     79     45     212
122     78     48     352
123     70     19     188
124     42     18     532
125     30     23     176
126     62     42     5
127     63     33     727
128     61     15     61
129     13     1     211
130     1     16     538
131     1     24     3
132     81     8     220
133     59     29     216
134     14     38     209
135     2     37     51
136     83     15     222
137     87     43     662
138     74     34     34
139     95     27     26
140     14     38     78
141     3     38     693
142     91     6     223
143     19     12     193
144     85     47     432
145     32     49     231
146     18     45     457
147     48     45     205
148     57     45     722
149     29     43     14
150     43     14     121
151     84     10     154
152     89     10     616
153     6     32     81
154     63     47     735
155     85     9     80
156     48     24     637
157     39     45     162
158     6     3     574
159     44     7     183
160     70     44     509
161     55     46     88
162     50     45     492
163     42     34     171
164     21     20     565
165     52     43     128
166     52     38     643
167     13     38     68
168     3     24     108
169     53     3     136
170     41     23     857
171     24     18     14
172     23     11     99
173     49     33     766
174     35     46     128
175     41     31     419
176     93     41     193
177     34     43     554
178     61     6     19
179     17     44     708
180     70     40     189
181     60     17     752
182     59     44     176
183     34     35     421
184     48     32     883
185     30     32     53
186     33     13     790
187     59     3     168
188     7     10     51
189     88     34     297
190     85     21     169
191     80     44     591
192     47     46     36
193     60     25     316
194     82     9     223
195     75     34     806
196     40     26     230
197     59     5     312
198     81     19     360
199     62     17     415
200     82     1     458
201     42     2     630
202     16     47     193
203     38     3     134
204     21     27     95
205     81     16     218
206     65     25     61
207     48     19     780
208     18     32     194
209     72     15     546
210     33     22     203
211     18     23     905
212     21     42     39
213     68     29     843
214     75     26     209
215     39     9     787
216     75     11     222
217     52     47     883
218     90     46     173
219     18     7     106
220     84     39     516
221     56     12     88
222     86     2     391
223     33     9     716
224     37     14     179
225     49     33     714
226     74     33     34
227     83     30     558
228     65     44     68
229     62     37     575
230     7     5     190
231     37     41     312
232     79     3     372
233     13     13     199
234     10     29     58
235     22     33     908
236     25     15     161
237     6     42     498
238     29     8     116
239     23     13     42
240     97     10     838
241     26     14     13
242     43     33     216
243     31     25     540
244     69     10     8
245     74     38     735
246     2     22     21
247     53     39     175
248     83     19     33
249     54     34     2
250     47     32     715
251     47     20     88
252     97     21     771
253     79     45     78
254     85     18     767
255     62     23     215
256     8     8     895
257     3     33     72
258     94     24     822
259     6     31     72
260     39     12     205
261     69     5     688
262     28     41     80
263     39     43     289
264     18     16     744
265     25     31     158
266     33     17     228
267     74     28     175
268     92     37     576
269     31     39     190
270     40     41     554
271     82     44     155
272     59     43     922
273     81     20     57
274     40     10     238
275     34     29     56
276     64     4     860
277     76     38     110
278     97     9     26
279     38     18     816
280     38     42     109
281     14     1     249
282     10     20     101
283     8     13     551
284     5     2     124
285     30     43     334
286     37     9     319
287     31     27     531
288     49     6     42
289     75     11     675
290     52     37     203
291     56     25     736
292     33     28     194
293     57     13     512
294     43     9     106
295     55     49     627
296     67     7     163
297     57     8     57
298     9     8     332
299     49     18     123
300     98     41     813
