10.063     1170     1153
4.514     1153     1153
4.514     1153     1153
10.063     1170     1153
4.514     1170     1153
4.514     1170     1153
10.063     1170     1153
4.514     1153     1153
4.514     1153     1153
4.514     1170     1153
             
10.865     1270     1141.5
10.546     1309     1141.5
10.546     1309     1141.5
10.865     1270     1141.5
10.865     1309     1141.5
10.865     1309     1141.5
10.865     1270     1141.5
10.546     1309     1141.5
10.546     1309     1141.5
10.865     1309     1141.5
             
3.525     1272     1272
10.362     1283     1272
10.362     1283     1272
3.525     1272     1272
3.525     1283     1272
3.525     1283     1272
3.525     1272     1272
10.362     1283     1272
10.362     1283     1272
3.525     1283     1272
             
1.187     1380     1380
2.077     1380     1380
2.077     1380     1380
1.187     1380     1380
2.077     1380     1380
2.077     1380     1380
1.187     1380     1380
2.077     1380     1380
2.077     1380     1380
2.077     1380     1380
             
1.67     1223     1223
1.177     1223     1223
1.177     1223     1223
1.67     1223     1223
1.67     1223     1223
1.67     1223     1223
1.67     1223     1223
1.177     1223     1223
1.177     1223     1223
1.67     1223     1223
             
2.244     1276     1276
1.746     1276     1276
1.746     1276     1276
2.244     1276     1276
2.244     1276     1276
2.244     1276     1276
2.244     1276     1276
1.746     1276     1276
1.746     1276     1276
2.244     1276     1276
             
1.407     1283     1283
1.563     1283     1283
1.563     1283     1283
1.407     1283     1283
1.563     1283     1283
1.563     1283     1283
1.407     1283     1283
1.563     1283     1283
1.563     1283     1283
1.563     1283     1283
             
10.450     1244     1172
10.145     1231     1172
10.145     1257     1172
10.450     1244     1172
10.450     1244     1172
10.450     1244     1172
10.450     1244     1172
10.145     1257     1172
10.145     1231     1172
10.450     1244     1172
             
0.545     1373     1373
0.727     1373     1373
0.727     1373     1373
0.545     1373     1373
0.727     1373     1373
0.727     1373     1373
0.545     1373     1373
0.727     1373     1373
0.727     1373     1373
0.727     1373     1373
             
2.357     1283     1283
1.678     1283     1283
1.678     1283     1283
2.357     1283     1283
2.357     1283     1283
2.357     1283     1283
2.357     1283     1283
1.678     1283     1283
1.678     1283     1283
2.357     1283     1283
             
