1     11     34     1769
2     77     22     163
3     31     68     2086
4     110     59     481
5     88     27     1922
6     192     58     323
7     171     25     30
8     139     9     1814
9     107     4     414
10     119     86     1078
11     109     71     22
12     148     82     1540
13     81     72     386
14     32     19     1710
15     137     47     231
16     135     91     812
17     71     19     223
18     149     43     933
19     75     23     148
20     78     75     386
21     95     34     1980
22     83     22     252
23     165     15     1329
24     194     16     37
25     73     19     929
26     170     38     917
27     125     16     33
28     75     1     1286
29     107     89     467
30     139     17     1649
31     41     67     70
32     36     26     1443
33     142     59     45
34     9     60     1299
35     129     71     330
36     152     52     1144
37     41     77     505
38     173     87     1871
39     55     4     282
40     23     96     85
41     133     57     1782
42     58     15     268
43     197     65     1618
44     138     14     11
45     144     1     1601
46     88     56     124
47     135     34     141
48     135     11     640
49     183     86     2028
50     20     92     270
