1     40     97     923
2     55     60     263
3     126     5     986
4     106     97     42
5     43     9     356
6     38     13     838
7     66     64     367
8     23     41     1606
9     29     71     293
10     54     72     1422
11     31     9     317
12     127     44     546
13     72     39     988
14     191     70     9
15     49     20     868
16     55     38     126
17     17     74     417
18     170     40     1473
19     46     30     362
20     90     7     135
21     174     38     1440
22     81     66     133
23     9     22     793
24     4     9     1226
25     156     75     246
26     57     78     1003
27     62     19     139
28     89     15     728
29     59     48     461
30     152     58     1152
31     36     21     162
32     86     18     360
33     160     94     702
34     198     72     679
35     36     49     1385
36     116     81     68
37     67     80     246
38     7     58     455
39     21     47     1413
40     104     10     156
41     3     42     533
42     146     50     893
43     60     31     140
44     113     72     1088
45     38     80     195
46     157     53     729
47     73     46     851
48     55     11     288
49     164     73     898
50     188     5     372
