1     53     96     584
2     3     74     949
3     93     40     1475
4     82     34     482
5     156     61     1264
6     160     33     79
7     181     46     1650
8     142     73     467
9     35     8     1700
10     108     5     523
11     48     84     144
12     158     24     1225
13     31     55     422
14     36     42     1430
15     176     25     503
16     195     91     323
17     190     73     457
18     95     82     1411
19     168     48     15
20     75     60     625
21     54     44     392
22     58     95     185
23     179     55     1698
24     153     88     356
25     158     76     331
26     129     64     1115
27     136     30     153
28     11     10     2007
29     83     98     28
30     35     41     454
31     151     40     1995
32     76     41     437
33     147     13     2086
34     193     31     380
35     181     2     1069
36     167     32     420
37     74     68     1063
38     7     59     395
39     53     15     1419
40     47     27     147
41     126     9     1852
42     126     32     299
43     195     75     1884
44     133     7     449
45     41     92     1840
46     7     31     1
47     92     13     206
48     147     47     1167
49     124     77     250
50     44     74     325
