1     33     11     3199
2     37     13     6987
3     4     1     1533
4     41     48     3066
5     3     37     2407
6     33     23     872
7     32     36     3577
8     48     49     3442
9     36     20     1151
10     25     12     4450
11     11     32     1398
12     19     38     3753
13     12     38     3861
14     30     21     5298
15     26     1     93
16     44     11     7324
17     48     46     377
18     38     33     1116
19     17     18     1480
20     17     6     7385
21     23     42     575
22     34     14     2932
23     49     19     7350
24     8     7     818
25     11     17     5824
26     46     1     1474
27     15     31     5307
28     46     37     933
29     28     20     1569
30     6     42     2268
31     4     5     1370
32     3     6     6717
33     15     42     1642
34     41     31     3275
35     33     12     4264
36     48     31     36
37     40     27     1030
38     10     41     1929
39     47     36     3286
40     18     7     7046
41     4     33     809
42     19     5     4434
43     22     18     252
44     19     22     1086
45     16     7     13
46     26     8     7246
47     46     41     180
48     49     30     2146
49     43     42     53
50     29     1     392
51     2     34     5171
52     11     11     1685
53     17     9     7678
54     42     17     324
55     13     40     1033
56     32     21     6172
57     3     41     865
58     8     37     3245
59     4     38     6767
60     12     46     103
61     25     22     5599
62     8     22     1800
63     24     48     6303
64     27     32     527
65     36     28     2443
66     6     48     6067
67     42     25     443
68     22     1     7257
69     42     30     591
70     38     24     5756
71     47     31     1466
72     49     37     5235
73     39     8     301
74     48     46     7341
75     35     23     370
76     10     6     4512
77     2     33     1807
78     41     28     7036
79     23     36     505
80     35     14     1767
81     27     40     466
82     36     13     4961
83     34     48     1402
84     8     33     1193
85     5     45     5087
86     27     47     1182
87     1     15     668
88     26     20     6032
89     38     18     234
90     5     34     1444
91     13     11     5683
92     18     28     661
93     5     2     6821
94     27     37     1304
95     15     21     2895
96     10     15     3292
97     15     14     3067
98     4     33     5941
99     17     5     930
100     38     11     6738
101     30     34     1851
102     13     47     3324
103     22     39     7695
104     30     2     442
105     42     15     4149
106     8     19     1782
107     3     4     1336
108     19     28     1621
109     43     2     669
110     17     12     2949
111     49     12     3688
112     46     42     6982
113     18     12     104
114     35     33     7139
115     46     45     1071
116     32     18     3120
117     15     49     6015
118     48     32     222
119     46     15     1783
120     20     2     3427
121     27     25     498
122     24     7     6560
123     43     10     947
124     26     19     5138
125     25     26     701
126     25     34     1293
127     15     10     6488
128     16     19     1323
129     36     27     2656
130     5     22     5452
131     46     1     28
132     2     33     4915
133     40     30     1400
134     28     23     7759
135     17     47     976
136     14     22     3425
137     3     25     2832
138     27     19     1592
139     6     11     7192
140     21     8     1136
141     5     32     1810
142     41     17     1476
143     39     31     5202
144     36     47     1598
145     1     38     6773
146     20     34     341
147     30     12     5130
148     34     12     557
149     39     24     3999
150     21     49     1223
151     25     41     4898
152     17     26     1597
153     35     9     2888
154     41     28     7057
155     2     21     958
156     17     26     7772
157     16     33     714
158     42     12     6694
159     45     19     217
160     22     19     411
161     7     18     6126
162     27     8     1083
163     27     20     7132
164     16     29     620
165     11     33     473
166     37     11     7543
167     40     1     320
168     48     36     2629
169     40     5     256
170     29     10     1171
171     24     26     2592
172     45     44     4534
173     47     11     500
174     11     39     1875
175     39     6     1093
176     42     16     4531
177     4     16     1584
178     20     14     139
179     5     26     4235
180     34     37     486
181     39     39     888
182     15     48     822
183     26     21     5220
184     10     30     1822
185     1     26     3086
186     45     8     3599
187     28     36     3311
188     41     49     5798
189     39     42     1274
190     21     13     3964
191     23     33     374
192     44     45     827
193     43     23     2101
194     10     28     4924
195     37     46     1079
196     25     18     7028
197     7     18     337
198     31     6     7658
199     46     12     253
200     31     17     2283
201     10     37     2456
202     42     39     7635
203     37     20     1517
204     49     16     5495
205     42     35     25
206     13     19     1774
207     29     47     7149
208     24     8     1853
209     45     13     1699
210     46     27     1586
211     43     13     6338
212     24     45     49
213     24     3     4563
214     45     48     22
215     13     46     5891
216     46     40     391
217     17     31     4974
218     4     4     1440
219     48     2     5436
220     34     42     264
221     44     36     6366
222     22     8     306
223     47     13     2829
224     27     6     6119
225     47     36     210
226     17     5     315
227     42     20     7408
228     38     24     1607
229     14     16     1840
230     13     17     772
231     13     21     326
232     46     21     2143
233     45     49     1207
234     48     15     1038
235     1     13     3424
236     11     40     7425
237     38     13     245
238     23     22     5394
239     22     2     1452
240     15     42     6615
241     30     46     315
242     18     20     3681
243     35     29     7316
244     11     41     1424
245     9     40     191
246     20     47     1935
247     47     23     7049
248     11     11     1837
249     5     28     6271
250     20     49     1649
251     3     42     5585
252     32     12     1879
253     23     12     1011
254     20     20     6978
255     33     11     1530
256     28     31     1717
257     30     49     6830
258     17     14     1118
259     46     46     298
260     49     35     561
261     13     48     2863
262     13     42     5092
263     35     13     493
264     31     44     6190
265     33     5     66
266     28     44     4795
267     32     38     852
268     38     8     4844
269     5     33     423
270     14     13     1107
271     43     22     6693
272     17     23     998
273     21     21     1967
274     24     16     2683
275     34     7     61
276     49     3     1682
277     18     42     5459
278     37     31     383
279     21     48     6059
280     43     19     1301
281     15     37     3093
282     34     43     7329
283     10     7     37
284     10     42     2817
285     11     45     4004
286     6     44     1092
287     23     22     1693
288     35     20     2061
289     43     33     6345
290     29     19     1571
291     8     2     7106
292     11     41     638
293     12     23     7569
294     4     40     70
295     24     14     1992
296     32     37     3904
297     29     26     1600
298     10     47     4081
299     49     24     239
300     3     44     3513
