30.049     7570     7329
30.002     7583     7329
30.002     7583     7329
30.049     7570     7329
30.049     7583     7329
30.049     7583     7329
30.049     7570     7329
30.002     7583     7329
30.002     7583     7329
30.049     7583     7329
             
30.034     7927     7789
30.031     7903     7789
30.031     7903     7789
30.034     7927     7789
30.034     7927     7789
30.034     7927     7789
30.034     7927     7789
30.031     7903     7789
30.031     7903     7789
30.034     7927     7789
             
30.003     7601     7343
30.018     7574     7343
30.018     7574     7343
30.003     7601     7343
30.018     7601     7343
30.018     7601     7343
30.003     7601     7343
30.018     7574     7343
30.018     7574     7343
30.018     7601     7343
             
30.034     7946     7582
30.033     7970     7582
30.033     7970     7582
30.034     7946     7582
30.034     7970     7582
30.034     7970     7582
30.034     7946     7582
30.033     7970     7582
30.033     7970     7582
30.034     7970     7582
             
30.020     7886     7566.5
30.033     7909     7566.5
30.033     7909     7566.5
30.020     7886     7566.5
30.033     7909     7566.5
30.033     7909     7566.5
30.020     7886     7566.5
30.033     7909     7566.5
30.033     7909     7566.5
30.033     7909     7566.5
             
30.032     7833     7747
30.001     7824     7747
30.001     7824     7747
30.032     7833     7747
30.032     7833     7747
30.032     7833     7747
30.032     7833     7747
30.001     7824     7747
30.001     7824     7747
30.032     7833     7747
             
0.063     7652     7652
0.078     7652     7652
0.078     7652     7652
0.063     7652     7652
0.078     7652     7652
0.078     7652     7652
0.063     7652     7652
0.078     7652     7652
0.078     7652     7652
0.078     7652     7652
             
30.001     7903     7629
30.004     7913     7629
30.004     7913     7629
30.001     7903     7629
30.004     7913     7629
30.004     7913     7629
30.001     7903     7629
30.004     7913     7629
30.004     7913     7629
30.004     7913     7629
             
30.033     7544     7394
30.017     7594     7394
30.017     7594     7394
30.033     7544     7394
30.033     7594     7394
30.033     7594     7394
30.033     7544     7394
30.017     7594     7394
30.017     7594     7394
30.033     7594     7394
             
30.003     7751     7553
30.019     7714     7553
30.019     7714     7553
30.003     7751     7553
30.019     7751     7553
30.019     7751     7553
30.003     7751     7553
30.019     7714     7553
30.019     7714     7553
30.019     7751     7553
             
