50.000     25421     24982
50.006     25421     24982
50.006     25421     24982
50.000     25421     24982
50.006     25421     24982
50.006     25421     24982
50.000     25421     24982
50.006     25421     24982
50.006     25421     24982
50.006     25421     24982
             
50.007     25921     25214.5
50.001     25922     25214.5
50.001     25922     25214.5
50.007     25921     25214.5
50.007     25922     25214.5
50.007     25922     25214.5
50.007     25921     25214.5
50.001     25922     25214.5
50.001     25922     25214.5
50.007     25922     25214.5
             
50.002     25283     24996
50.008     25256     24996
50.008     25256     24996
50.002     25283     24996
50.008     25283     24996
50.008     25283     24996
50.002     25283     24996
50.008     25256     24996
50.008     25256     24996
50.008     25283     24996
             
50.004     24959     24489
50.006     24865     24489
50.006     24865     24489
50.004     24959     24489
50.006     24959     24489
50.006     24959     24489
50.004     24959     24489
50.006     24865     24489
50.006     24865     24489
50.006     24959     24489
             
50.003     25429     24797
50.000     25428     24797
50.000     25428     24797
50.003     25429     24797
50.003     25429     24797
50.003     25429     24797
50.003     25429     24797
50.000     25428     24797
50.000     25428     24797
50.003     25429     24797
             
50.006     25975     25115
50.002     26007     25115
50.002     26007     25115
50.006     25975     25115
50.006     26007     25115
50.006     26007     25115
50.006     25975     25115
50.002     26007     25115
50.002     26007     25115
50.006     25800     25115
             
50.003     25860     25190
50.000     25860     25190
50.000     25860     25190
50.003     25790     25190
50.003     25860     25190
50.003     25860     25190
50.003     25860     25190
50.000     25860     25190
50.000     25860     25190
50.003     25860     25190
             
50.000     25170     24518.5
50.011     25170     24518.5
50.011     25170     24518.5
50.000     25170     24518.5
50.011     25170     24518.5
50.011     25170     24518.5
50.000     25170     24518.5
50.011     25170     24518.5
50.011     25137     24518.5
50.011     25170     24518.5
             
50.006     26057     25017.5
50.009     26057     25017.5
50.009     26057     25017.5
50.006     26057     25017.5
50.009     25998     25017.5
50.009     26057     25017.5
50.006     26057     25017.5
50.009     26057     25017.5
50.009     26057     25017.5
50.009     26057     25017.5
             
50.013     26206     25512
50.008     26204     25512
50.008     26204     25512
50.013     26206     25512
50.013     26206     25512
50.013     26206     25512
50.013     26206     25512
50.008     26204     25512
50.008     26134     25512
50.013     26206     25512
             
