1     5     135     402
2     62     167     304
3     7     115     825
4     45     77     118
5     2     190     248
6     60     104     470
7     36     196     29
8     50     173     572
9     50     89     115
10     6     84     907
11     74     133     96
12     94     105     26
13     83     32     375
14     13     74     872
15     72     25     30
16     18     73     586
17     90     183     87
18     69     69     169
19     39     22     262
20     14     54     745
21     99     134     18
22     6     184     593
23     77     160     213
24     41     85     53
25     36     4     210
26     95     4     518
27     63     149     212
28     21     131     522
29     12     89     31
30     69     171     169
31     2     35     370
32     53     145     18
33     69     66     831
34     70     184     192
35     3     134     96
36     32     112     581
37     42     76     212
38     72     185     710
39     40     142     152
40     42     173     250
41     46     195     390
42     87     31     53
43     64     55     516
44     63     176     217
45     97     103     749
46     20     2     51
47     96     53     553
48     85     31     194
49     78     39     402
50     78     164     197
51     58     2     264
52     80     147     387
53     10     34     174
54     69     109     563
55     52     137     39
56     56     1     640
57     85     20     20
58     65     61     131
59     24     174     502
60     97     33     117
61     9     189     827
62     50     105     66
63     34     148     473
64     80     31     160
65     92     10     9
66     4     172     557
67     38     76     229
68     57     67     142
69     2     13     559
70     34     47     69
71     39     195     780
72     40     106     216
73     15     173     607
74     31     181     104
75     23     83     159
76     74     163     408
77     63     144     612
78     62     29     182
79     74     171     573
80     65     13     171
81     94     91     898
82     13     131     52
83     99     9     696
84     6     38     183
85     57     56     272
86     11     182     848
87     35     118     146
88     39     123     754
89     65     11     6
90     50     121     378
91     4     124     727
92     74     38     138
93     16     116     515
94     20     134     178
95     33     125     486
96     31     69     132
97     1     156     784
98     98     85     210
99     77     76     96
100     48     80     764
101     19     91     84
102     28     93     819
103     25     36     199
104     2     60     324
105     86     152     831
106     9     2     205
107     58     121     796
108     22     58     13
109     13     126     505
110     15     96     174
111     71     135     560
112     60     59     136
113     10     152     456
114     14     120     868
115     64     34     75
116     6     116     830
117     33     80     189
118     57     109     716
119     50     6     44
120     55     140     573
121     63     105     27
122     10     110     396
123     89     31     397
124     52     191     796
125     42     151     90
126     67     132     284
127     4     86     494
128     72     65     226
129     99     17     37
130     79     57     337
131     55     66     492
132     51     11     214
133     21     128     341
134     54     195     762
135     34     113     199
136     65     165     748
137     20     89     111
138     74     118     95
139     12     156     321
140     21     64     96
141     13     32     899
142     35     98     36
143     71     85     11
144     66     171     803
145     84     58     222
146     92     110     810
147     54     93     18
148     40     118     354
149     12     62     137
150     46     118     444
151     75     86     264
152     68     156     905
153     75     193     29
154     19     133     914
155     99     111     175
156     11     172     755
157     15     154     58
158     51     4     298
159     13     122     762
160     87     60     103
161     83     177     134
162     20     121     62
163     46     74     78
164     53     120     792
165     3     162     122
166     88     191     24
167     95     4     19
168     38     150     439
169     61     150     564
170     26     147     22
171     94     166     324
172     35     8     756
173     83     40     67
174     62     76     282
175     89     49     140
176     99     67     422
177     24     191     730
178     75     174     3
179     45     43     562
180     79     64     112
181     35     57     790
182     6     42     194
183     39     69     642
184     79     72     170
185     66     158     876
186     96     119     171
187     2     64     669
188     96     127     61
189     91     175     297
190     62     97     111
191     41     132     645
192     66     99     23
193     27     49     207
194     63     10     270
195     89     180     290
196     97     50     651
197     21     1     155
198     63     115     563
199     2     66     123
200     58     155     204
201     2     161     419
202     99     91     150
203     77     123     364
204     38     24     71
205     22     90     548
206     32     43     203
207     2     9     430
208     55     146     490
209     40     109     148
210     8     129     762
211     17     143     198
212     40     78     848
213     88     144     190
214     20     191     454
215     62     112     666
216     71     89     165
217     76     188     99
218     54     100     103
219     46     174     405
220     86     28     65
221     34     107     223
222     68     107     821
223     17     114     186
224     84     50     651
225     88     114     185
226     53     47     916
227     25     100     190
228     81     161     169
229     66     11     158
230     92     14     318
231     21     6     890
232     28     117     209
233     79     152     125
234     55     39     170
235     77     182     759
236     25     2     193
237     85     20     901
238     38     12     208
239     37     169     481
240     28     132     203
241     76     183     193
242     98     163     179
243     70     104     543
244     86     85     26
245     61     75     629
246     81     83     220
247     33     144     251
248     12     23     488
249     16     18     76
250     69     22     479
251     67     65     223
252     15     14     193
253     50     112     189
254     7     22     798
255     82     82     129
256     13     111     724
257     1     73     208
258     29     178     378
259     25     129     655
260     93     83     100
261     27     102     764
262     28     184     208
263     26     79     115
264     10     25     728
265     11     145     195
266     12     146     163
267     91     33     875
268     94     35     18
269     20     167     601
270     57     188     177
271     48     87     60
272     55     93     776
273     4     159     113
274     5     39     187
275     83     160     320
276     42     43     658
277     78     185     119
278     25     39     616
279     14     5     222
280     42     177     17
281     23     146     93
282     90     180     285
283     39     30     634
284     40     105     110
285     93     61     75
286     38     34     382
287     81     183     727
288     24     133     165
289     88     11     192
290     38     40     850
291     17     162     69
292     19     64     892
293     85     101     47
294     79     134     633
295     34     127     85
296     16     109     250
297     15     175     285
298     99     159     599
299     63     62     57
300     60     189     614
