1       12        1      118
2        3        9       54
3        8        2       12
4       10        4       99
5        6        7       42
6        7        8       21
7       11        6       88
8       14        1       57
9       14        5       88
10       12        2       51
11       13        4      104
12        3        4       40
13       13        1      205
14       11        4      175
15       13        8       68
16       15        5      103
17       11        3       94
18       12        1       96
19        9        2      144
20       10        4      130
21       12        1       55
22       15        7       87
23       12        9      138
24        8        3       92
25        5        6       33
26        9        6      201
27        4        3       68
28        7        7      111
29       15        2      162
30       12        4       79
31        5        4       69
32        3        6      147
33        5        4      103
34        4        4      182
35       10        8      166
36        5        4       86
37        9        5       58
38        5        3      195
39        3        7      195
40        9        9      142
41        3        9        1
42       10        2       66
43        8        6       72
44        3        2      159
45       12        3      151
46        3        1       40
47        6        6       77
48        9        8       87
49        7        4      158
50        7        7       19
51       12        2        5
52        4        2      151
53       12        2      161
54        5        5       25
55       13        3      130
56        3        8      172
57        3        4      130
58       15        3      136
59       10        8      160
60       11        7       50
61        7        3       18
62        8        9      173
63       11        7       65
64        7        6       99
65        5        2      184
66        6        8      182
67       13        7       83
68        7        2      159
69       11        7       99
70        9        2       85
71        9        4       36
72       11        8       91
73        7        9      100
74       15        1       46
75       15        2      174
76        5        3      139
77        7        8      176
78        4        6      192
79       11        3      197
80       14        8      172
81        7        5      110
82        5        9       49
83        8        8       14
84        9        3      146
85        7        2      179
86        5        9       23
87       15        3      137
88        8        2      131
89        3        5       65
90        7        4       57
91        9        7      154
92        7        9       65
93        5        6       10
94        6        1      181
95        7        2      204
96       10        3        0
97        7        2       97
98        6        2      189
99        5        9      130
100        5        5      210
