1        4        6       83
2        6        1      113
3        8        6       32
4       15        9       29
5        8        6      195
6        8        8      217
7       10        3      100
8        6        8      194
9        5        3       53
10        3        6       94
11        5        7      155
12       11        1       98
13        5        9       33
14       12        7      194
15       14        3       83
16       11        2      206
17        5        7      177
18        4        4      112
19        6        5        7
20        7        4       88
21       10        1      123
22        5        7      120
23        7        7      192
24       11        1      193
25       11        8        4
26        3        4       13
27        7        3      165
28       11        9        9
29       13        7      108
30        4        9      172
31        6        9       23
32        8        9      115
33        8        7       79
34        6        8      146
35       11        3      201
36       15        1        9
37       15        5       98
38        3        4       16
39       12        4       41
40        6        9       82
41       10        5      189
42        7        9        7
43       15        9      120
44       14        2      155
45       14        1       29
46       10        2      170
47       11        6      166
48        7        3        0
49       11        9       94
50       14        2       55
51       15        4      206
52       15        3       28
53       15        4      221
54       15        2       93
55        3        9       90
56        8        3      108
57        9        6      196
58       10        4      110
59        8        3        1
60       10        5       39
61       14        2      136
62       10        8      100
63        4        8      187
64       13        9      205
65        7        5       57
66        5        1      125
67       14        5      129
68        4        1       68
69       13        7       75
70       11        9       93
71        8        7      218
72        3        3       34
73       14        4      213
74       14        3       75
75        8        5       91
76       15        7      126
77        7        1      171
78        6        4      168
79        4        6       42
80       13        9       40
81        5        3      178
82       10        2      214
83        4        3       75
84        3        8        9
85        7        9       27
86       15        1      165
87        6        7      108
88       10        3      178
89        8        7       56
90        6        3       11
91        6        3      191
92        3        9       20
93       15        2      128
94        3        7      168
95        8        8      114
96        8        4       22
97        3        9       35
98        3        5      118
99        6        3      208
100       14        1       19
101       12        2       80
102       12        9       30
103        9        3       95
104       12        5      133
105       14        3      114
106        7        9       37
107        5        7      156
108        3        7      216
109       10        6      135
110        9        7      119
111        5        6      206
112       12        8      102
113        3        7      146
114       15        2       25
115       10        3      216
116        4        5      113
117       10        8      157
118        3        1       63
119       13        5       71
120       10        4       68
121        6        3      166
122       11        3      204
123       12        6       94
124        3        9      111
125        8        1       65
126       11        7      140
127       14        5       39
128        5        3       77
129       10        3      194
130        4        9       85
131       12        1      181
132        4        6      124
133       11        9      106
134       12        7      142
135       13        7      120
136        6        9      202
137       14        5      140
138       13        3       61
139        3        3      149
140        6        3      100
141       14        4       76
142        6        6      154
143        5        9      195
144       14        4       50
145        6        6       24
146       11        5      194
147       12        2       89
148       12        3       27
149       13        5      156
150        4        9      113
151       14        1      170
152        9        6      110
153        3        7       84
154        5        6       89
155        6        3       66
156       13        3       79
157        9        4       98
158        4        1      163
159        9        6      128
160        8        8      170
161       13        9      178
162        5        3      189
163        9        8       71
164       10        6      206
165        6        2      177
166        6        4       15
167        9        9      140
168        3        1       18
169       10        5      131
170       11        9      203
171       11        1       51
172        7        4      210
173       15        2       10
174       10        4       79
175       12        1      177
176       14        2      199
177       13        3        5
178        4        1      164
179       14        5      190
180       11        3      193
181       13        1       45
182        4        1       48
183        3        6      125
184       15        4      197
185        4        5       67
186       15        3      160
187       14        5      159
188        7        5       45
189       12        5      104
190        8        1       52
191        4        8      200
192        4        5      148
193        6        5      108
194        3        3      218
195       15        2       94
196        7        7       87
197       15        9      138
198       12        7       13
199        9        6      189
200        3        9       32
