10.016     1303     1233
10.016     1319     1233
10.016     1319     1233
10.016     1303     1233
10.016     1319     1233
10.016     1319     1233
10.016     1303     1233
10.016     1319     1233
10.016     1319     1233
10.016     1319     1233
             
10.016     1216     1152.63
10.016     1218     1152.63
10.016     1218     1152.63
10.016     1216     1152.63
10.016     1218     1152.63
10.016     1218     1152.63
10.016     1216     1152.63
10.016     1218     1152.63
10.016     1218     1152.63
10.016     1218     1152.63
             
10.016     1250     1174.88
10.016     1246     1174.88
10.016     1246     1174.88
10.016     1250     1174.88
10.016     1250     1174.88
10.016     1250     1174.88
10.016     1250     1174.88
10.016     1246     1174.88
10.016     1246     1174.88
10.016     1250     1174.88
             
10.016     1081     1041.25
10.016     1087     1041.25
10.016     1087     1041.25
10.016     1081     1041.25
10.016     1087     1041.25
10.016     1087     1041.25
10.016     1081     1041.25
10.016     1087     1041.25
10.016     1087     1041.25
10.016     1087     1041.25
             
10.016     1261     1204.75
10.016     1251     1204.75
10.016     1251     1204.75
10.016     1261     1204.75
10.016     1261     1204.75
10.016     1261     1204.75
10.016     1261     1204.75
10.016     1251     1204.75
10.016     1251     1204.75
10.016     1261     1204.75
             
10.016     1232     1171.25
10.016     1232     1171.25
10.016     1232     1171.25
10.016     1232     1171.25
10.016     1232     1171.25
10.016     1232     1171.25
10.016     1232     1171.25
10.016     1232     1171.25
10.016     1232     1171.25
10.016     1232     1171.25
             
10.016     1211     1150.5
10.016     1220     1150.5
10.016     1220     1150.5
10.016     1211     1150.5
10.016     1220     1150.5
10.016     1220     1150.5
10.016     1211     1150.5
10.016     1220     1150.5
10.016     1220     1150.5
10.016     1220     1150.5
             
10.001     1187     1140.38
10.016     1179     1140.38
10.016     1179     1140.38
10.001     1187     1140.38
10.016     1187     1140.38
10.016     1187     1140.38
10.001     1187     1140.38
10.016     1179     1140.38
10.016     1179     1140.38
10.016     1187     1140.38
             
10.016     1138     1079.13
10.016     1141     1079.13
10.016     1141     1079.13
10.016     1138     1079.13
10.016     1141     1079.13
10.016     1141     1079.13
10.016     1138     1079.13
10.016     1141     1079.13
10.016     1141     1079.13
10.016     1141     1079.13
             
10.016     1168     1114.25
10.016     1163     1114.25
10.016     1163     1114.25
10.016     1168     1114.25
10.016     1168     1114.25
10.016     1168     1114.25
10.016     1168     1114.25
10.016     1163     1114.25
10.016     1163     1114.25
10.016     1168     1114.25
             
