10.031     5367     5316
10.016     5367     5316
10.016     5367     5316
10.031     5367     5316
10.031     5317     5316
10.031     5317     5316
10.031     5367     5316
10.016     5367     5316
10.016     5367     5316
10.016     5367     5316
             
0.015     5752     5752
0.016     5752     5752
0.016     5752     5752
0.015     5752     5752
0.016     5752     5752
0.016     5752     5752
0.015     5752     5752
0.016     5752     5752
0.016     5752     5752
0.015     5752     5752
             
10.001     4728     4613
10.016     4679     4613
10.016     4728     4613
10.001     4679     4613
10.016     4728     4613
10.016     4728     4613
10.001     4679     4613
10.016     4728     4613
10.016     4679     4613
10.001     4679     4613
             
10.001     5028     4944
10.016     5030     4944
10.016     5022     4944
10.001     5028     4944
10.016     5022     4944
10.016     5022     4944
10.001     5028     4944
10.016     5022     4944
10.016     5030     4944
10.001     5028     4944
             
10.016     5729     5465.5
10.016     5718     5465.5
10.016     5718     5465.5
10.016     5729     5465.5
10.016     5729     5465.5
10.016     5729     5465.5
10.016     5729     5465.5
10.016     5718     5465.5
10.016     5718     5465.5
10.016     5718     5465.5
             
10.005     4839     4688
10.031     4841     4688
10.031     4841     4688
10.005     4888     4688
10.031     4839     4688
10.031     4839     4688
10.005     4888     4688
10.031     4841     4688
10.031     4841     4688
10.005     4839     4688
             
10.001     5396     5352
10.016     5401     5352
10.016     5401     5352
10.001     5396     5352
10.016     5396     5352
10.016     5396     5352
10.001     5396     5352
10.016     5401     5352
10.016     5401     5352
10.001     5396     5352
             
10.016     4954     4695
10.031     4954     4695
10.031     4954     4695
10.016     4954     4695
10.031     4954     4695
10.031     4954     4695
10.016     4954     4695
10.031     4954     4695
10.031     4954     4695
10.016     4954     4695
             
10.001     5108     4961
10.031     5126     4961
10.031     5100     4961
10.001     5126     4961
10.031     5100     4961
10.031     5100     4961
10.001     5126     4961
10.031     5100     4961
10.031     5126     4961
10.001     5108     4961
             
10.016     5077     5051
10.001     5077     5051
10.001     5077     5051
10.016     5077     5051
10.016     5097     5051
10.016     5097     5051
10.016     5077     5051
10.001     5077     5051
10.001     5077     5051
10.001     5077     5051
             
