1     28     44     2903
2     29     34     2243
3     39     30     1363
4     143     11     5916
5     133     18     704
6     167     2     6673
7     156     42     684
8     67     27     9715
9     97     2     910
10     116     45     5655
11     190     49     1503
12     23     9     3079
13     128     17     3987
14     94     49     8043
15     61     16     1756
16     128     21     3926
17     137     14     4317
18     190     24     1313
19     110     19     2253
20     72     19     7236
21     145     36     298
22     34     21     2786
23     57     8     9018
24     12     46     1792
25     39     43     3241
26     9     48     1927
27     152     13     2142
28     40     46     3650
29     82     2     9999
30     125     16     355
31     37     33     5768
32     101     35     633
33     181     48     4180
34     143     43     7202
35     44     38     1555
36     48     11     1624
37     142     23     1069
38     33     3     5442
39     129     47     2474
40     23     31     6134
41     91     10     657
42     49     15     5159
43     127     27     1818
44     120     47     4892
45     47     44     1182
46     75     18     2822
47     91     34     2940
48     93     6     6523
49     41     30     2248
50     160     41     2122
51     98     15     6865
52     126     17     113
53     132     27     2638
54     94     7     8227
55     165     36     1644
56     99     33     4411
57     127     6     5804
58     16     31     2309
59     43     9     620
60     53     39     8779
61     178     14     2430
62     81     38     8910
63     39     44     1593
64     59     42     899
65     145     45     3665
66     117     34     8512
67     4     38     178
68     91     34     6215
69     111     44     733
70     9     16     6268
71     78     49     2460
72     156     18     3395
73     149     5     10035
74     159     2     755
75     62     22     4908
76     72     7     7189
77     21     13     2482
78     173     23     4952
79     119     32     8441
80     23     29     1087
81     116     31     233
82     52     17     1194
83     187     35     7419
84     134     2     604
85     22     30     4711
86     46     4     9191
87     79     21     1484
88     70     49     8986
89     183     14     243
90     189     6     5027
91     154     31     874
92     3     10     6120
93     15     2     2191
94     81     7     235
95     112     21     2340
96     12     46     8513
97     5     13     1814
98     162     44     7709
99     182     26     627
100     128     42     6721
101     123     15     1305
102     175     17     7374
103     117     41     2083
104     40     36     3780
105     77     7     4700
106     102     10     8509
107     63     40     1357
108     84     39     7942
109     44     5     392
110     103     3     3352
111     120     32     6809
112     88     33     125
113     133     47     1226
114     104     25     2520
115     17     2     3913
116     177     35     7226
117     62     10     964
118     143     39     2676
119     195     24     8264
120     137     37     555
121     169     49     5181
122     70     22     2345
123     93     4     428
124     13     4     7122
125     86     27     1296
126     61     38     7526
127     170     25     1653
128     122     33     9187
129     116     25     259
130     189     26     937
131     51     46     1312
132     62     5     9014
133     10     36     995
134     163     41     3729
135     166     23     9167
136     2     12     1287
137     18     33     4211
138     11     4     6825
139     162     27     1404
140     191     26     6282
141     133     48     772
142     191     2     2141
143     118     4     7907
144     190     14     903
145     20     10     5953
146     82     24     1794
147     191     6     7222
148     108     10     2364
149     152     22     625
150     175     17     3523
151     9     16     1275
152     184     27     2394
153     157     28     3341
154     152     33     3100
155     95     7     1837
156     14     27     6867
157     78     21     1387
158     112     27     6374
159     52     43     1745
160     195     31     7246
161     164     38     452
162     193     29     476
163     151     35     3808
164     60     16     3717
165     52     33     5666
166     102     7     1542
167     21     22     1636
168     153     28     4204
169     126     12     9034
170     48     25     1796
171     111     48     9713
172     148     25     373
173     14     4     9269
174     186     41     2470
175     183     5     5927
176     33     21     319
177     86     26     1399
178     84     17     8246
179     71     7     83
180     185     46     5954
181     41     13     852
182     89     2     4953
183     127     5     3478
184     136     38     9933
185     149     7     88
186     126     39     1941
187     75     22     3297
188     125     29     621
189     142     15     737
190     136     3     7297
191     28     39     149
192     151     39     7540
193     104     34     814
194     61     38     6180
195     151     34     1528
196     85     3     9879
197     156     3     118
198     58     45     9483
199     199     48     2009
200     48     2     990
