1     137     10     2115
2     42     12     7378
3     129     39     545
4     102     42     9686
5     181     1     607
6     39     5     4657
7     72     44     6861
8     147     3     1728
9     161     31     8336
10     183     19     2461
11     100     22     2972
12     45     15     2603
13     171     29     3817
14     107     21     6984
15     30     13     2307
16     35     3     5083
17     136     4     303
18     14     6     8552
19     94     48     928
20     172     46     6751
21     80     2     1695
22     83     26     565
23     67     27     5700
24     41     45     2189
25     187     10     3422
26     42     15     9905
27     42     26     913
28     35     12     4720
29     36     14     4323
30     18     33     8956
31     174     43     2466
32     126     9     2932
33     52     48     3995
34     56     24     5545
35     104     49     2456
36     185     41     6474
37     198     44     27
38     160     43     6508
39     29     34     1492
40     41     37     9459
41     62     29     1761
42     3     9     2042
43     37     44     302
44     57     3     4961
45     170     38     2621
46     32     22     7833
47     93     14     1905
48     44     29     2819
49     174     34     9499
50     99     38     1908
51     187     20     4525
52     91     23     3426
53     69     23     5268
54     192     46     1409
55     148     45     2229
56     159     43     6480
57     9     36     880
58     31     10     7221
59     17     22     1429
60     190     33     4656
61     183     43     6959
62     43     9     2108
63     118     8     1566
64     158     37     8737
65     142     45     1894
66     45     12     5863
67     107     16     727
68     127     15     9665
69     3     30     64
70     28     44     9894
71     52     47     358
72     16     49     5262
73     149     3     2125
74     158     40     6088
75     40     13     1534
76     64     26     8019
77     127     20     675
78     80     12     6301
79     71     3     626
80     7     14     6023
81     60     38     525
82     25     14     6184
83     118     16     1856
84     130     23     5504
85     161     44     1643
86     55     31     1682
87     82     10     7262
88     54     20     2117
89     171     42     6009
90     147     30     79
91     80     11     6409
92     139     28     733
93     164     39     3566
94     192     10     236
95     99     45     2444
96     4     38     740
97     42     35     8710
98     128     1     1866
99     37     40     473
100     18     20     7860
101     152     45     2211
102     159     8     2101
103     67     20     98
104     113     7     8770
105     175     13     1851
106     114     43     363
107     19     1     1090
108     43     39     331
109     10     14     4659
110     195     20     9699
111     34     1     422
112     184     10     5744
113     142     1     785
114     1     14     5604
115     197     28     1485
116     50     28     5700
117     126     27     1177
118     178     25     7494
119     126     38     380
120     76     15     6723
121     40     44     2102
122     193     34     1373
123     123     39     1951
124     82     2     6530
125     32     13     1403
126     33     20     9422
127     97     22     2366
128     14     45     5518
129     28     31     501
130     196     25     9549
131     144     9     2022
132     25     25     6018
133     191     10     2301
134     153     26     6599
135     28     29     1629
136     157     30     2346
137     172     13     8781
138     15     31     478
139     72     31     5167
140     111     19     619
141     83     12     8127
142     153     2     2059
143     98     25     2225
144     4     9     5026
145     170     4     2246
146     195     34     70
147     177     36     9224
148     54     4     1627
149     58     14     127
150     165     43     5383
151     67     31     872
152     128     35     9133
153     28     49     1472
154     34     25     1476
155     129     18     7748
156     183     35     1139
157     35     45     6530
158     68     10     1789
159     143     15     5128
160     199     4     387
161     83     23     247
162     68     35     9363
163     77     21     99
164     195     44     2827
165     1     9     9466
166     181     9     1750
167     1     7     5693
168     171     26     1655
169     183     3     8138
170     128     48     92
171     7     44     2367
172     59     28     9860
173     39     2     2468
174     110     10     3349
175     106     28     3693
176     118     27     301
177     33     45     2059
178     60     8     4558
179     171     39     965
180     42     6     3275
181     163     35     5222
182     92     2     746
183     131     34     2691
184     109     18     9453
185     110     39     1430
186     36     45     2526
187     143     45     4461
188     67     41     5634
189     113     34     2124
190     189     35     8034
191     127     9     1783
192     112     20     1857
193     49     29     437
194     138     36     4855
195     196     22     9607
196     135     11     2068
197     162     20     9790
198     67     18     6
199     129     21     8032
200     190     7     2200
