1     88     21     2054
2     48     25     37
3     84     29     1307
4     95     40     308
5     77     22     111
6     79     32     1336
7     21     49     254
8     57     48     279
9     5     31     1778
10     46     24     463
11     29     5     1141
12     72     29     2410
13     21     41     39
14     93     15     1877
15     98     40     456
16     16     31     1427
17     68     37     440
18     51     25     423
19     8     8     966
20     42     42     35
21     1     28     1091
22     57     42     1462
23     46     25     431
24     28     32     173
25     33     17     1568
26     9     17     28
27     28     9     1169
28     33     7     2004
29     58     31     120
30     90     8     1938
31     22     43     142
32     65     41     1447
33     81     14     230
34     62     39     439
35     17     39     452
36     99     10     440
37     70     6     1590
38     16     28     312
39     36     17     1602
40     10     17     338
41     32     48     2002
42     22     9     335
43     75     26     1427
44     42     31     314
45     70     11     1624
46     12     25     62
47     85     5     807
48     57     22     221
49     77     27     277
50     32     23     745
51     48     12     364
52     68     35     697
53     31     1     1865
54     53     34     501
55     46     2     2422
56     15     11     449
57     23     25     1922
58     75     44     307
59     75     35     1833
60     40     30     554
61     4     9     838
62     26     23     1494
63     99     22     518
64     78     11     61
65     39     37     2222
66     10     19     139
67     74     21     1931
68     68     34     166
69     79     28     1332
70     16     48     117
71     71     25     1112
72     32     10     1655
73     32     32     388
74     22     43     1428
75     17     24     280
76     71     10     1238
77     64     34     1803
78     70     4     520
79     14     20     1248
80     38     35     102
81     9     45     2130
82     58     48     201
83     69     49     156
84     41     3     1065
85     99     35     1570
86     93     28     145
87     59     27     1983
88     19     17     478
89     56     49     480
90     64     48     1064
91     42     49     2485
92     65     15     470
93     5     31     2327
94     76     36     48
95     76     13     2458
96     86     48     385
97     29     41     120
98     69     36     2351
99     23     27     109
100     77     9     599
