1     2     144     989
2     11     99     252
3     30     183     556
4     25     193     662
5     21     52     168
6     27     48     1172
7     29     186     130
8     29     63     700
9     7     37     256
10     13     13     73
11     22     62     304
12     3     95     211
13     4     45     238
14     44     120     1132
15     42     168     300
16     37     192     72
17     44     179     626
18     40     121     180
19     9     31     756
20     7     182     234
21     25     121     135
22     48     61     873
23     27     132     216
24     31     191     163
25     30     98     817
26     42     192     153
27     26     142     10
28     2     54     1183
29     18     164     77
30     26     135     1026
31     44     18     5
32     43     79     908
33     5     140     11
34     1     3     255
35     16     133     441
36     24     158     1110
37     24     37     3
38     20     128     473
39     8     20     402
40     38     142     202
41     29     149     561
42     35     81     1117
43     49     81     90
44     37     62     78
45     35     110     191
46     40     74     369
47     8     198     1098
48     39     143     269
49     46     172     312
50     20     23     1
51     25     151     28
52     43     17     113
53     30     49     597
54     15     90     1118
55     29     64     9
56     44     92     421
57     35     52     217
58     37     8     538
59     3     155     191
60     6     197     933
61     29     124     220
62     14     36     578
63     42     58     367
64     5     92     480
65     5     91     715
66     4     50     267
67     30     56     525
68     2     192     69
69     14     90     852
70     4     163     48
71     41     84     1146
72     41     24     44
73     20     38     141
74     30     181     230
75     12     92     80
76     6     188     559
77     13     179     77
78     25     164     1148
79     39     8     213
80     16     99     877
81     47     53     68
82     39     163     299
83     42     158     241
84     18     192     566
85     40     197     111
86     12     46     377
87     36     87     855
88     35     174     53
89     11     77     83
90     35     162     1143
91     15     118     250
92     29     52     954
93     1     3     207
94     44     31     720
95     41     173     101
96     27     96     692
97     47     17     16
98     8     130     348
99     45     67     1199
100     35     129     158
101     2     41     126
102     43     13     805
103     13     109     271
104     23     65     875
105     18     113     237
106     48     149     452
107     5     26     472
108     11     122     11
109     6     51     319
110     32     198     635
111     5     64     139
112     41     36     488
113     26     111     59
114     14     94     1022
115     16     122     9
116     43     132     927
117     45     56     114
118     2     74     215
119     33     35     668
120     10     185     191
121     2     54     869
122     11     108     124
123     33     121     329
124     38     66     820
125     42     77     289
126     12     28     1002
127     28     137     254
128     7     68     1051
129     1     102     289
130     37     189     179
131     5     52     1009
132     6     182     269
133     39     147     541
134     34     46     135
135     33     174     685
136     46     7     198
137     5     36     571
138     17     157     705
139     43     82     179
140     2     9     43
141     49     56     590
142     38     139     507
143     30     8     1177
144     35     147     4
145     42     92     605
146     45     115     50
147     13     135     210
148     11     40     407
149     48     13     615
150     15     111     109
151     8     128     616
152     43     181     80
153     4     28     302
154     46     168     491
155     22     88     1103
156     10     106     12
157     5     113     1195
158     32     198     273
159     10     161     1100
160     2     9     153
161     5     152     542
162     26     150     92
163     48     161     342
164     40     46     398
165     29     100     932
166     23     198     271
167     41     74     1085
168     3     31     35
169     39     68     574
170     3     118     1016
171     48     128     238
172     14     75     491
173     7     109     654
174     12     73     90
175     6     56     1061
176     18     65     18
177     8     195     800
178     34     97     237
179     24     182     675
180     6     61     253
181     1     190     431
182     31     88     1084
183     11     156     295
184     42     140     1036
185     44     70     187
186     44     154     1129
187     25     14     217
188     11     41     478
189     38     30     488
190     24     42     553
191     19     62     305
192     29     195     1159
193     3     56     176
194     28     187     1155
195     29     189     230
196     40     96     1187
197     43     104     159
198     13     62     317
199     21     112     68
200     31     107     678
201     26     9     190
202     25     195     946
203     19     157     221
204     16     66     677
205     18     84     145
206     12     174     443
207     25     51     743
208     12     198     295
209     2     34     133
210     12     13     168
211     40     105     486
212     28     138     887
213     16     96     253
214     29     155     962
215     10     90     0
216     22     118     389
217     48     25     626
218     10     23     45
219     33     169     986
220     20     84     276
221     6     117     367
222     9     112     965
223     10     43     45
224     18     31     5
225     40     69     635
226     40     115     301
227     19     60     586
228     4     53     78
229     13     129     550
230     42     130     473
231     36     120     58
232     20     54     1060
233     23     100     202
234     18     160     374
235     24     187     738
236     19     3     164
237     44     56     629
238     47     173     281
239     24     165     836
240     14     69     146
241     11     26     901
242     45     11     12
243     46     172     299
244     46     10     1093
245     44     14     133
246     47     71     620
247     9     153     285
248     9     121     1044
249     33     14     208
250     44     126     917
251     3     187     242
252     33     149     925
253     21     27     17
254     5     41     491
255     25     28     828
256     35     122     229
257     18     61     1113
258     7     182     145
259     37     158     371
260     21     64     980
261     5     135     170
262     47     27     1161
263     26     98     242
264     13     157     925
265     19     71     24
266     15     187     818
267     47     110     230
268     33     47     551
269     10     182     513
270     14     183     195
271     23     95     540
272     20     24     470
273     43     34     1008
274     11     170     156
275     44     40     319
276     12     164     1167
277     9     136     275
278     41     190     212
279     3     178     687
280     5     84     98
281     32     9     457
282     44     152     829
283     37     47     107
284     45     83     395
285     16     103     815
286     44     132     294
287     17     16     12
288     47     122     284
289     30     75     563
290     36     36     87
291     24     1     463
292     22     128     749
293     25     191     205
294     45     162     1165
295     5     25     157
296     23     194     976
297     14     65     242
298     14     10     285
299     31     109     303
300     24     121     106
301     39     146     934
302     31     45     298
303     6     140     950
304     29     21     76
305     25     61     631
306     9     11     116
307     31     180     1078
308     1     94     68
309     37     35     1174
310     6     156     206
311     13     173     809
312     22     107     212
313     7     48     396
314     47     136     679
315     31     60     69
316     41     64     876
317     10     177     277
318     31     79     489
319     37     35     1178
320     21     136     45
321     7     115     965
322     24     31     259
323     27     63     791
324     41     57     108
325     37     157     951
326     15     155     258
327     42     16     360
328     21     197     427
329     3     37     872
330     1     60     232
331     20     99     1019
332     22     74     109
333     31     86     1048
334     17     91     249
335     20     33     1089
336     27     143     248
337     14     46     204
338     4     44     646
339     24     99     264
340     19     38     229
341     35     151     269
342     18     117     323
343     9     35     531
344     47     51     181
345     46     51     1204
346     33     148     291
347     19     126     533
348     22     2     499
349     21     91     677
350     33     164     1
351     38     166     814
352     29     23     277
353     49     10     213
354     46     139     996
355     13     109     153
356     22     124     986
357     39     173     235
358     14     177     321
359     36     194     1094
360     15     71     184
361     41     135     1048
362     29     83     70
363     18     2     413
364     7     19     627
365     2     35     19
366     1     146     671
367     9     30     62
368     39     18     315
369     6     189     127
370     45     44     1193
371     3     154     210
372     33     197     129
373     45     164     158
374     13     120     855
375     27     123     176
376     39     87     999
377     43     161     113
378     45     176     156
379     49     93     1097
380     5     163     301
381     35     46     197
382     14     119     344
383     39     47     220
384     3     3     399
385     19     176     713
386     40     43     115
387     37     65     1065
388     2     185     136
389     10     37     692
390     5     191     142
391     3     142     1183
392     33     49     133
393     33     47     980
394     9     182     146
395     49     110     656
396     16     120     120
397     23     107     9
398     23     11     573
399     12     142     87
400     5     178     497
401     36     173     487
402     1     57     1154
403     20     141     198
404     10     31     736
405     6     184     185
406     47     64     344
407     27     1     1025
408     30     33     23
409     18     80     839
410     36     149     67
411     44     187     679
412     18     55     166
413     11     50     765
414     13     126     20
415     2     174     440
416     23     28     588
417     18     38     881
418     31     4     243
419     45     112     698
420     29     132     163
421     49     22     4
422     13     67     326
423     30     129     334
424     15     142     65
425     21     114     190
426     3     98     572
427     8     16     972
428     45     12     302
429     25     40     869
430     25     23     115
431     44     113     227
432     8     104     140
433     37     181     665
434     23     35     145
435     1     132     241
436     16     96     170
437     10     64     215
438     18     100     300
439     25     49     32
440     48     89     327
441     5     101     1128
442     29     183     22
443     7     15     419
444     12     13     224
445     17     60     38
446     10     88     518
447     43     50     179
448     26     92     98
449     22     71     917
450     30     97     201
451     37     161     985
452     16     80     51
453     5     195     783
454     44     104     164
455     3     109     649
456     48     97     158
457     8     54     549
458     27     89     309
459     18     1     395
460     7     115     416
461     48     43     565
462     49     131     172
463     17     51     12
464     2     59     974
465     32     12     188
466     3     116     655
467     40     193     146
468     18     72     835
469     4     45     101
470     39     159     1083
471     47     82     160
472     27     85     1180
473     32     9     115
474     35     198     53
475     27     136     1048
476     32     135     4
477     40     162     868
478     31     144     149
479     3     185     1160
480     11     45     130
481     6     129     606
482     13     130     208
483     18     18     948
484     37     153     207
485     43     112     944
486     32     113     147
487     4     125     1013
488     10     151     32
489     43     191     882
490     7     94     113
491     15     60     460
492     1     153     271
493     10     119     719
494     24     154     50
495     22     24     302
496     48     48     335
497     3     122     24
498     27     40     260
499     46     162     221
500     48     143     567
