50.018     4935     4803.4
50.144     4916     4803.4
50.144     4916     4803.4
50.018     4935     4803.4
50.144     4935     4803.4
50.144     4935     4803.4
50.018     4935     4803.4
50.144     4916     4803.4
50.144     4916     4803.4
50.144     4935     4803.4
             
50.051     5153     4995.8
50.110     5161     4995.8
50.110     5161     4995.8
50.051     5153     4995.8
50.110     5161     4995.8
50.110     5161     4995.8
50.051     5153     4995.8
50.110     5161     4995.8
50.110     5161     4995.8
50.110     5161     4995.8
             
50.106     5220     5007
50.077     5216     5007
50.077     5216     5007
50.106     5220     5007
50.106     5220     5007
50.106     5220     5007
50.106     5220     5007
50.077     5216     5007
50.077     5216     5007
50.106     5220     5007
             
50.004     5111     4914.8
50.007     5114     4914.8
50.007     5114     4914.8
50.004     5111     4914.8
50.007     5114     4914.8
50.007     5114     4914.8
50.004     5111     4914.8
50.007     5114     4914.8
50.007     5114     4914.8
50.007     5114     4914.8
             
50.060     5094     4945
50.026     5080     4945
50.026     5080     4945
50.060     5094     4945
50.060     5094     4945
50.060     5094     4945
50.060     5094     4945
50.026     5080     4945
50.026     5080     4945
50.060     5094     4945
             
50.124     4903     4809.6
50.119     4911     4809.6
50.119     4911     4809.6
50.124     4903     4809.6
50.124     4911     4809.6
50.124     4911     4809.6
50.124     4903     4809.6
50.119     4911     4809.6
50.119     4911     4809.6
50.124     4911     4809.6
             
50.001     5054     4886
50.017     5054     4886
50.017     5054     4886
50.001     5054     4886
50.017     5054     4886
50.017     5054     4886
50.001     5054     4886
50.017     5054     4886
50.017     5054     4886
50.017     5054     4886
             
50.016     5150     4960.2
50.144     5154     4960.2
50.144     5154     4960.2
50.016     5150     4960.2
50.144     5154     4960.2
50.144     5154     4960.2
50.016     5150     4960.2
50.144     5154     4960.2
50.144     5154     4960.2
50.144     5154     4960.2
             
50.040     5070     4937.2
50.140     5084     4937.2
50.140     5084     4937.2
50.040     5070     4937.2
50.140     5084     4937.2
50.140     5084     4937.2
50.040     5070     4937.2
50.140     5084     4937.2
50.140     5084     4937.2
50.140     5084     4937.2
             
50.085     4990     4884.6
50.025     5005     4884.6
50.025     5005     4884.6
50.085     4990     4884.6
50.085     5005     4884.6
50.085     5005     4884.6
50.085     4990     4884.6
50.025     5005     4884.6
50.025     5005     4884.6
50.085     5005     4884.6
             
