1        5        5       61
2        4        8       21
3        5        7       14
4        3        5        1
5       10        5       51
6        4        8       37
7        4        8       48
8       15        7       55
9        6        7        1
10        4        9       64
11       15        4       35
12       12        7        1
13       13        4       37
14       14        9       29
15        5        8       59
16       13        5       61
17       12        9       58
18        9        5       21
19       10        6       53
20       13        9       28
21       15        5        0
22       11        1       27
23        8        9       19
24        9        3       57
25       14        7        2
26        7        9       20
27        8        7       11
28       13        7       32
29       11        4       22
30        3        7       61
31        9        8       43
32        7        9       62
33       13        9        3
34       11        9       55
35       12        3        7
36        5        3       39
37       13        1       24
38        8        1       46
39        3        7       30
40       15        4       14
41       14        7       52
42        5        7       12
43        7        5       61
44       14        5       20
45       15        6       29
46       13        4        8
47       14        3       62
48       15        6       47
49       12        3       34
50        4        8       21
