1     3     20     803
2     15     9     56
3     31     4     170
4     19     30     2702
5     6     10     218
6     47     41     1632
7     30     38     620
8     44     20     877
9     3     35     724
10     39     49     1409
11     36     26     2385
12     25     42     593
13     46     26     933
14     21     8     72
15     44     21     1006
16     2     8     2448
17     12     6     834
18     30     19     3352
19     48     42     326
20     4     42     3490
21     21     37     609
22     29     39     2612
23     17     8     89
24     31     26     2528
25     2     8     428
26     19     32     353
27     40     17     1156
28     49     16     2304
29     14     4     174
30     30     18     1933
31     39     25     157
32     47     13     1818
33     16     30     1016
34     34     38     1593
35     33     41     2815
36     14     47     649
37     19     45     2850
38     10     37     715
39     21     9     1537
40     36     10     225
41     41     3     1542
42     40     38     2530
43     28     45     838
44     23     36     3229
45     16     7     612
46     11     8     308
47     8     31     80
48     31     27     2430
49     34     40     629
50     19     38     2479
51     13     47     755
52     1     45     901
53     4     14     2855
54     11     39     534
55     1     38     2784
56     39     32     489
57     21     6     3063
58     27     35     669
59     41     22     1351
60     7     3     2518
61     14     39     511
62     30     44     954
63     37     35     177
64     43     45     2221
65     29     44     151
66     49     7     1861
67     34     44     728
68     32     45     1414
69     11     11     188
70     39     23     2920
71     39     22     767
72     46     47     2955
73     41     42     171
74     35     39     1136
75     21     18     1528
76     22     24     229
77     32     10     3414
78     15     43     544
79     25     16     3501
80     3     28     646
81     28     49     2078
82     32     19     495
83     25     22     977
84     23     13     3644
85     11     39     354
86     42     32     2141
87     10     43     440
88     22     28     2945
89     9     17     252
90     1     16     2843
91     43     4     85
92     32     26     1529
93     2     21     435
94     2     43     2959
95     42     33     673
96     8     10     3329
97     36     3     49
98     20     24     1630
99     21     24     949
100     47     6     3636
101     24     24     330
102     47     27     2276
103     8     37     187
104     25     17     1600
105     16     12     1437
106     14     38     3101
107     1     38     342
108     32     26     219
109     46     47     3065
110     35     39     174
111     41     22     1881
112     48     2     496
113     2     49     2794
114     17     15     94
115     47     43     1174
116     20     19     133
117     17     15     3230
118     44     41     710
119     27     48     439
120     16     8     133
121     28     27     1604
122     32     16     3452
123     8     25     258
124     47     29     3556
125     47     21     219
126     9     12     2579
127     21     1     230
128     26     24     2825
129     30     15     620
130     22     42     3489
131     6     4     141
132     20     37     147
133     20     43     2159
134     10     30     185
135     33     17     2630
136     1     32     260
137     42     48     2973
138     2     26     6
139     1     29     1269
140     8     2     3003
141     3     19     380
142     12     36     2928
143     39     34     123
144     27     13     3604
145     2     47     235
146     29     25     2742
147     3     35     672
148     10     16     3049
149     9     42     47
150     10     30     2357
151     41     23     709
152     38     19     1770
153     7     28     3085
154     45     13     438
155     40     12     3542
156     27     41     658
157     29     5     3242
158     34     8     842
159     12     6     1032
160     45     26     550
161     21     3     487
162     24     35     3635
163     26     16     524
164     30     17     1253
165     4     31     870
166     23     27     3179
167     12     10     597
168     37     12     667
169     34     28     124
170     13     21     3375
171     44     22     475
172     37     11     2842
173     8     33     554
174     24     3     3373
175     22     10     739
176     44     39     2360
177     24     4     480
178     3     38     2381
179     4     7     696
180     37     15     3073
181     12     15     259
182     11     46     212
183     36     15     794
184     41     49     3671
185     8     41     819
186     16     42     2260
187     42     2     518
188     18     20     3700
189     6     39     285
190     28     14     1262
191     26     1     3572
192     23     41     318
193     12     30     719
194     34     33     317
195     8     28     597
196     42     49     1864
197     49     44     271
198     37     9     193
199     34     35     1278
200     23     48     3708
201     22     38     678
202     3     1     2647
203     36     46     494
204     39     6     2729
205     7     7     920
206     17     15     2550
207     25     18     330
208     1     1     3243
209     37     30     374
210     22     36     1617
211     5     7     2767
212     22     48     565
213     43     30     1177
214     20     1     8
215     46     27     142
216     9     21     3040
217     46     30     582
218     30     35     1704
219     39     25     3632
220     8     20     634
221     48     13     2080
222     21     16     156
223     24     21     1468
224     27     29     2008
225     11     48     547
226     8     7     617
227     28     3     2160
228     16     19     438
229     14     35     898
230     39     36     1515
231     33     35     2634
232     17     1     420
233     1     22     27
234     29     39     1455
235     19     22     857
236     46     7     1245
237     36     30     1419
238     35     39     1065
239     18     11     2627
240     28     23     573
241     39     46     1714
242     15     45     2872
243     26     5     439
244     34     47     2669
245     49     25     843
246     49     4     2167
247     24     40     346
248     39     37     2140
249     12     15     570
250     26     38     819
251     31     20     2793
252     28     9     798
253     6     16     461
254     26     42     3459
255     33     49     74
256     30     3     806
257     15     43     581
258     28     30     1603
259     36     21     3165
260     10     42     729
261     37     7     2411
262     28     35     764
263     14     40     3567
264     2     40     377
265     19     45     1490
266     33     15     517
267     34     38     2740
268     37     10     538
269     29     22     3355
270     43     36     876
271     1     23     2217
272     13     11     495
273     14     28     2608
274     32     30     322
275     14     46     1903
276     23     1     722
277     35     42     396
278     15     5     1124
279     40     14     2915
280     40     30     599
281     19     24     3675
282     25     11     749
283     35     48     1302
284     26     31     3094
285     43     17     157
286     9     21     1463
287     49     1     2011
288     4     42     846
289     46     40     3564
290     29     15     918
291     1     35     1091
292     48     35     2859
293     31     5     488
294     2     31     56
295     39     6     2160
296     7     17     631
297     10     31     1009
298     32     13     3232
299     44     33     277
300     17     10     1661
