1     20     14     297
2     10     128     856
3     35     128     1861
4     22     32     7
5     9     111     659
6     38     11     617
7     44     161     81
8     45     165     597
9     1     188     770
10     31     114     1295
11     40     156     306
12     17     105     1833
13     13     9     11
14     29     64     1053
15     6     133     152
16     45     179     1824
17     34     36     262
18     21     122     363
19     23     39     1526
20     49     119     275
21     16     155     619
22     1     176     1193
23     4     65     350
24     22     42     1377
25     25     114     356
26     10     153     97
27     34     180     1501
28     13     51     220
29     43     49     1237
30     7     171     463
31     32     147     1308
32     14     165     385
33     30     23     1250
34     40     40     161
35     23     142     435
36     30     122     935
37     41     154     868
38     3     141     1046
39     5     94     22
40     26     61     182
41     38     75     1408
42     32     179     78
43     8     56     317
44     37     190     401
45     24     125     1213
46     42     2     222
47     47     38     625
48     45     198     195
49     3     46     1610
50     48     117     360
51     28     152     382
52     14     73     252
53     36     21     1638
54     17     110     412
55     11     20     168
56     25     190     666
57     40     170     23
58     34     159     333
59     1     4     165
60     3     134     1126
61     33     173     399
62     9     187     735
63     15     61     1147
64     4     6     311
65     10     132     1119
66     31     137     51
67     5     8     653
68     15     107     1416
69     29     61     301
70     45     147     27
71     5     64     672
72     42     192     1053
73     12     128     100
74     39     142     441
75     41     133     227
76     1     7     1006
77     10     145     447
78     26     2     1460
79     40     74     357
80     7     83     690
81     12     178     1318
82     39     56     246
83     15     137     778
84     20     56     856
85     45     90     616
86     36     134     577
87     38     87     1621
88     32     27     379
89     4     93     1035
90     34     172     126
91     28     150     1592
92     22     54     99
93     19     68     19
94     28     141     1130
95     12     179     281
96     34     119     781
97     10     30     1088
98     14     159     383
99     48     63     57
100     5     123     1656
101     49     131     280
102     48     133     527
103     32     113     356
104     32     152     1007
105     28     5     460
106     36     49     1287
107     47     62     133
108     28     10     1591
109     46     19     9
110     7     85     174
111     33     43     294
112     15     50     1419
113     18     137     21
114     5     30     487
115     4     192     1096
116     26     190     6
117     19     132     1267
118     43     25     380
119     3     197     503
120     23     179     1796
121     20     42     156
122     28     179     304
123     8     124     976
124     15     45     454
125     1     119     207
126     20     136     429
127     2     191     355
128     38     36     602
129     19     160     620
130     4     176     1763
131     11     27     179
132     34     139     78
133     33     120     455
134     12     80     1256
135     2     136     207
136     17     181     596
137     17     9     1153
138     31     183     349
139     48     125     396
140     37     7     1714
141     31     169     37
142     40     158     1439
143     49     41     272
144     5     103     1456
145     30     26     51
146     39     77     11
147     47     53     1369
148     18     192     376
149     5     70     707
150     31     18     892
151     4     46     1491
152     47     103     222
153     28     172     1329
154     8     135     464
155     43     74     139
156     19     5     254
157     1     133     979
158     1     176     287
159     7     103     1392
160     7     48     12
161     27     44     371
162     3     159     545
163     7     3     373
164     10     177     1149
165     36     112     79
166     32     79     1673
167     18     16     413
168     25     13     1676
169     20     127     79
170     17     44     662
171     3     45     874
172     11     38     266
173     44     56     1569
174     13     39     301
175     4     101     1274
176     12     142     363
177     36     194     615
178     34     91     1856
179     28     154     109
180     1     147     1371
181     44     23     81
182     26     44     1337
183     46     59     421
184     25     88     1194
185     30     109     246
186     10     131     1403
187     40     9     12
188     21     195     1481
189     44     163     389
190     27     90     128
191     8     146     773
192     22     20     162
193     4     88     534
194     41     45     1662
195     33     74     19
196     18     193     910
197     20     194     238
198     1     15     168
199     47     178     1471
200     24     115     303
