1       15        7      139
2       11        7       95
3       15        7       33
4       12        3      121
5        3        9       62
6       12        5       19
7        6        1       91
8       11        9       89
9       13        5      146
10       14        5      130
11        6        2       25
12       15        1       80
13       11        1      127
14        5        2        3
15        6        3      147
16        4        6       34
17        5        8       14
18        8        6       60
19       14        4       99
20       13        7      131
21        9        8       21
22       15        2       42
23       10        8      110
24        4        8      170
25        3        6       28
26       12        6       34
27       15        8       75
28       13        2       64
29        7        4       70
30        6        8      122
31       12        9      161
32        5        2      148
33        5        4      123
34        8        8      128
35       10        8       65
36        4        4       83
37        4        7      150
38        6        8      127
39       15        4      155
40        8        7        3
41       13        1       95
42       12        7        4
43        6        2      105
44        9        8       48
45        8        2      148
46       14        1      166
47       11        6       84
48        5        3       75
49        7        7       55
50        5        2       81
51       10        6      136
52        6        1       91
53        5        2       90
54       13        1      119
55        6        6       10
56       13        9       60
57       10        9       62
58        7        7      120
59       10        9       92
60        6        3      137
61        3        5      113
62       12        9      152
63       12        2      115
64        9        2       73
65        4        9      167
66        4        4       66
67        3        1      159
68        6        2       38
69        8        7        2
70       12        6      111
71       12        4       80
72       15        5      138
73        8        3       57
74        6        6      111
75       14        7       29
76        9        9      125
77       14        9      134
78       10        6      144
79       12        8      162
80        4        3      162
81        6        8      168
82        9        3      105
83       15        2      118
84       10        3      102
85        4        8       99
86       10        2       28
87        3        6       84
88        6        6       50
89       14        1      141
90        8        8       59
91       10        8       68
92       14        2      109
93        7        4       81
94       15        5       79
95       13        2      146
96       15        9      129
97        9        3       38
98       13        8      103
99        7        5        3
100       12        1      168
101        5        2       22
102       13        4       64
103        3        2       41
104       10        2       74
105       14        7       27
106       11        5      145
107       15        4       60
108        9        4       65
109       10        3      170
110        5        7       48
111       12        9      156
112       12        8      137
113        8        9       78
114       11        7       25
115       15        1       45
116        9        3        9
117        4        9        4
118       13        1       94
119       15        8      156
120       15        7       94
121        9        6        1
122        7        4      144
123        6        2       24
124        3        8      122
125        7        6       83
126        4        7       34
127        3        2      145
128        6        9       56
129       15        6       23
130       11        1      171
131       13        9      164
132       12        4       74
133       15        4       62
134       12        2       29
135        4        9      107
136       10        2      135
137        3        9        6
138       14        6       43
139        9        2      138
140        4        5       58
141        8        4      128
142        3        5       23
143       15        2       78
144        8        2      154
145        4        8      120
146        7        8       68
147        6        1       25
148        6        6       24
149        3        9      149
150       11        4       77
151        4        7      119
152        7        9      110
153       15        8      157
154       13        1       51
155       11        3      171
156        4        2      162
157        7        6       15
158        9        7       91
159       11        8      157
160       11        8       82
161        7        2       71
162        8        7       24
163        5        8      122
164       14        2      140
165        5        9       17
166       11        5      163
167       14        6       76
168        4        2       97
169        5        7      167
170       13        5        0
171       12        2      148
172       10        9      138
173        3        6      100
174       14        6      164
175       12        8        9
176       15        5      167
177        6        3      113
178        5        1      111
179       15        8      111
180        4        1       24
181       10        3       65
182        7        7      108
183        9        8       12
184        8        4       80
185       11        3       15
186        4        3       51
187        9        6      145
188       13        1      139
189        3        7      160
190        6        6      106
191        8        5      124
192        4        5       55
193       15        4      130
194        6        8        3
195        3        8      153
196       14        2      167
197        6        5       89
198        9        5       65
199        6        4      155
200        8        6      140
201       11        6      167
202        6        4      105
203       15        6       81
204        9        4       11
205        4        2       45
206        9        1        0
207       11        3       96
208       13        1       11
209        6        1      136
210        8        9       22
211       11        4      114
212        3        5       67
213        9        3      109
214        6        3       20
215        9        5       35
216       14        5       35
217       15        1        5
218        8        8       64
219       15        5      119
220       10        3       67
221        3        6       76
222       13        7       57
223        9        8       56
224       10        1      147
225        9        9       68
226       10        7      107
227       13        5       38
228       13        6      133
229       15        7        4
230        7        8       52
231       11        5       96
232       11        2      152
233       14        3      101
234        5        8       21
235        5        8      121
236       11        6      167
237       15        2      149
238       12        8       38
239        4        5       39
240       13        8       98
241        9        8       98
242        7        1       92
243        7        1      130
244       11        7      146
245       11        1      157
246        5        1       12
247       10        9       20
248        8        4       66
249        8        9      136
250        4        4       92
251        4        6       36
252        5        9       57
253       10        6       53
254        5        9       37
255       15        3      117
256       15        5      147
257        6        3        8
258       15        4       57
259        9        4      104
260       14        6       40
261        8        9       55
262        3        2       44
263        5        8       72
264        8        3      170
265        4        5       64
266       13        8       86
267        5        8       52
268       12        9      165
269       13        7      122
270       14        7       51
271        3        8      119
272       15        2       31
273       14        6       87
274       11        7       85
275       12        5       24
276       11        4       90
277        6        1      137
278        5        2       73
279        8        6      124
280        9        7      147
281       15        1       76
282       14        3      120
283       11        9      120
284       10        5      145
285        8        4       84
286        6        7       93
287        7        4       17
288       10        5      161
289       14        8       84
290       13        3        8
291       14        9       95
292       12        7      150
293       15        1      146
294       12        3        0
295       11        6       58
296       13        8       20
297       11        7       67
298        6        2      112
299       15        8       23
300        4        4       93
