5.001     292     263.625
5.002     292     263.625
5     293     263.625
5     293     263.625
5.002     292     263.625
5.002     292     263.625
5     293     263.625
5     293     263.625
5.002     292     263.625
5.002     292     263.625
             
5     320     303.375
5.001     317     303.375
5.001     317     303.375
5.001     317     303.375
5.001     320     303.375
5.001     320     303.375
5.001     317     303.375
5.001     317     303.375
5.001     317     303.375
5.001     320     303.375
             
5.001     271     245.625
5     265     245.625
5     272     245.625
5     272     245.625
5.001     271     245.625
5.001     271     245.625
5     272     245.625
5     272     245.625
5     265     245.625
5.001     271     245.625
             
5     257     242.375
5     252     242.375
5.001     258     242.375
5.001     258     242.375
5     257     242.375
5     257     242.375
5.001     258     242.375
5.001     258     242.375
5     252     242.375
5     257     242.375
             
5.001     275     254.375
5     271     254.375
5.001     277     254.375
5.001     277     254.375
5.001     275     254.375
5.001     275     254.375
5.001     277     254.375
5.001     277     254.375
5     271     254.375
5.001     275     254.375
             
5     258     239.25
5     258     239.25
5     260     239.25
5     260     239.25
5     258     239.25
5     258     239.25
5     260     239.25
5     260     239.25
5     258     239.25
5     258     239.25
             
5.002     299     272.875
5     299     272.875
5     293     272.875
5     293     272.875
5.002     299     272.875
5.002     299     272.875
5     293     272.875
5     293     272.875
5     299     272.875
5.002     299     272.875
             
5.001     256     242.375
5.001     259     242.375
5     254     242.375
5     254     242.375
5.001     259     242.375
5.001     259     242.375
5     254     242.375
5     254     242.375
5.001     259     242.375
5.001     259     242.375
             
5.001     313     295
5.001     319     295
5.001     323     295
5.001     323     295
5.001     319     295
5.001     319     295
5.001     323     295
5.001     323     295
5.001     319     295
5.001     319     295
             
5.001     305     284.25
5.002     305     284.25
5     312     284.25
5     312     284.25
5.002     305     284.25
5.002     305     284.25
5     312     284.25
5     312     284.25
5.002     305     284.25
5.002     305     284.25
             
