5.001     288     263.625
5.002     290     263.625
5.002     288     263.625
5.002     288     263.625
5.002     290     263.625
5.002     290     263.625
5.002     288     263.625
5.002     288     263.625
5.002     290     263.625
5.001     288     263.625
             
5.006     313     303.375
5.004     314     303.375
5.002     315     303.375
5.002     315     303.375
5.006     314     303.375
5.006     314     303.375
5.002     315     303.375
5.002     315     303.375
5.004     314     303.375
5.004     313     303.375
             
5.001     263     245.625
5.01     265     245.625
5.001     259     245.625
5.001     259     245.625
5.01     259     245.625
5.01     259     245.625
5.001     259     245.625
5.001     259     245.625
5.01     265     245.625
5.001     263     245.625
             
5.005     255     242.375
5.001     255     242.375
5.002     253     242.375
5.002     253     242.375
5.005     253     242.375
5.005     253     242.375
5.002     253     242.375
5.002     253     242.375
5.001     255     242.375
5.001     255     242.375
             
5.009     274     254.375
5.002     275     254.375
5.006     274     254.375
5.006     274     254.375
5.009     271     254.375
5.009     271     254.375
5.006     274     254.375
5.006     274     254.375
5.002     275     254.375
5.002     274     254.375
             
5.005     257     239.25
5.001     257     239.25
5.009     267     239.25
5.009     257     239.25
5.005     257     239.25
5.005     257     239.25
5.009     257     239.25
5.009     267     239.25
5.001     257     239.25
5.001     257     239.25
             
5.012     293     272.875
5.005     292     272.875
5.003     292     272.875
5.003     292     272.875
5.012     295     272.875
5.012     295     272.875
5.003     292     272.875
5.003     292     272.875
5.005     292     272.875
5.005     292     272.875
             
5.014     267     242.375
5.002     262     242.375
5.001     267     242.375
5.001     262     242.375
5.014     262     242.375
5.014     262     242.375
5.001     262     242.375
5.001     267     242.375
5.002     262     242.375
5.002     262     242.375
             
5.003     313     295
5.007     315     295
5.007     315     295
5.007     313     295
5.007     313     295
5.007     313     295
5.007     313     295
5.007     315     295
5.007     315     295
5.003     313     295
             
5.004     304     284.25
5.009     306     284.25
5.007     304     284.25
5.007     306     284.25
5.009     306     284.25
5.009     306     284.25
5.007     306     284.25
5.007     304     284.25
5.009     306     284.25
5.004     304     284.25
             
