1       12        1       51
2        7        2       91
3       12        6       78
4       15        4      142
5        4        2      131
6       14        7      201
7        8        7      117
8        3        2       12
9        3        2       71
10        6        3       51
11       13        7       24
12        5        5      112
13        8        3       49
14        8        6       31
15       15        9      132
16        8        6      150
17       11        3       31
18       11        6       51
19       14        8      139
20       15        1      121
21        9        6       80
22       11        8       38
23        5        5       39
24        3        1      153
25       10        1       99
26        6        1      180
27        6        5      129
28       11        1      109
29       10        1      146
30        7        6      198
31        5        2      129
32       10        3      106
33       12        3       15
34        4        5       49
35        6        9      119
36        3        2      132
37        4        5       30
38        9        3      157
39        8        5       42
40       10        4      116
41       14        3       68
42       13        9      121
43        9        8       31
44       11        1      124
45       15        2       14
46       10        7       30
47       14        6      156
48       12        6       55
49        6        5      132
50        4        3       97
51        8        6      125
52       10        6       20
53       13        3       31
54        4        1      172
55        7        2      102
56       13        5       20
57        8        2        9
58        5        1       95
59       14        8       58
60        6        7      177
61        4        2      116
62       10        4       99
63       10        9       44
64        6        7      130
65        8        1      207
66        4        9       64
67        4        3      165
68        9        7      124
69        4        5       20
70        3        2       96
71        7        6       37
72       13        4      188
73        6        7      181
74        9        3      115
75       15        6      109
76       13        3       34
77       13        4      136
78        9        1      100
79        7        5       76
80        5        8       16
81        5        5      128
82       14        1       91
83       13        6       88
84       15        1       20
85       13        6      174
86       14        1      149
87       13        9       95
88       11        9       65
89        8        1      199
90       11        3       97
91        5        9       79
92        5        6      149
93       14        3       88
94        6        3      188
95        3        8      195
96       10        7      182
97        4        1      168
98        4        5      144
99       13        1       47
100       11        3      142
101        7        7       29
102       15        2       40
103        8        7       62
104        9        4      137
105       12        3       98
106        4        6      135
107        6        3      137
108       13        6       77
109        5        8      103
110        4        2      138
111        3        3      155
112       11        2      154
113        5        2      121
114       13        5       11
115        6        3      115
116        9        7       33
117        8        8       36
118        9        7       39
119        9        4       10
120        5        2      185
121       11        6      150
122       15        3      194
123        4        4       38
124       15        5      112
125        3        9       21
126        9        3       42
127        9        4      173
128       11        5       95
129       14        2      148
130        6        1      105
131        5        8      110
132        8        7      193
133       13        2        2
134        9        5      191
135        6        7       29
136        9        4       38
137       10        2      116
138        6        6       95
139        4        9      173
140       14        8       51
141       10        8       52
142        5        7        8
143       10        8      147
144       15        2       12
145        8        7        9
146        4        1       24
147       11        6      168
148        7        7       68
149        4        1        9
150       13        5       60
151       11        8      175
152       12        8      196
153        9        2       60
154        9        2      203
155       12        6       88
156       12        4       10
157        9        1       20
158       14        8       19
159       11        2        4
160        8        7       36
161       15        1      106
162        5        4      179
163        5        3       42
164       13        9      158
165       11        6      170
166        5        8       76
167        3        9       73
168       10        9      201
169        4        1      113
170       13        6       98
171       11        1      143
172        3        2      172
173       15        9      182
174        8        5      151
175       12        9       58
176        3        4      110
177        3        2      103
178        4        5        9
179       10        4      173
180       10        5      197
181        7        3      134
182        3        3      187
183       11        1        5
184        5        6       57
185       12        9        4
186       15        3       18
187        6        2      140
188       15        7       93
189       15        3       43
190       12        3       17
191        4        8       78
192        9        4      143
193       14        9      194
194       12        5       87
195        6        9      106
196       11        8      109
197        8        2      173
198       12        5      134
199       13        3       28
200       11        7      138
