1     6     1     986
2     105     19     3
3     141     39     1678
4     171     12     1340
5     105     28     2476
6     43     38     716
7     149     2     1850
8     57     27     557
9     146     15     2163
10     187     46     789
11     74     31     3412
12     145     21     247
13     60     40     3035
14     48     25     628
15     181     19     423
16     173     44     160
17     117     45     618
18     18     44     326
19     62     49     3535
20     35     49     762
21     159     40     3043
22     134     29     123
23     99     25     1213
24     44     31     430
25     165     46     3675
26     153     48     711
27     176     37     2842
28     88     14     99
29     174     47     1667
30     165     45     854
31     115     41     3120
32     129     7     439
33     179     14     1132
34     138     28     2155
35     23     18     575
36     114     10     147
37     184     32     897
38     102     31     114
39     64     15     3025
40     155     48     467
41     195     26     1827
42     56     18     629
43     130     25     2272
44     149     35     442
45     109     23     2383
46     186     42     100
47     115     28     3597
48     98     21     181
49     117     24     2373
50     117     13     723
51     119     19     419
52     89     47     2777
53     194     17     186
54     46     44     505
55     40     34     3555
56     11     5     452
57     84     17     3089
58     146     43     508
59     150     22     1749
60     28     7     213
61     109     5     374
62     49     40     2573
63     139     19     732
64     198     43     1982
65     100     31     869
66     16     26     764
67     131     19     1888
68     171     20     325
69     168     41     2877
70     48     15     190
71     90     30     3415
72     69     2     670
73     166     45     2118
74     5     24     413
75     149     31     1487
76     139     32     1737
77     184     21     1673
78     29     48     245
79     100     13     3282
80     115     41     470
81     32     24     2816
82     78     41     646
83     17     30     1627
84     165     2     3049
85     46     17     507
86     93     17     2167
87     197     21     0
88     58     33     971
89     50     10     3290
90     100     14     764
91     57     34     3389
92     172     17     617
93     21     38     763
94     38     49     2178
95     104     21     1
96     68     27     2747
97     69     26     912
98     49     33     182
99     3     11     1609
100     170     20     3192
101     99     40     703
102     193     45     3582
103     44     5     122
104     82     8     3275
105     145     19     847
106     26     18     2958
107     120     2     67
108     10     24     1605
109     9     46     965
110     44     45     1186
111     82     37     117
112     56     23     37
113     80     2     3109
114     69     26     779
115     78     27     2072
116     45     32     248
117     87     19     1816
118     87     12     2096
119     40     19     248
120     167     13     256
121     55     16     2557
122     132     20     45
123     140     11     900
124     12     44     2906
125     117     33     29
126     132     22     2507
127     20     48     811
128     60     18     2147
129     24     49     30
130     155     11     1812
131     36     18     2332
132     94     8     887
133     140     8     3487
134     143     2     112
135     27     23     3073
136     182     17     107
137     27     13     1927
138     15     7     802
139     101     43     823
140     134     12     1729
141     52     41     3010
142     171     21     758
143     190     32     59
144     95     6     262
145     150     28     2312
146     196     21     667
147     132     29     3153
148     184     11     422
149     179     34     1657
150     115     41     2420
151     71     5     279
152     34     34     3573
153     1     23     727
154     32     21     1280
155     106     47     546
156     84     36     552
157     121     19     1908
158     107     43     857
159     52     41     1812
160     49     34     1756
161     192     26     852
162     26     27     45
163     136     19     3578
164     101     8     418
165     178     41     2931
166     128     11     128
167     82     25     286
168     169     29     201
169     61     39     2185
170     165     27     310
171     156     22     3600
172     44     13     28
173     91     25     1893
174     196     32     777
175     3     27     2779
176     89     19     297
177     164     7     3200
178     46     27     621
179     39     19     1869
180     159     2     2
181     132     19     1525
182     38     32     2748
183     82     42     576
184     152     4     2032
185     19     22     174
186     116     16     3253
187     177     17     185
188     92     30     3395
189     69     15     614
190     59     17     2112
191     55     33     645
192     55     38     1894
193     50     18     619
194     186     5     1233
195     117     20     1641
196     11     8     2381
197     136     37     854
198     169     16     3246
199     75     7     779
200     176     27     1344
201     84     45     1729
202     97     14     3449
203     31     28     600
204     162     3     742
205     75     45     2752
206     103     5     416
207     153     9     251
208     174     45     109
209     30     25     2953
210     185     22     43
211     104     17     2381
212     15     21     123
213     78     24     2747
214     32     49     629
215     60     37     3624
216     21     24     248
217     150     22     1485
218     97     26     3485
219     167     23     645
220     38     1     2807
221     125     37     163
222     69     40     3316
223     102     20     188
224     199     4     3362
225     57     43     282
226     177     15     727
227     25     23     88
228     164     44     2557
229     45     38     783
230     124     22     350
231     16     21     1886
232     43     43     802
233     83     28     3632
234     107     32     337
235     63     6     2839
236     71     23     164
237     18     24     2050
238     121     27     225
239     5     20     2266
240     88     20     822
241     25     42     2858
242     56     26     573
243     143     18     2092
244     76     34     854
245     27     33     239
246     108     25     2757
247     30     8     599
248     32     43     1916
249     165     7     809
250     48     40     3176
251     4     26     681
252     126     5     2530
253     172     18     450
254     137     36     686
255     187     9     1108
256     26     32     2974
257     76     2     546
258     4     39     3112
259     199     46     384
260     174     26     2372
261     98     42     173
262     164     9     1651
263     57     27     2116
264     38     28     602
265     91     6     3486
266     15     42     280
267     77     1     2904
268     6     16     737
269     161     28     609
270     98     19     2339
271     125     14     29
272     183     21     3047
273     169     23     776
274     114     34     2203
275     188     10     721
276     156     19     2741
277     83     10     587
278     23     14     938
279     146     49     374
280     117     27     3236
281     193     44     118
282     127     10     1637
283     4     31     1832
284     196     28     1335
285     8     22     2466
286     6     21     793
287     74     32     3484
288     126     21     182
289     160     6     1950
290     12     16     857
291     11     13     1456
292     60     43     1825
293     121     16     2883
294     47     49     37
295     144     29     1929
296     91     29     571
297     108     38     406
298     135     34     1309
299     162     12     1331
300     144     18     1998
