1     21     1     2098
2     57     18     480
3     172     5     2190
4     157     24     769
5     110     9     3150
6     120     35     598
7     88     48     2448
8     96     46     266
9     25     30     431
10     78     13     173
11     155     20     2973
12     87     42     178
13     74     34     397
14     30     33     466
15     161     21     3049
16     133     35     668
17     27     31     2091
18     35     42     721
19     43     4     1716
20     32     22     2112
21     186     1     675
22     102     27     1353
23     124     44     1787
24     55     47     224
25     159     17     3333
26     146     11     469
27     163     43     348
28     96     21     2335
29     42     49     870
30     168     38     486
31     8     21     2912
32     10     22     397
33     113     12     1497
34     50     48     1988
35     173     37     804
36     64     35     855
37     26     7     1634
38     88     45     1908
39     181     27     825
40     60     46     1981
41     102     4     482
42     116     49     3525
43     7     10     268
44     197     11     561
45     111     19     1378
46     92     11     2407
47     114     24     4
48     111     39     151
49     59     2     2304
50     68     3     147
51     114     3     320
52     123     14     3206
53     165     9     815
54     29     15     351
55     6     44     1982
56     170     4     107
57     75     6     636
58     122     27     2818
59     113     22     24
60     182     33     1840
61     125     18     269
62     160     11     1366
63     17     27     1564
64     3     24     1714
65     85     42     13
66     159     44     1674
67     6     26     1243
68     79     33     1322
69     10     45     3498
70     167     29     306
71     91     29     2064
72     74     8     870
73     18     38     2492
74     87     45     300
75     144     5     1494
76     36     20     1627
77     138     29     140
78     178     48     3028
79     10     32     795
80     183     4     863
81     37     18     538
82     81     6     3439
83     183     26     875
84     62     15     1930
85     68     44     504
86     45     30     2795
87     91     5     10
88     199     36     145
89     115     46     2294
90     43     7     250
91     92     23     2683
92     197     5     446
93     13     42     1363
94     38     11     2117
95     83     14     802
96     168     13     67
97     193     18     654
98     117     29     1413
99     44     45     724
100     132     20     2231
101     15     45     591
102     136     34     623
103     33     13     1599
104     109     13     22
105     94     15     2201
106     132     8     874
107     132     14     284
108     139     42     2924
109     144     43     47
110     23     43     97
111     36     49     2825
112     81     30     725
113     133     1     3402
114     27     23     611
115     151     48     1178
116     68     28     2586
117     140     41     522
118     41     27     1405
119     81     2     3395
120     2     21     24
121     91     18     497
122     42     18     1108
123     1     3     687
124     83     35     2128
125     181     36     603
126     137     39     1444
127     58     44     1999
128     90     49     564
129     14     47     1609
130     8     10     3023
131     26     35     470
132     15     26     565
133     89     39     482
134     94     39     873
135     21     27     3510
136     174     2     604
137     161     4     123
138     139     24     2753
139     167     12     100
140     145     34     1904
141     118     39     525
142     179     30     2351
143     45     32     320
144     74     13     790
145     32     22     336
146     11     10     2341
147     198     11     769
148     4     43     2780
149     95     22     761
150     113     46     2436
151     115     41     456
152     186     23     1635
153     63     46     842
154     57     8     2990
155     185     31     321
156     27     12     3152
157     39     17     637
158     31     8     451
159     33     12     757
160     67     32     2819
161     38     48     558
162     159     2     3494
163     176     15     775
164     94     41     1731
165     52     5     2518
166     127     5     520
167     91     47     3126
168     86     29     389
169     174     12     242
170     136     17     3124
171     38     11     740
172     169     10     388
173     44     44     524
174     152     13     886
175     50     2     2173
176     190     7     194
177     74     33     2509
178     59     40     836
179     107     46     858
180     24     42     745
181     86     12     1761
182     121     26     2841
183     167     41     696
184     11     39     2860
185     42     19     710
186     132     22     3379
187     195     11     407
188     88     48     2742
189     67     3     578
190     77     3     639
191     73     18     3465
192     5     48     390
193     31     17     2102
194     33     41     445
195     110     49     1590
196     102     43     396
197     126     39     1653
198     5     4     3507
199     129     3     485
200     84     10     1138
201     145     26     1787
202     17     46     667
203     80     8     3355
204     85     24     250
205     196     6     3087
206     53     10     316
207     78     34     2055
208     132     22     441
209     155     11     2961
210     24     20     123
211     153     25     869
212     64     29     393
213     184     27     1291
214     139     1     5
215     125     32     3099
216     161     18     172
217     142     31     1468
218     49     45     1336
219     36     31     284
220     9     37     2990
221     148     37     447
222     107     42     1700
223     123     5     278
224     125     1     3317
225     130     35     52
226     135     29     2909
227     103     47     518
228     56     1     1540
229     8     25     2962
230     159     26     632
231     47     43     337
232     110     40     191
233     172     8     2650
234     60     45     402
235     31     43     521
236     189     23     327
237     82     19     1048
238     86     44     3214
239     152     3     509
240     114     29     905
241     40     5     592
242     192     26     1551
243     94     5     2922
244     109     41     440
245     43     40     3390
246     41     41     519
247     43     37     1294
248     136     29     1835
249     3     49     666
250     52     26     1614
251     96     47     1066
252     157     3     3134
253     54     29     406
254     14     47     1477
255     1     45     1308
256     17     31     1931
257     120     41     516
258     36     34     595
259     113     28     2283
260     11     8     425
261     125     8     634
262     77     4     3129
263     29     39     110
264     111     36     1864
265     171     22     736
266     117     42     2540
267     124     12     439
268     96     7     2720
269     142     40     103
270     35     11     2780
271     103     22     672
272     130     2     2313
273     69     31     481
274     147     45     1096
275     149     45     2036
276     169     33     650
277     38     1     2248
278     20     45     38
279     158     16     1327
280     39     24     601
281     139     31     2446
282     117     33     836
283     111     22     570
284     164     21     786
285     8     44     1932
286     123     29     486
287     115     36     2749
288     122     3     643
289     79     46     636
290     150     14     3130
291     188     12     857
292     180     18     1986
293     65     28     727
294     5     29     271
295     8     37     869
296     171     20     264
297     108     6     531
298     29     3     2750
299     190     16     346
300     165     15     3121
