30.063     7739     7359.13
30.017     7823     7359.13
30.005     7785     7359.13
30.033     7769     7359.13
30.017     7742     7359.13
30.017     7742     7359.13
30.033     7769     7359.13
30.005     7785     7359.13
30.017     7823     7359.13
30.063     7823     7359.13
             
30.032     7460     7214.63
30.006     7466     7214.63
30.048     7449     7214.63
30.095     7501     7214.63
30.032     7462     7214.63
30.032     7462     7214.63
30.095     7501     7214.63
30.048     7449     7214.63
30.006     7466     7214.63
30.032     7466     7214.63
             
30.017     7921     7623
30.032     7886     7623
30.033     7891     7623
30.079     7891     7623
30.017     7928     7623
30.017     7928     7623
30.079     7891     7623
30.033     7891     7623
30.032     7886     7623
30.032     7921     7623
             
30.017     7561     7348.63
30.048     7565     7348.63
30.032     7626     7348.63
30.017     7600     7348.63
30.079     7598     7348.63
30.079     7598     7348.63
30.017     7600     7348.63
30.032     7626     7348.63
30.048     7565     7348.63
30.048     7565     7348.63
             
30.001     7919     7470.38
30.063     7895     7470.38
30.017     7860     7470.38
30.048     7937     7470.38
30.033     7895     7470.38
30.033     7895     7470.38
30.048     7937     7470.38
30.017     7860     7470.38
30.063     7895     7470.38
30.063     7919     7470.38
             
30.079     7614     7326.25
30.001     7641     7326.25
30.001     7651     7326.25
30.053     7677     7326.25
30.016     7651     7326.25
30.016     7651     7326.25
30.053     7677     7326.25
30.001     7651     7326.25
30.001     7641     7326.25
30.079     7641     7326.25
             
30.048     7749     7424.25
30.083     7734     7424.25
30.017     7726     7424.25
30.032     7722     7424.25
30.033     7735     7424.25
30.033     7735     7424.25
30.032     7722     7424.25
30.017     7726     7424.25
30.083     7734     7424.25
30.083     7749     7424.25
             
30.095     7689     7429.38
30.048     7768     7429.38
30.032     7690     7429.38
30.064     7664     7429.38
30.048     7695     7429.38
30.048     7695     7429.38
30.064     7664     7429.38
30.032     7690     7429.38
30.048     7768     7429.38
30.095     7768     7429.38
             
30.001     7823     7476.88
30.032     7838     7476.88
30.017     7833     7476.88
30.048     7854     7476.88
30.032     7835     7476.88
30.032     7835     7476.88
30.048     7854     7476.88
30.017     7833     7476.88
30.032     7838     7476.88
30.032     7838     7476.88
             
30.064     7837     7549.63
30.016     7877     7549.63
30.032     7848     7549.63
30.048     7865     7549.63
30.095     7866     7549.63
30.095     7866     7549.63
30.048     7865     7549.63
30.032     7848     7549.63
30.016     7877     7549.63
30.064     7877     7549.63
             
