1     155     46     1024
2     152     90     2011
3     173     111     103
4     127     131     1637
5     4     141     74
6     50     24     317
7     151     30     35
8     31     183     938
9     113     130     1469
10     195     61     247
11     97     55     262
12     192     1     1410
13     39     115     278
14     26     188     232
15     65     111     1169
16     180     53     71
17     175     174     1530
18     168     185     91
19     88     138     1998
20     119     199     123
21     13     60     343
22     143     111     161
23     78     12     1290
24     122     38     411
25     191     177     2036
26     97     64     314
27     111     153     1253
28     183     176     234
29     25     158     924
30     73     136     657
31     81     17     1479
32     194     72     460
33     142     157     735
34     171     43     348
35     47     31     185
36     132     168     1985
37     129     142     456
38     148     23     430
39     174     181     1774
40     196     151     331
41     178     2     1820
42     149     137     440
43     14     187     670
44     185     129     2112
45     98     165     155
46     83     126     483
47     74     42     1460
48     145     124     288
49     73     83     669
50     166     45     579
51     22     51     1505
52     165     82     260
53     164     12     1025
54     112     115     1265
55     89     192     479
56     156     82     187
57     30     62     797
58     141     2     654
59     180     82     181
60     80     63     11
61     42     90     1893
62     179     106     340
63     47     180     1008
64     6     66     251
65     12     68     1038
66     108     123     1706
67     52     165     138
68     89     126     1160
69     19     57     63
70     122     69     269
71     35     127     2140
72     132     168     465
73     184     46     1292
74     91     23     140
75     149     30     817
76     12     168     1776
77     39     165     468
78     175     150     1458
79     97     68     457
80     96     160     1773
81     89     180     54
82     173     154     629
83     35     190     1117
84     129     31     275
85     47     171     16
86     189     129     331
87     39     13     1376
88     26     23     307
89     54     45     1061
90     156     35     649
91     150     186     343
92     142     52     1973
93     32     155     12
94     28     27     1713
95     145     125     471
96     104     93     1634
97     190     55     63
98     158     9     516
99     152     59     1378
100     143     164     312
