10.016     4195     4026
10.016     4239     4026
10.016     4239     4026
10.016     4195     4026
10.016     4239     4026
10.016     4239     4026
10.016     4195     4026
10.016     4239     4026
10.016     4239     4026
10.016     4239     4026
             
10.016     4304     4135.8
10.016     4305     4135.8
10.016     4305     4135.8
10.016     4304     4135.8
10.016     4305     4135.8
10.016     4305     4135.8
10.016     4304     4135.8
10.016     4305     4135.8
10.016     4305     4135.8
10.016     4305     4135.8
             
10.016     3881     3725.8
10.016     3910     3725.8
10.016     3910     3725.8
10.016     3881     3725.8
10.016     3910     3725.8
10.016     3910     3725.8
10.016     3881     3725.8
10.016     3910     3725.8
10.016     3910     3725.8
10.016     3910     3725.8
             
10.016     4334     4180.8
10.016     4373     4180.8
10.016     4373     4180.8
10.016     4334     4180.8
10.016     4373     4180.8
10.016     4373     4180.8
10.016     4334     4180.8
10.016     4373     4180.8
10.016     4373     4180.8
10.016     4373     4180.8
             
10.016     3997     3780
10.016     4006     3780
10.016     4006     3780
10.016     3997     3780
10.016     4006     3780
10.016     4006     3780
10.016     3997     3780
10.016     4006     3780
10.016     4006     3780
10.016     4006     3780
             
10.016     4106     3936
10.016     4105     3936
10.016     4105     3936
10.016     4106     3936
10.016     4106     3936
10.016     4106     3936
10.016     4106     3936
10.016     4105     3936
10.016     4105     3936
10.016     4106     3936
             
10.016     4060     3876
10.016     4068     3876
10.016     4068     3876
10.016     4060     3876
10.016     4068     3876
10.016     4068     3876
10.016     4060     3876
10.016     4068     3876
10.016     4068     3876
10.016     4068     3876
             
10.016     3996     3806.8
10.016     3997     3806.8
10.016     3997     3806.8
10.016     3996     3806.8
10.016     3997     3806.8
10.016     3997     3806.8
10.016     3996     3806.8
10.016     3997     3806.8
10.016     3997     3806.8
10.016     3997     3806.8
             
10.016     3997     3874.6
10.016     3999     3874.6
10.016     3999     3874.6
10.016     3997     3874.6
10.016     3999     3874.6
10.016     3999     3874.6
10.016     3997     3874.6
10.016     3999     3874.6
10.016     3999     3874.6
10.016     3999     3874.6
             
10.016     4145     3954
10.016     4143     3954
10.016     4143     3954
10.016     4145     3954
10.016     4145     3954
10.016     4145     3954
10.016     4145     3954
10.016     4143     3954
10.016     4143     3954
10.016     4145     3954
             
