1     77     35     81
2     56     148     1196
3     9     137     1097
4     27     151     3145
5     65     39     653
6     54     143     1517
7     84     29     3053
8     58     188     94
9     6     76     196
10     85     187     2818
11     52     61     573
12     98     92     1712
13     61     105     80
14     82     72     3132
15     61     153     178
16     2     93     2684
17     15     38     382
18     78     56     1029
19     13     21     2020
20     86     1     113
21     56     158     2146
22     8     18     296
23     56     133     1985
24     44     38     443
25     35     176     2820
26     43     98     331
27     32     150     252
28     78     117     1250
29     20     118     563
30     16     13     685
31     27     102     2619
32     50     51     521
33     97     165     1903
34     65     7     590
35     10     105     2779
36     40     118     11
37     23     41     622
38     91     106     2932
39     77     33     402
40     71     99     1171
41     73     119     1542
42     16     175     2043
43     97     17     652
44     63     189     1714
45     36     10     452
46     51     87     2208
47     10     150     415
48     96     73     529
49     39     179     189
50     39     129     317
51     44     27     853
52     53     43     1889
53     48     6     639
54     26     87     1764
55     78     40     430
56     69     119     1480
57     80     198     1911
58     64     30     538
59     72     84     1481
60     34     119     250
61     6     182     874
62     6     199     233
63     89     189     1547
64     60     48     2013
65     95     108     529
66     5     191     2629
67     20     122     75
68     33     23     1524
69     73     61     2628
70     82     178     257
71     58     125     819
72     7     146     998
73     61     106     1805
74     24     74     633
75     66     26     1678
76     30     58     30
77     16     76     1702
78     93     132     622
79     65     34     755
80     84     151     89
81     31     75     2757
82     36     8     275
83     47     93     1370
84     18     171     395
85     11     114     1303
86     36     25     181
87     24     172     2123
88     13     148     750
89     63     82     692
90     45     156     772
91     59     25     1965
92     32     140     15
93     20     16     1160
94     28     137     495
95     57     35     3065
96     90     197     116
97     47     20     1655
98     79     86     652
99     16     189     2665
100     81     89     746
101     28     33     724
102     87     101     1987
103     89     152     760
104     62     129     1472
105     12     5     325
106     51     117     1836
107     68     168     396
108     96     73     1070
109     27     196     1680
110     69     129     762
111     17     141     442
112     3     50     1899
113     13     75     371
114     75     133     1574
115     36     181     568
116     36     2     614
117     30     63     547
118     4     28     253
119     94     164     954
120     9     19     3022
121     85     94     405
122     41     134     2901
123     17     183     44
124     29     119     867
125     56     39     1429
126     49     188     2099
127     71     179     428
128     29     11     312
129     16     142     2460
130     87     145     128
131     64     153     1566
132     73     145     1036
133     71     15     77
134     70     191     668
135     81     44     1019
136     23     15     2169
137     49     94     53
138     71     115     2551
139     58     46     481
140     56     54     2285
141     44     1     655
142     83     128     759
143     26     193     3047
144     24     38     145
145     37     75     1285
146     58     193     2746
147     82     91     599
148     90     5     1799
149     21     110     487
150     47     115     2425
151     57     117     474
152     91     116     1351
153     64     122     2907
154     56     170     225
155     27     139     2531
156     80     82     332
157     24     87     3137
158     59     127     189
159     66     193     41
160     39     65     988
161     5     107     2658
162     6     81     110
163     60     197     589
164     91     141     2125
165     91     18     705
166     90     33     234
167     67     186     2858
168     59     42     153
169     31     65     619
170     79     133     315
171     69     83     2664
172     91     79     585
173     63     186     2148
174     22     165     580
175     50     149     303
176     23     64     2970
177     25     84     296
178     72     171     1346
179     34     198     2754
180     49     65     53
181     69     121     1183
182     70     40     1970
183     64     150     562
184     7     69     834
185     97     113     3084
186     27     52     302
187     11     92     1914
188     18     94     504
189     20     56     2460
190     66     89     610
191     68     19     451
192     84     2     1238
193     14     75     2734
194     47     62     246
195     68     182     111
196     21     185     2835
197     78     90     722
198     31     153     1582
199     3     165     198
200     54     193     1134
201     47     143     2489
202     48     49     709
203     43     100     1405
204     53     55     550
205     21     163     2222
206     5     64     621
207     90     174     265
208     45     116     591
209     2     124     1804
210     13     25     634
211     20     120     2048
212     70     59     723
213     58     111     1675
214     31     113     228
215     38     48     2138
216     61     158     401
217     55     33     1893
218     55     34     471
219     93     39     2953
220     44     13     670
221     47     127     2430
222     91     6     391
223     83     38     841
224     93     4     3074
225     38     9     147
226     80     29     1918
227     45     97     128
228     40     159     2792
229     27     88     85
230     70     96     38
231     75     134     2592
232     21     79     360
233     5     39     445
234     54     174     1022
235     97     43     876
236     77     114     1269
237     54     41     2327
238     86     121     679
239     59     10     761
240     26     159     2013
241     1     54     469
242     26     145     1783
243     65     174     586
244     56     185     2442
245     65     161     465
246     81     168     1635
247     67     172     296
248     86     76     2387
249     6     78     132
250     51     191     1152
251     49     71     1398
252     59     3     1629
253     72     24     563
254     52     47     1355
255     87     194     1579
256     64     191     668
257     83     39     2300
258     57     92     593
259     53     141     2468
260     50     79     423
261     68     54     1582
262     54     121     688
263     93     198     139
264     83     134     500
265     82     52     1950
266     41     68     202
267     54     143     592
268     5     35     2872
269     12     174     778
270     92     35     2610
271     74     83     306
272     59     143     1786
273     73     147     15
274     29     128     1939
275     55     198     481
276     75     137     1328
277     98     171     2804
278     47     147     452
279     24     140     2814
280     41     88     92
281     19     98     395
282     16     115     2129
283     54     46     617
284     69     83     403
285     34     78     3126
286     11     12     591
287     16     162     2259
288     46     4     150
289     63     51     1268
290     4     134     2161
291     78     123     479
292     71     88     3118
293     36     60     316
294     64     196     2375
295     40     24     571
296     60     4     3099
297     69     161     467
298     10     193     59
299     50     3     535
300     2     94     440
301     21     25     690
302     86     15     822
303     96     135     269
304     72     131     2498
305     21     71     789
306     20     133     1229
307     35     28     2956
308     25     51     109
309     27     1     2813
310     34     110     706
311     38     114     573
312     81     93     2565
313     85     101     634
314     1     71     1070
315     40     45     249
316     20     199     542
317     92     151     2035
318     93     74     342
319     28     160     2608
320     9     47     568
321     93     15     375
322     9     29     1090
323     3     51     138
324     71     191     3058
325     20     85     535
326     69     25     2425
327     11     82     586
328     82     199     1490
329     49     41     2897
330     43     58     366
331     71     10     2683
332     5     25     523
333     18     182     1597
334     13     21     105
335     7     167     267
336     91     80     2966
337     87     191     636
338     89     70     2099
339     61     174     741
340     45     131     2645
341     22     171     376
342     19     16     1028
343     68     133     1147
344     61     127     374
345     88     60     600
346     88     96     803
347     28     150     845
348     81     112     485
349     39     54     2252
350     68     88     546
351     36     69     2093
352     49     115     59
353     15     167     640
354     96     145     310
355     30     62     1705
356     60     7     607
357     43     160     1326
358     33     39     1091
359     64     138     1004
360     60     129     2320
361     68     164     743
362     1     74     76
363     89     34     840
364     54     151     609
365     34     4     2538
366     10     42     121
367     30     111     795
368     59     34     2833
369     34     105     157
370     1     8     2850
371     86     16     336
372     55     77     1441
373     89     39     18
374     45     99     404
375     59     173     1816
376     81     16     277
377     87     147     2690
378     73     24     273
379     60     20     865
380     50     132     3133
381     5     107     357
382     37     122     3134
383     29     116     379
384     87     77     1854
385     50     71     452
386     99     66     973
387     98     107     1421
388     72     63     2551
389     91     25     525
390     64     17     2979
391     94     160     442
392     79     27     2346
393     94     117     220
394     84     184     110
395     28     39     1108
396     98     136     391
397     80     148     2547
398     88     111     558
399     90     55     599
400     88     26     1799
401     97     114     49
402     66     122     306
403     9     154     1040
404     18     62     692
405     6     33     1309
406     25     148     91
407     66     192     2212
408     15     112     443
409     3     109     1367
410     31     13     2177
411     73     132     621
412     28     35     1886
413     3     24     659
414     17     199     1144
415     24     49     942
416     32     31     2184
417     16     151     285
418     30     111     437
419     11     185     2422
420     31     3     22
421     73     109     2903
422     40     128     52
423     55     156     2194
424     71     139     573
425     86     21     1126
426     4     169     1247
427     32     33     3121
428     56     66     152
429     27     147     1391
430     33     162     2701
431     51     81     257
432     47     84     1735
433     45     178     458
434     47     21     654
435     69     189     1858
436     37     39     264
437     35     19     618
438     75     194     358
439     9     104     1864
440     12     192     601
441     81     53     474
442     42     181     2361
443     74     69     438
444     88     80     2694
445     41     119     260
446     4     23     1230
447     52     104     2845
448     84     149     554
449     51     28     202
450     95     25     2942
451     94     1     540
452     28     48     3037
453     53     27     597
454     80     159     1539
455     35     64     2754
456     95     154     329
457     39     112     1760
458     88     22     628
459     83     159     2674
460     9     83     265
461     63     119     559
462     20     59     2620
463     14     99     532
464     59     115     179
465     28     136     2914
466     55     116     538
467     61     60     596
468     75     55     5
469     67     45     3002
470     25     26     578
471     81     90     2009
472     45     39     755
473     1     180     2372
474     44     151     573
475     25     99     2542
476     30     42     546
477     4     174     1551
478     13     74     985
479     74     142     2955
480     80     161     244
481     45     151     1323
482     75     23     3086
483     56     177     785
484     81     143     3047
485     81     186     4
486     88     149     2496
487     2     28     550
488     7     140     437
489     56     47     1021
490     11     170     2371
491     81     108     538
492     39     53     2569
493     64     119     517
494     28     75     2547
495     32     30     427
496     96     110     662
497     43     75     715
498     73     150     899
499     69     146     1315
500     57     84     2564
