1       12        7       12
2        7        6        2
3        5        6       14
4        3        7        2
5       10        1        4
6        6        5       13
7        5        9        9
8       14        4        3
9        3        2        6
10        8        5       10
11        9        2        5
12       14        9        2
13       10        9       12
14        9        9       13
15       10        1        8
16       10        2        1
17        9        1       10
18       12        1        8
19       11        7        9
20        4        2        6
21        7        9        0
22        5        4       11
23       12        3        1
24        3        3        6
25        3        8       13
26       14        6        0
27        9        7        0
28       12        6       13
29        7        9        5
30       13        3        2
31        3        8        0
32        8        1       14
33        7        9        8
34        5        8        3
35       11        7        7
36        7        5        8
37        6        2        7
38       11        7        8
39        4        5       13
40       10        6       13
41        9        4       10
42        9        1       12
43        4        7        7
44       14        6        5
45        6        6       11
46       13        8        8
47        5        7        7
48        7        3        0
49       10        5       12
50       15        1        7
