1       15        8       16
2       11        5        3
3        4        7        3
4        4        3        5
5       13        2       12
6        7        4       21
7        9        2        6
8       11        7       14
9        9        7        2
10        8        5       22
11        9        7       23
12        7        3        1
13        4        3       21
14       11        6        4
15       10        8       13
16        9        5        1
17        6        8        6
18        8        8       22
19        9        7        6
20        6        8       22
21       13        3        6
22       15        8       18
23       12        7        0
24       13        8       24
25       11        3       15
26        3        2       17
27       13        2        9
28       12        6        8
29        3        2        8
30        4        3        4
31       13        6       14
32        9        1        3
33        8        5       12
34        3        2        3
35       15        1        8
36        9        4        1
37       11        8        2
38       14        1       21
39       10        4       15
40       12        9        6
41        7        3        5
42        4        1        3
43        3        1        8
44        7        7       22
45       15        5        2
46       11        5       21
47        3        1        7
48        7        2       15
49        9        3       22
50       15        2       11
