1     66     38     1311
2     33     7     264
3     29     45     1822
4     146     31     391
5     68     44     1867
6     128     39     135
7     178     9     196
8     21     35     425
9     181     33     1277
10     57     47     152
11     158     30     483
12     90     7     1986
13     72     11     251
14     183     20     2060
15     8     10     501
16     61     46     1556
17     83     29     246
18     38     12     235
19     18     39     1453
20     154     14     403
21     49     45     1793
22     25     3     24
23     55     5     1691
24     125     42     60
25     192     12     1659
26     51     8     433
27     195     9     2024
28     2     4     178
29     10     28     1393
30     194     42     80
31     28     27     703
32     42     13     1308
33     143     13     216
34     185     36     2091
35     61     40     399
36     180     6     1970
37     149     7     179
38     133     24     1013
39     62     12     1977
40     39     23     124
41     48     17     154
42     125     28     154
43     140     7     1416
44     92     15     116
45     138     46     1623
46     51     6     389
47     100     3     260
48     151     34     816
49     197     27     26
50     132     6     2139
51     8     36     413
52     53     1     1493
53     129     24     413
54     67     48     1200
55     24     48     338
56     112     34     973
57     76     16     332
58     178     18     329
59     8     15     31
60     29     26     525
61     57     7     1374
62     90     13     356
63     116     1     2191
64     9     25     344
65     26     42     1481
66     92     20     188
67     152     36     1869
68     198     13     222
69     83     8     1176
70     124     39     509
71     59     45     1399
72     13     20     142
73     50     10     1293
74     126     13     32
75     55     47     134
76     2     33     285
77     48     14     2222
78     30     30     229
79     183     44     1408
80     138     41     359
81     146     34     514
82     22     32     490
83     38     22     1843
84     141     41     451
85     192     14     758
86     111     31     1944
87     195     8     185
88     94     17     1411
89     72     16     28
90     26     9     573
91     160     14     44
92     9     10     821
93     26     45     1904
94     10     24     245
95     64     32     1491
96     65     5     149
97     171     32     1039
98     76     11     1878
99     21     17     146
100     30     29     2058
101     62     34     169
102     122     7     967
103     132     25     612
104     84     29     1643
105     160     30     156
106     128     18     1257
107     3     37     279
108     33     7     1584
109     172     46     434
110     103     38     1737
111     65     21     361
112     125     24     1020
113     152     23     1770
114     80     39     454
115     27     40     544
116     68     6     383
117     182     39     359
118     36     24     1767
119     7     45     293
120     158     47     462
121     154     3     1734
122     171     34     138
123     54     14     1664
124     68     6     362
125     144     49     2082
126     121     24     59
127     188     20     1123
128     77     4     511
129     101     28     517
130     178     41     310
131     9     3     42
132     10     31     1000
133     111     40     2039
134     5     46     410
135     17     7     1782
136     160     19     184
137     132     45     1319
138     130     9     372
139     17     6     989
140     186     47     899
141     39     43     1133
142     80     29     272
143     104     31     2103
144     62     48     24
145     87     4     869
146     19     16     1861
147     12     18     159
148     99     17     542
149     54     1     1887
150     183     37     128
151     58     41     345
152     163     48     708
153     27     15     1524
154     92     25     105
155     24     42     124
156     146     27     2061
157     9     27     529
158     176     28     1274
159     4     2     328
160     61     36     1114
161     26     11     1823
162     102     19     252
163     147     23     2200
164     25     46     234
165     132     30     547
166     82     14     585
167     196     38     1797
168     28     30     551
169     49     46     367
170     120     47     1255
171     195     29     511
172     188     36     373
173     73     18     21
174     39     47     921
175     104     7     1399
176     18     8     391
177     109     16     759
178     99     27     1261
179     111     11     235
180     62     1     1064
181     133     11     394
182     102     8     1024
183     50     29     670
184     113     22     1383
185     28     16     487
186     145     43     408
187     52     31     1281
188     125     22     419
189     93     38     1932
190     109     4     43
191     40     31     728
192     41     29     366
193     131     7     2006
194     14     48     531
195     162     25     1799
196     49     23     69
197     72     18     2064
198     14     29     467
199     151     41     749
200     26     42     2188
