1     106     29     1923
2     164     25     33
3     166     10     2218
4     30     1     179
5     99     32     154
6     75     6     1541
7     112     6     428
8     56     20     411
9     180     14     2116
10     35     17     455
11     165     43     2506
12     29     43     466
13     185     48     452
14     196     34     1484
15     139     1     241
16     87     42     1259
17     146     45     154
18     21     7     1548
19     181     11     175
20     199     36     203
21     84     40     1734
22     81     21     652
23     146     10     481
24     1     45     541
25     184     32     1756
26     26     41     123
27     70     16     1329
28     29     13     309
29     44     1     2403
30     34     47     133
31     164     32     1322
32     185     20     258
33     7     47     2123
34     178     43     632
35     151     34     1568
36     129     25     388
37     119     1     1154
38     130     17     559
39     9     8     2538
40     59     16     600
41     170     12     187
42     172     8     428
43     60     35     2193
44     150     41     450
45     82     10     1369
46     9     17     247
47     168     42     2410
48     196     40     325
49     143     13     2141
50     126     6     169
51     95     21     1449
52     28     38     285
53     178     7     2569
54     190     14     470
55     195     39     1230
56     15     27     1809
57     21     15     362
58     30     6     774
59     113     35     923
60     169     2     914
61     50     41     2092
62     180     28     245
63     151     21     2129
64     94     9     521
65     157     35     2073
66     95     41     584
67     83     42     2323
68     185     41     364
69     126     9     1004
70     41     23     2549
71     156     25     566
72     152     25     2345
73     186     3     269
74     12     37     212
75     149     9     1194
76     87     20     499
77     140     46     410
78     119     34     2403
79     45     12     481
80     34     22     948
81     168     38     234
82     161     13     719
83     188     14     1276
84     15     39     762
85     15     47     1701
86     39     35     553
87     50     23     1860
88     22     25     497
89     187     44     2463
90     139     49     526
91     56     41     900
92     156     42     1175
93     35     34     1030
94     139     23     2152
95     7     10     578
96     53     32     2193
97     116     2     64
98     170     41     468
99     110     5     567
100     156     12     1433
101     121     49     95
102     194     20     685
103     34     32     1808
104     72     19     319
105     5     18     2113
106     76     34     515
107     133     42     758
108     175     28     2205
109     38     33     521
110     99     37     2313
111     146     16     503
112     183     47     1512
113     76     18     238
114     1     7     1513
115     59     19     154
116     164     24     1128
117     102     16     67
118     190     14     2624
119     109     33     221
120     83     25     1934
121     83     32     186
122     15     26     1574
123     25     49     162
124     140     16     1048
125     8     31     979
126     174     24     1264
127     152     43     1907
128     175     31     584
129     163     26     649
130     195     24     867
131     43     29     427
132     9     45     509
133     178     33     1533
134     112     47     455
135     1     17     2545
136     83     48     440
137     26     28     1434
138     152     43     586
139     58     9     631
140     134     6     1116
141     45     29     939
142     127     40     542
143     89     6     1228
144     56     26     1921
145     86     29     500
146     47     47     2217
147     181     19     520
148     23     25     1789
149     12     22     608
150     73     16     482
151     108     24     236
152     179     17     1066
153     100     44     75
154     29     4     125
155     96     11     1181
156     75     4     922
157     35     4     392
158     95     41     2424
159     170     15     292
160     109     2     1610
161     43     49     614
162     50     19     1413
163     35     37     229
164     119     18     2378
165     70     38     629
166     149     45     1800
167     174     2     102
168     195     17     1278
169     156     17     1414
170     191     21     402
171     175     33     1338
172     168     29     225
173     196     24     2113
174     138     35     112
175     184     24     671
176     157     49     1267
177     73     17     2079
178     162     20     521
179     77     6     1179
180     199     6     9
181     52     23     1085
182     89     41     2399
183     40     25     533
184     74     42     1603
185     126     29     310
186     199     43     2439
187     128     45     79
188     46     8     537
189     122     22     2437
190     132     38     190
191     155     30     608
192     130     12     748
193     184     37     1818
194     65     27     403
195     40     9     1737
196     82     31     239
197     179     21     291
198     46     4     1370
199     43     8     206
200     4     5     1375
