1     72     165     940
2     16     17     1277
3     50     6     51
4     5     11     957
5     4     106     344
6     19     66     1013
7     83     136     436
8     67     46     426
9     96     28     1825
10     35     199     246
11     39     62     808
12     30     178     1700
13     81     69     485
14     70     138     436
15     2     117     573
16     49     141     1755
17     19     140     6
18     78     70     228
19     6     165     315
20     47     101     338
21     83     114     319
22     43     51     1819
23     76     32     465
24     32     154     861
25     76     6     560
26     66     31     514
27     70     45     297
28     41     188     1178
29     20     88     20
30     20     28     115
31     81     82     1420
32     91     190     27
33     40     108     820
34     64     168     1598
35     43     143     440
36     29     26     1598
37     36     132     52
38     88     119     1436
39     91     128     212
40     44     156     1665
41     47     161     173
42     4     118     1509
43     22     27     495
44     75     63     1318
45     67     32     243
46     45     156     1336
47     32     162     349
48     54     194     1344
49     24     45     343
50     98     11     1862
51     60     179     271
52     94     83     967
53     83     68     397
54     30     102     1157
55     5     130     337
56     40     5     1428
57     70     53     24
58     79     59     356
59     67     173     1362
60     40     82     73
61     36     158     1059
62     28     94     120
63     64     182     1757
64     23     117     239
65     16     167     826
66     84     175     451
67     70     142     1386
68     89     100     260
69     40     187     1714
70     88     119     424
71     9     67     1881
72     73     94     48
73     6     162     902
74     58     131     1855
75     33     28     191
76     51     100     1521
77     98     53     368
78     31     181     1021
79     13     131     423
80     37     76     422
81     68     118     55
82     71     36     312
83     28     101     1076
84     78     153     193
85     39     23     1626
86     64     56     158
87     8     77     24
88     25     91     1895
89     35     109     87
90     26     28     949
91     51     38     1190
92     14     136     314
93     68     93     316
94     64     177     198
95     97     103     1881
96     74     143     413
97     5     48     683
98     98     167     1051
99     62     143     54
100     93     145     1395
