1     75     72     2825
2     71     119     485
3     60     7     2677
4     49     102     75
5     73     126     826
6     84     147     1816
7     59     29     27
8     36     41     1476
9     20     133     2083
10     94     41     455
11     95     174     2802
12     33     185     376
13     94     8     2112
14     65     187     280
15     51     85     1759
16     90     53     408
17     93     81     2362
18     59     149     738
19     48     1     2729
20     83     196     229
21     54     94     3113
22     62     105     323
23     49     129     2830
24     44     86     430
25     98     95     624
26     7     49     2761
27     14     65     546
28     37     87     2623
29     92     140     112
30     56     196     1496
31     70     92     340
32     54     38     1468
33     46     180     777
34     49     91     2565
35     35     74     22
36     76     130     1380
37     17     137     2069
38     87     125     770
39     19     72     2943
40     55     177     246
41     92     123     713
42     15     6     1021
43     33     81     819
44     27     76     2372
45     33     135     127
46     67     120     1339
47     10     199     2099
48     48     45     315
49     57     143     905
50     60     70     2452
51     44     87     707
52     79     38     24
53     67     107     2190
54     82     6     688
55     2     45     1672
56     88     178     435
57     29     27     1824
58     95     70     736
59     15     196     1334
60     71     167     2915
61     12     168     171
62     59     66     955
63     2     164     562
64     40     111     483
65     86     140     1585
66     6     135     2362
67     35     56     459
68     40     12     165
69     81     115     598
70     38     173     660
71     57     196     1800
72     81     83     502
73     50     172     1349
74     9     192     1988
75     99     34     315
76     9     105     3178
77     9     188     287
78     84     1     950
79     28     107     285
80     28     48     809
81     20     86     2231
82     79     196     775
83     11     135     97
84     41     45     2044
85     79     26     39
86     81     17     2725
87     18     45     189
88     66     162     322
89     52     185     186
90     22     143     2894
91     28     27     600
92     4     120     2596
93     48     8     23
94     24     42     212
95     18     81     767
96     80     72     412
97     93     193     624
98     21     161     885
99     36     73     2019
100     6     147     219
101     14     118     2020
102     40     142     4
103     1     145     1765
104     20     26     261
105     61     161     165
106     21     13     587
107     20     77     836
108     75     26     143
109     37     23     2564
110     12     60     706
111     53     180     1993
112     27     147     474
113     89     48     704
114     18     91     2169
115     42     55     279
116     83     147     2937
117     35     29     139
118     99     66     1762
119     61     34     255
120     17     105     586
121     8     129     1813
122     8     95     536
123     99     28     2680
124     67     128     621
125     27     153     1477
126     82     50     2706
127     77     80     180
128     61     146     1103
129     95     27     2410
130     99     107     479
131     89     91     1414
132     26     44     509
133     86     77     2844
134     69     72     344
135     31     36     2473
136     37     128     682
137     9     158     644
138     21     45     442
139     33     117     1115
140     55     43     583
141     95     145     2512
142     6     109     232
143     55     80     507
144     59     158     1100
145     93     156     860
146     69     195     1728
147     28     29     366
148     56     9     1796
149     52     114     713
150     34     97     2262
151     8     41     320
152     63     94     1086
153     9     169     2320
154     43     47     588
155     84     89     1000
156     13     5     1717
157     22     71     309
158     89     173     451
159     4     125     2616
160     46     53     148
161     6     67     1593
162     24     126     2893
163     68     107     233
164     37     198     2308
165     34     43     56
166     56     174     1181
167     86     4     2054
168     76     119     540
169     73     159     3026
170     67     59     121
171     28     49     1777
172     84     138     311
173     18     155     2152
174     40     192     110
175     86     90     516
176     11     78     2110
177     36     151     540
178     53     68     2020
179     56     42     752
180     60     21     2814
181     91     90     243
182     17     152     1864
183     78     99     299
184     54     60     2445
185     89     147     631
186     58     133     1735
187     52     14     294
188     52     157     2011
189     54     28     658
190     49     177     259
191     63     125     463
192     94     139     2534
193     24     30     34
194     22     180     1902
195     49     149     19
196     39     116     1665
197     3     46     434
198     69     155     1642
199     66     127     423
200     11     174     381
201     32     92     2234
202     72     37     669
203     29     146     414
204     61     74     185
205     3     167     3130
206     55     23     260
207     40     21     3164
208     96     42     478
209     18     108     2683
210     8     37     637
211     79     108     1303
212     56     21     1398
213     91     55     2397
214     42     132     304
215     52     68     2434
216     54     199     154
217     52     58     1090
218     33     135     559
219     90     169     710
220     51     63     417
221     75     99     2487
222     75     159     460
223     77     101     959
224     3     86     1774
225     34     35     87
226     35     175     151
227     43     152     2334
228     10     108     192
229     31     132     1649
230     62     11     598
231     96     178     1077
232     23     198     2580
233     65     191     564
234     74     171     2969
235     22     160     444
236     56     17     230
237     22     46     1363
238     73     56     1922
239     33     154     274
240     14     41     2109
241     38     77     436
242     17     154     2842
243     89     69     35
244     46     150     823
245     7     153     755
246     18     37     160
247     13     46     256
248     3     129     609
249     87     116     878
250     76     179     2127
251     74     27     531
252     30     19     513
253     51     5     1670
254     69     93     177
255     16     185     2942
256     40     169     632
257     71     152     2768
258     75     79     582
259     81     158     2546
260     14     198     582
261     8     185     1576
262     92     113     810
263     60     38     3010
264     22     97     659
265     87     125     2782
266     92     11     390
267     44     30     130
268     63     70     2451
269     97     137     795
270     12     100     2287
271     53     72     263
272     83     141     512
273     73     2     1036
274     94     107     1426
275     90     3     3012
276     25     181     59
277     81     182     2784
278     82     52     175
279     42     40     402
280     9     45     2881
281     87     178     376
282     43     142     428
283     81     135     1015
284     72     145     117
285     20     4     2115
286     77     16     721
287     51     111     816
288     98     102     1256
289     80     73     37
290     81     197     3140
291     79     16     544
292     52     190     659
293     20     193     2423
294     49     93     764
295     78     18     3021
296     92     58     512
297     22     39     802
298     25     178     2555
299     18     123     389
300     3     1     303
301     17     81     1646
302     70     89     346
303     17     159     2078
304     71     185     326
305     23     21     1318
306     61     66     1700
307     17     183     200
308     31     189     220
309     83     154     194
310     1     195     1935
311     42     132     379
312     97     141     643
313     3     169     2097
314     89     117     690
315     91     38     1533
316     43     7     2581
317     15     169     784
318     55     189     1220
319     56     146     402
320     8     66     2925
321     5     35     264
322     41     76     1569
323     63     132     1821
324     6     80     198
325     68     78     2541
326     19     89     294
327     30     52     351
328     76     107     1520
329     2     192     105
330     65     28     329
331     64     34     2144
332     70     17     603
333     90     42     2421
334     98     105     176
335     92     7     1225
336     6     81     2953
337     24     132     337
338     16     148     694
339     85     74     1541
340     17     192     1807
341     43     84     501
342     49     102     1441
343     62     68     720
344     58     139     761
345     95     17     371
346     46     161     1356
347     76     161     2371
348     66     13     441
349     57     172     1185
350     93     9     311
351     89     21     166
352     55     17     2899
353     60     33     87
354     83     10     3124
355     57     75     554
356     95     148     2872
357     20     105     297
358     24     62     1196
359     3     154     2930
360     99     49     271
361     2     48     389
362     70     19     1223
363     27     177     2824
364     70     162     712
365     67     19     930
366     61     37     1630
367     86     130     747
368     92     42     2648
369     57     148     31
370     65     69     2805
371     93     135     62
372     51     192     364
373     70     67     238
374     82     66     260
375     74     130     1091
376     2     20     256
377     95     159     2128
378     74     139     405
379     81     187     2753
380     83     19     395
381     72     50     864
382     66     177     2710
383     57     72     170
384     4     194     2402
385     4     56     429
386     94     27     2202
387     15     186     424
388     39     109     1588
389     40     79     2386
390     21     148     438
391     82     45     1646
392     64     178     74
393     89     18     1602
394     21     104     57
395     63     41     1234
396     44     123     2513
397     57     159     594
398     79     174     1244
399     50     58     706
400     91     51     1915
401     34     110     268
402     57     8     1476
403     55     28     1829
404     28     161     305
405     18     124     2897
406     59     190     357
407     84     102     2472
408     92     185     75
409     44     153     2506
410     49     1     372
411     73     92     459
412     51     68     1551
413     60     117     565
414     86     109     1128
415     30     35     108
416     21     174     1584
417     37     106     1844
418     62     11     697
419     46     52     607
420     1     99     1704
421     8     186     29
422     54     72     724
423     34     73     1090
424     70     32     1897
425     13     78     720
426     85     50     3012
427     7     127     624
428     91     197     2680
429     76     132     732
430     85     35     667
431     34     142     2462
432     89     125     768
433     59     86     1144
434     25     122     1760
435     16     130     691
436     42     1     1927
437     27     181     199
438     48     147     1662
439     15     160     200
440     6     41     2056
441     83     167     568
442     78     156     448
443     62     46     270
444     70     189     2879
445     7     42     317
446     83     191     1283
447     49     40     1544
448     43     41     2640
449     48     74     227
450     15     171     1844
451     13     185     372
452     38     110     2346
453     95     112     631
454     15     21     785
455     2     198     1936
456     71     156     345
457     86     185     3160
458     24     32     255
459     49     196     1377
460     93     118     1168
461     45     99     1980
462     64     132     386
463     73     107     193
464     20     7     738
465     11     26     1826
466     98     12     705
467     58     110     1727
468     70     73     186
469     42     158     2954
470     30     72     766
471     82     49     2709
472     43     169     404
473     65     33     2811
474     7     133     73
475     68     108     2154
476     19     64     544
477     90     199     44
478     54     167     2782
479     77     191     24
480     53     49     2636
481     71     186     271
482     3     51     418
483     79     171     207
484     85     21     2655
485     88     144     188
486     36     82     379
487     68     177     913
488     41     21     2681
489     22     199     608
490     78     122     1885
491     40     125     667
492     71     97     776
493     69     98     400
494     41     33     1888
495     3     55     200
496     44     89     95
497     32     182     1342
498     78     112     67
499     14     190     3092
500     82     63     162
