1     187     138     513
2     38     157     924
3     90     64     249
4     75     126     573
5     59     169     571
6     183     141     545
7     169     133     782
8     75     196     111
9     72     100     960
10     182     173     189
11     1     43     164
12     22     181     72
13     124     47     661
14     102     127     161
15     105     114     356
16     146     10     278
17     137     157     628
18     155     95     123
19     26     177     1096
20     47     112     157
21     52     19     640
22     198     7     50
23     160     57     508
24     93     169     696
25     143     120     104
26     166     190     252
27     6     155     966
28     66     57     265
29     88     95     1037
30     157     75     27
31     116     39     868
32     2     56     73
33     135     78     967
34     107     100     71
35     93     60     517
36     23     67     845
37     35     160     117
38     32     23     917
39     141     164     87
40     111     62     449
41     71     80     658
42     64     81     232
43     104     125     886
44     180     189     92
45     80     98     259
46     57     9     940
47     177     116     156
48     193     57     395
49     49     48     527
50     105     98     489
51     170     12     1135
52     39     193     52
53     118     155     843
54     78     141     83
55     84     31     1038
56     14     40     232
57     196     106     928
58     105     25     136
59     48     152     635
60     63     127     220
61     35     122     511
62     21     110     1126
63     126     59     270
64     180     88     276
65     115     154     1037
66     160     122     238
67     137     36     607
68     7     88     151
69     32     104     1099
70     74     29     96
71     9     177     554
72     127     154     937
73     32     78     14
74     67     162     644
75     121     35     17
76     133     5     339
77     57     50     848
78     132     29     20
79     6     70     1048
80     133     30     274
81     27     139     464
82     181     146     551
83     99     106     21
84     46     114     907
85     152     103     159
86     170     25     896
87     137     16     221
88     142     48     514
89     53     56     1107
90     37     123     78
91     37     27     465
92     168     68     110
93     14     26     150
94     14     164     651
95     192     147     277
96     45     11     665
97     93     58     133
98     72     167     987
99     50     135     47
100     10     41     715
