10.235     2357     2230.75
10.141     2381     2230.75
10.141     2381     2230.75
10.235     2357     2230.75
10.235     2381     2230.75
10.235     2381     2230.75
10.235     2357     2230.75
10.141     2381     2230.75
10.141     2381     2230.75
10.235     2381     2230.75
             
10.359     2495     2310.13
10.235     2494     2310.13
10.235     2494     2310.13
10.359     2495     2310.13
10.359     2495     2310.13
10.359     2495     2310.13
10.359     2495     2310.13
10.235     2494     2310.13
10.235     2494     2310.13
10.359     2495     2310.13
             
10.344     2618     2392.38
10.610     2639     2392.38
10.610     2639     2392.38
10.344     2618     2392.38
10.610     2639     2392.38
10.610     2639     2392.38
10.344     2618     2392.38
10.610     2639     2392.38
10.610     2639     2392.38
10.610     2639     2392.38
             
10.344     2354     2178.63
10.204     2343     2178.63
10.204     2343     2178.63
10.344     2354     2178.63
10.344     2354     2178.63
10.344     2354     2178.63
10.344     2354     2178.63
10.204     2343     2178.63
10.204     2343     2178.63
10.344     2354     2178.63
             
10.282     2593     2355.5
10.360     2548     2355.5
10.360     2548     2355.5
10.282     2593     2355.5
10.360     2593     2355.5
10.360     2593     2355.5
10.282     2593     2355.5
10.360     2548     2355.5
10.360     2548     2355.5
10.360     2593     2355.5
             
10.547     2566     2360.38
10.172     2549     2360.38
10.172     2549     2360.38
10.547     2566     2360.38
10.547     2566     2360.38
10.547     2566     2360.38
10.547     2566     2360.38
10.172     2549     2360.38
10.172     2549     2360.38
10.547     2566     2360.38
             
10.547     2518     2341.88
10.469     2531     2341.88
10.469     2531     2341.88
10.547     2518     2341.88
10.547     2531     2341.88
10.547     2531     2341.88
10.547     2518     2341.88
10.469     2531     2341.88
10.469     2531     2341.88
10.547     2531     2341.88
             
10.422     2561     2343.5
10.172     2581     2343.5
10.172     2581     2343.5
10.422     2561     2343.5
10.422     2581     2343.5
10.422     2581     2343.5
10.422     2561     2343.5
10.172     2581     2343.5
10.172     2581     2343.5
10.422     2581     2343.5
             
10.031     2354     2175.25
10.032     2363     2175.25
10.032     2363     2175.25
10.031     2354     2175.25
10.032     2363     2175.25
10.032     2363     2175.25
10.031     2354     2175.25
10.032     2363     2175.25
10.032     2363     2175.25
10.032     2363     2175.25
             
10.359     2443     2264.63
10.251     2448     2264.63
10.251     2448     2264.63
10.359     2443     2264.63
10.359     2448     2264.63
10.359     2448     2264.63
10.359     2443     2264.63
10.251     2448     2264.63
10.251     2448     2264.63
10.359     2448     2264.63
             
