1     28     29     621
2     30     152     1349
3     52     81     177
4     42     46     2268
5     69     100     241
6     20     179     216
7     86     137     391
8     38     15     389
9     63     26     2424
10     64     11     618
11     55     163     98
12     62     68     1000
13     50     64     796
14     72     72     847
15     38     3     1530
16     17     53     300
17     94     153     2361
18     76     133     293
19     59     187     619
20     21     39     631
21     1     38     1239
22     3     145     689
23     49     151     458
24     81     170     2349
25     13     8     407
26     93     57     1548
27     79     156     96
28     68     61     1299
29     40     50     225
30     92     152     1031
31     16     111     1523
32     18     189     48
33     88     142     2187
34     86     130     124
35     72     147     844
36     44     68     1319
37     22     58     204
38     44     142     1426
39     48     180     447
40     62     114     2436
41     3     121     542
42     64     177     1404
43     10     145     500
44     1     144     1518
45     62     176     195
46     98     187     465
47     92     26     2289
48     83     15     327
49     33     166     2012
50     8     138     325
51     97     185     2177
52     61     72     9
53     67     30     843
54     20     186     360
55     33     163     560
56     79     42     336
57     47     16     2037
58     58     102     208
59     58     63     220
60     12     178     1981
61     61     12     408
62     16     177     1908
63     16     151     584
64     19     120     2219
65     60     18     162
66     35     120     1927
67     11     139     427
68     87     112     2264
69     43     94     393
70     24     62     252
71     91     173     845
72     52     84     2491
73     66     135     475
74     28     2     372
75     78     107     344
76     33     3     1826
77     10     121     21
78     99     176     1070
79     48     169     2043
80     36     96     254
81     97     190     2356
82     40     105     334
83     64     10     173
84     32     39     1838
85     22     113     571
86     62     131     406
87     74     89     468
88     40     13     977
89     29     135     1522
90     44     58     38
91     94     68     1327
92     98     79     244
93     10     18     127
94     16     133     623
95     64     35     540
96     28     48     432
97     54     146     30
98     51     193     98
99     43     17     275
100     85     5     913
101     14     145     905
102     69     78     1666
103     18     80     299
104     79     128     232
105     46     176     2015
106     86     191     88
107     42     41     986
108     75     112     592
109     53     187     520
110     30     97     1358
111     26     67     263
112     22     192     1279
113     18     7     358
114     96     197     772
115     99     32     1707
116     34     26     339
117     41     114     1119
118     58     5     2473
119     66     192     621
120     31     80     1901
121     58     179     609
122     39     184     1420
123     1     4     155
124     15     83     2178
125     14     182     435
126     55     70     510
127     68     186     1904
128     27     54     578
129     7     119     994
130     75     96     2033
131     59     16     519
132     97     50     203
133     76     173     86
134     21     21     2297
135     76     97     236
136     25     7     1182
137     5     119     626
138     43     70     2227
139     7     137     259
140     50     159     1615
141     98     148     482
142     56     21     60
143     8     102     1320
144     51     101     380
145     7     28     2014
146     67     131     207
147     79     32     2153
148     94     48     565
149     12     64     1479
150     55     175     304
151     53     102     580
152     90     187     2056
153     84     153     297
154     22     181     1759
155     12     91     119
156     57     184     1073
157     63     75     2072
158     79     31     626
159     23     1     1636
160     49     126     284
161     70     191     66
162     34     104     912
163     12     15     1219
164     94     87     960
165     88     45     2438
166     98     3     413
167     20     6     1784
168     6     11     514
169     65     68     22
170     83     172     1349
171     23     59     187
172     6     154     336
173     25     92     2330
174     75     118     218
175     54     122     2009
176     95     98     404
177     18     31     2
178     84     158     1673
179     19     10     553
180     98     116     584
181     2     11     414
182     1     91     1669
183     57     118     454
184     98     89     1724
185     13     180     73
186     55     57     443
187     43     97     2510
188     90     173     33
189     69     66     1188
190     86     191     1762
191     76     22     96
192     78     25     166
193     88     177     332
194     52     28     1747
195     69     47     166
196     54     31     1974
197     81     26     15
198     40     22     2055
199     28     91     581
200     66     67     591
