1     182     140     414
2     198     116     4093
3     109     130     43
4     163     123     4929
5     56     170     874
6     194     14     2083
7     69     166     4375
8     58     57     549
9     55     188     3957
10     196     196     768
11     193     98     4070
12     164     150     378
13     63     24     86
14     121     50     866
15     93     178     4805
16     10     194     268
17     20     7     2428
18     33     138     1046
19     26     124     1632
20     71     119     2692
21     34     187     290
22     56     54     2920
23     168     196     98
24     152     160     605
25     90     129     1676
26     118     128     2776
27     121     20     970
28     5     178     3537
29     194     29     513
30     109     186     46
31     22     49     4238
32     9     182     893
33     25     43     4388
34     27     61     178
35     166     168     3745
36     7     59     742
37     148     74     3073
38     145     46     641
39     87     135     3012
40     158     95     460
41     57     61     2833
42     19     157     720
43     154     198     2335
44     149     180     47
45     5     127     1401
46     154     112     3124
47     85     140     1006
48     84     128     1382
49     57     183     1362
50     123     80     1747
51     177     31     4870
52     116     111     336
53     196     129     2915
54     183     34     119
55     42     114     4780
56     17     87     541
57     68     17     4323
58     160     60     750
59     177     88     4535
60     173     162     527
61     21     169     2392
62     75     188     1496
63     181     84     4831
64     8     178     1074
65     39     40     4322
66     99     64     1059
67     176     44     4034
68     78     89     1096
69     85     27     1856
70     46     76     1639
71     159     119     3329
72     124     63     978
73     42     15     4742
74     39     185     48
75     75     118     2868
76     45     34     926
77     35     3     2088
78     154     77     1816
79     101     11     2510
80     157     134     296
81     111     115     3172
82     7     105     920
83     132     169     1045
84     128     56     2840
85     86     118     796
86     81     177     1999
87     164     112     1267
88     116     19     226
89     197     182     3843
90     94     179     836
91     41     17     565
92     84     75     3379
93     97     147     1190
94     68     3     1554
95     170     30     1405
96     155     155     2139
97     69     130     4500
98     22     95     1206
99     141     70     4315
100     56     147     402
