10.016     10440     10237
10.016     10440     10237
10.016     10440     10237
10.016     10440     10237
10.016     10440     10237
10.016     10440     10237
10.016     10440     10237
10.016     10440     10237
10.016     10440     10237
10.016     10440     10237
             
10.016     12071     11295
10.016     12072     11295
10.016     12071     11295
10.016     12071     11295
10.016     12071     11295
10.016     12071     11295
10.016     12071     11295
10.016     12071     11295
10.016     12072     11295
10.016     12072     11295
             
10.001     10491     10081
10.016     10391     10081
10.016     10391     10081
10.016     10491     10081
10.016     10491     10081
10.016     10491     10081
10.016     10491     10081
10.016     10391     10081
10.016     10391     10081
10.016     10491     10081
             
10.007     10202     9992.5
10.016     10202     9992.5
10.016     10202     9992.5
10.016     10202     9992.5
10.016     10202     9992.5
10.016     10202     9992.5
10.016     10202     9992.5
10.016     10202     9992.5
10.016     10202     9992.5
10.016     10202     9992.5
             
10.006     10260     9961
10.016     10260     9961
10.016     10260     9961
10.016     10260     9961
10.016     10260     9961
10.016     10260     9961
10.016     10260     9961
10.016     10260     9961
10.016     10260     9961
10.016     10260     9961
             
10.005     9970     9661.5
10.016     9970     9661.5
10.016     9970     9661.5
10.016     9970     9661.5
10.016     9970     9661.5
10.016     9970     9661.5
10.016     9970     9661.5
10.016     9970     9661.5
10.016     9970     9661.5
10.016     9970     9661.5
             
10.005     10281     10067
10.016     10281     10067
10.016     10281     10067
10.016     10281     10067
10.016     10281     10067
10.016     10281     10067
10.016     10281     10067
10.016     10281     10067
10.016     10281     10067
10.016     10281     10067
             
10.004     10452     10151.5
10.016     10551     10151.5
10.016     10452     10151.5
10.016     10452     10151.5
10.016     10452     10151.5
10.016     10452     10151.5
10.016     10452     10151.5
10.016     10452     10151.5
10.016     10551     10151.5
10.016     10551     10151.5
             
10.016     9825     9494
10.005     9927     9494
10.016     9828     9494
10.016     9838     9494
10.016     9838     9494
10.016     9838     9494
10.016     9838     9494
10.016     9828     9494
10.005     9927     9494
10.016     9927     9494
             
10.016     10813     10281.5
10.005     10813     10281.5
10.016     10813     10281.5
10.016     10813     10281.5
10.016     10813     10281.5
10.016     10813     10281.5
10.016     10813     10281.5
10.016     10813     10281.5
10.005     10813     10281.5
10.016     10813     10281.5
             
