0.032     350     350
0.035     350     350
0.003     350     350
0.003     350     350
0.035     350     350
0.035     350     350
0.003     350     350
0.003     350     350
0.035     350     350
0.035     350     350
             
0.003     340     340
0.002     340     340
0.003     340     340
0.003     340     340
0.003     340     340
0.003     340     340
0.003     340     340
0.003     340     340
0.002     340     340
0.003     340     340
             
0.033     386     386
0.038     386     386
0.034     386     386
0.034     386     386
0.038     386     386
0.038     386     386
0.034     386     386
0.034     386     386
0.038     386     386
0.038     386     386
             
5     330     322
5     330     322
3.683     322     322
3.683     322     322
5     330     322
5     330     322
3.683     322     322
3.683     322     322
5     330     322
5     330     322
             
5     373     365
5     379     365
1.466     365     365
1.466     365     365
5     379     365
5     379     365
1.466     365     365
1.466     365     365
5     379     365
5     379     365
             
0.103     300     300
0.067     300     300
0.117     300     300
0.117     300     300
0.103     300     300
0.103     300     300
0.117     300     300
0.117     300     300
0.067     300     300
0.103     300     300
             
1.648     341     341
5     349     341
3.075     341     341
3.075     341     341
5     349     341
5     349     341
3.075     341     341
3.075     341     341
5     349     341
5     349     341
             
1.465     373     373
0.084     373     373
1.02     373     373
1.02     373     373
1.465     373     373
1.465     373     373
1.02     373     373
1.02     373     373
0.084     373     373
1.465     373     373
             
5     334     316
5     343     316
5     335     316
5     335     316
5     343     316
5     343     316
5     335     316
5     335     316
5     343     316
5     343     316
             
5     374     353
5     377     353
5     372     353
5     372     353
5     377     353
5     377     353
5     372     353
5     372     353
5     377     353
5     377     353
             
