1     76     10     207
2     1     2     28
3     25     91     8
4     98     86     123
5     72     25     32
6     5     82     168
7     64     17     36
8     16     89     107
9     19     86     81
10     3     55     74
11     95     95     43
12     74     76     2
13     94     2     208
14     69     33     36
15     82     54     81
16     6     90     78
17     67     13     121
18     11     56     198
19     44     84     25
20     28     59     159
21     79     19     38
22     19     44     190
23     61     92     12
24     82     89     42
25     88     29     187
26     2     39     26
27     79     75     197
28     91     72     61
29     63     14     75
30     49     45     206
31     8     45     51
32     10     71     155
33     58     64     10
34     38     26     40
35     99     67     53
36     33     10     247
37     56     16     43
38     87     78     135
39     76     48     25
40     16     27     195
41     12     41     58
42     20     39     78
43     81     99     155
44     74     88     53
45     30     30     181
46     49     71     30
47     51     84     15
48     37     57     218
49     73     73     56
50     55     12     11
