5     907     867.6
5     901     867.6
5.001     910     867.6
5.001     910     867.6
5     907     867.6
5     907     867.6
5.001     910     867.6
5.001     910     867.6
5     901     867.6
5     907     867.6
             
5     807     776.4
5     821     776.4
5     814     776.4
5     814     776.4
5     821     776.4
5     821     776.4
5     814     776.4
5     814     776.4
5     821     776.4
5     821     776.4
             
5     970     910
5.005     970     910
5     969     910
5     969     910
5.005     970     910
5.005     970     910
5     969     910
5     969     910
5.005     970     910
5.005     970     910
             
5     1016     942.6
5.001     1017     942.6
5     1009     942.6
5     1009     942.6
5.001     1017     942.6
5.001     1017     942.6
5     1009     942.6
5     1009     942.6
5.001     1017     942.6
5.001     1017     942.6
             
5.001     917     844.2
5     907     844.2
5     894     844.2
5     894     844.2
5.001     917     844.2
5.001     917     844.2
5     894     844.2
5     894     844.2
5     907     844.2
5.001     917     844.2
             
5     1096     1033.2
5     1099     1033.2
5.001     1090     1033.2
5.001     1090     1033.2
5     1099     1033.2
5     1099     1033.2
5.001     1090     1033.2
5.001     1090     1033.2
5     1099     1033.2
5     1099     1033.2
             
5.001     897     835.8
5     899     835.8
5     894     835.8
5     894     835.8
5.001     899     835.8
5.001     899     835.8
5     894     835.8
5     894     835.8
5     899     835.8
5.001     899     835.8
             
5.001     956     900.8
5     957     900.8
5     961     900.8
5     961     900.8
5.001     957     900.8
5.001     957     900.8
5     961     900.8
5     961     900.8
5     957     900.8
5.001     957     900.8
             
5     954     903
5.007     957     903
5     947     903
5     947     903
5.007     957     903
5.007     957     903
5     947     903
5     947     903
5.007     957     903
5.007     957     903
             
5     961     853.4
5.001     949     853.4
5     954     853.4
5     954     853.4
5.001     961     853.4
5.001     961     853.4
5     954     853.4
5     954     853.4
5.001     949     853.4
5.001     961     853.4
             
