10.125     4981     4798
10.188     4987     4798
10.188     4987     4798
10.125     4981     4798
10.188     4987     4798
10.188     4987     4798
10.125     4981     4798
10.188     4987     4798
10.188     4987     4798
10.188     4987     4798
             
10.641     5113     5000
10.609     5138     5000
10.609     5138     5000
10.641     5113     5000
10.641     5138     5000
10.641     5138     5000
10.641     5113     5000
10.609     5138     5000
10.609     5138     5000
10.641     5138     5000
             
10.594     5640     5326.5
10.109     5637     5326.5
10.109     5637     5326.5
10.594     5640     5326.5
10.594     5640     5326.5
10.594     5640     5326.5
10.594     5640     5326.5
10.109     5637     5326.5
10.109     5637     5326.5
10.594     5640     5326.5
             
10.156     5372     5071
10.610     5301     5071
10.610     5301     5071
10.156     5372     5071
10.610     5372     5071
10.610     5372     5071
10.156     5372     5071
10.610     5301     5071
10.610     5301     5071
10.610     5372     5071
             
10.094     5134     5127
0.016     5127     5127
0.016     5127     5127
10.094     5134     5127
10.094     5134     5127
10.094     5134     5127
10.094     5134     5127
0.016     5127     5127
0.016     5127     5127
10.094     5134     5127
             
10.094     5044     5035
0.015     5035     5035
0.015     5035     5035
10.094     5044     5035
10.094     5044     5035
10.094     5044     5035
10.094     5044     5035
0.015     5035     5035
0.015     5035     5035
10.094     5044     5035
             
10.172     5900     5437.5
10.391     5915     5437.5
10.391     5915     5437.5
10.172     5900     5437.5
10.391     5915     5437.5
10.391     5915     5437.5
10.172     5900     5437.5
10.391     5915     5437.5
10.391     5915     5437.5
10.391     5915     5437.5
             
10.532     5273     5035
10.312     5273     5035
10.312     5273     5035
10.532     5273     5035
10.532     5273     5035
10.532     5273     5035
10.532     5273     5035
10.312     5273     5035
10.312     5273     5035
10.532     5273     5035
             
10.317     4914     4680
10.360     4918     4680
10.360     4918     4680
10.317     4914     4680
10.360     4918     4680
10.360     4918     4680
10.317     4914     4680
10.360     4918     4680
10.360     4918     4680
10.360     4918     4680
             
10.548     5047     4795
10.219     4956     4795
10.219     4956     4795
10.548     5047     4795
10.548     5047     4795
10.548     5047     4795
10.548     5047     4795
10.219     4956     4795
10.219     4956     4795
10.548     5047     4795
             
