1        8        1       30
2        6        4      207
3        3        6        0
4        6        9      258
5       11        7       44
6       11        5      238
7       14        8       57
8        5        5       13
9        4        3       74
10       12        2       63
11       13        3       79
12       14        6      179
13        4        2       23
14        9        3      119
15        6        5      195
16        8        5      211
17        4        9       83
18       13        7      196
19        5        6      205
20       10        7      152
21       12        2       93
22        3        1      141
23        7        7       76
24       10        9      146
25       13        6       58
26        7        9      117
27        8        5        8
28       12        6      163
29       12        2      192
30       10        9      102
31        4        4        6
32        9        3      231
33       14        8       72
34        6        6       97
35        3        5      256
36        8        7      244
37        4        3       12
38       11        4      221
39       11        7      132
40       15        7      108
41        3        6      263
42        4        4      232
43        8        7      157
44       13        7      124
45       13        2       28
46       10        6      142
47       13        4      243
48       11        1       63
49       10        3      216
50       15        7       60
51        6        5      236
52        5        1       91
53       12        3      189
54        6        9      107
55       14        5      173
56       12        7       95
57       10        5      212
58        3        5      229
59       12        3       80
60        3        6      224
61       13        8       81
62        9        4      172
63        6        2       24
64       12        8        0
65       10        1      149
66       11        6       48
67       12        5       18
68       13        9      111
69        4        9      264
70        4        1      181
71        5        2      236
72       12        3       32
73        4        8      154
74        8        9      197
75        4        9       97
76       10        9      106
77        4        8      163
78       15        5      194
79       10        7       86
80       12        7       88
81       10        3       51
82       12        1      259
83        9        4      266
84        7        4      223
85        3        9       85
86       13        4      187
87        9        2      103
88        3        2      153
89       14        3      267
90       15        1       90
91       12        5      226
92        6        6      106
93        8        9       23
94        8        1       66
95       11        4      177
96       13        8      152
97        6        3      138
98       14        1       11
99       12        8      144
100        8        9        6
101       11        3      112
102        8        4      157
103        8        4      137
104        9        7        1
105        9        8       78
106        7        6      221
107       15        2       47
108       12        1      114
109       12        5       34
110       11        7      163
111       10        4       42
112        4        5      114
113        8        9       57
114        5        9      214
115       10        2      141
116        8        4       91
117       12        4      261
118        4        5       20
119        9        2       68
120        4        7      152
121        8        9       74
122       15        9       14
123        6        7      244
124       12        3       79
125        3        1       87
126       10        4       25
127        4        1       44
128        8        5      187
129        9        1      128
130       11        1      250
131       12        4       55
132       10        7      247
133        6        8      151
134        9        4      256
135       13        3      107
136       10        8      244
137       14        1      175
138       10        7       16
139       12        6      136
140       10        1       80
141        4        2      172
142       14        6       52
143        5        1      151
144        7        5      157
145        9        8      133
146        4        7      167
147        7        4       88
148       15        5       92
149       11        7       25
150       13        8      270
151        6        8       91
152       15        8       21
153       15        1       60
154       15        6      251
155        9        1       88
156       10        1      137
157       12        2      164
158       14        7      173
159       15        2      255
160        8        3      127
161        7        8      106
162       14        3      160
163        3        3      154
164       14        7      120
165       14        2      178
166        5        2       47
167       10        9       51
168       11        4      160
169        4        2      205
170        4        2      200
171       14        5       99
172        5        4       86
173       11        3       18
174       15        2      105
175       10        7      172
176        5        2      139
177       13        8       33
178        9        3      210
179        6        1       90
180       15        4      240
181        4        6      242
182        3        3      235
183        3        4        4
184        7        4      194
185        5        8      188
186       12        2      181
187       10        3       56
188        5        8      196
189        6        2       69
190        9        3       92
191       13        8      162
192        5        7      218
193       11        9      182
194        9        1      172
195       12        4      172
196       15        2      225
197       15        8      262
198       10        7      122
199       14        6      103
200       12        5      260
