1     47     36     567
2     43     24     208
3     1     35     662
4     46     12     192
5     37     14     90
6     9     18     870
7     28     32     12
8     15     36     582
9     2     28     91
10     37     11     1022
11     8     26     69
12     28     11     966
13     25     15     7
14     47     24     666
15     22     12     149
16     14     40     283
17     39     16     482
18     13     3     138
19     28     11     884
20     22     22     15
21     33     43     718
22     31     19     191
23     16     24     328
24     20     13     118
25     43     43     699
26     41     10     228
27     5     44     1011
28     46     47     221
29     2     5     1018
30     2     8     71
31     19     34     1018
32     6     8     69
33     26     41     659
34     24     20     225
35     12     2     429
36     31     40     284
37     7     43     426
38     19     18     1019
39     4     30     108
40     36     34     934
41     47     13     92
42     26     45     636
43     30     14     93
44     34     4     121
45     15     24     532
46     47     22     57
47     42     33     415
48     37     1     111
49     39     13     476
50     26     27     341
51     37     12     153
52     22     6     205
53     44     5     162
54     8     25     322
55     30     2     494
56     25     13     125
57     28     19     420
58     13     23     1020
59     32     37     116
60     11     35     630
61     25     23     96
62     36     40     306
63     13     30     559
64     34     30     21
65     23     41     831
66     31     38     157
67     27     4     240
68     35     9     161
69     23     44     163
70     31     41     992
71     28     22     95
72     35     39     3
73     49     11     574
74     43     15     127
75     3     5     116
76     17     31     890
77     17     29     228
78     28     42     643
79     41     11     203
80     49     5     541
81     34     47     179
82     2     30     956
83     1     21     141
84     18     24     848
85     31     45     7
86     1     19     740
87     39     38     27
88     24     45     623
89     27     46     20
90     32     6     336
91     46     44     514
92     34     47     150
93     24     24     255
94     36     15     7
95     12     13     461
96     1     26     805
97     8     3     153
98     39     24     384
99     16     30     311
100     15     5     375
