1     37     22     416
2     35     32     151
3     18     17     613
4     13     36     8
5     20     20     828
6     20     6     193
7     35     33     157
8     23     39     46
9     6     28     735
10     28     21     26
11     17     7     675
12     8     7     84
13     15     26     263
14     35     7     591
15     36     21     44
16     10     19     268
17     39     24     89
18     37     25     171
19     3     28     455
20     8     18     81
21     3     35     240
22     27     34     542
23     32     45     87
24     36     44     650
25     37     3     123
26     5     42     286
27     48     8     673
28     34     24     184
29     29     37     672
30     8     37     202
31     36     29     126
32     44     31     764
33     45     4     116
34     16     10     593
35     21     42     40
36     3     40     421
37     16     33     218
38     16     26     690
39     30     27     180
40     36     10     351
41     4     1     734
42     18     39     125
43     6     12     408
44     18     13     525
45     7     29     96
46     45     18     226
47     18     38     372
48     25     1     286
49     17     17     647
50     28     36     86
51     45     40     675
52     42     47     71
53     20     31     264
54     22     49     793
55     20     49     100
56     30     12     182
57     4     4     369
58     20     42     423
59     47     40     114
60     12     23     184
61     5     18     792
62     30     10     121
63     47     37     605
64     25     21     25
65     21     27     67
66     2     30     569
67     22     9     77
68     6     4     395
69     14     49     616
70     7     35     80
71     42     41     14
72     9     32     309
73     11     8     542
74     9     13     75
75     26     42     671
76     31     46     105
77     15     23     766
78     46     49     168
79     49     45     625
80     17     40     12
81     13     35     476
82     38     13     165
83     16     37     887
84     24     27     84
85     41     14     797
86     4     26     139
87     27     6     821
88     17     10     86
89     28     35     613
90     24     16     189
91     28     43     96
92     14     11     211
93     9     46     720
94     5     25     89
95     3     34     435
96     7     16     758
97     44     35     52
98     30     31     109
99     6     27     426
100     5     25     325
