1     35     20     565
2     24     24     247
3     20     2     379
4     37     5     639
5     1     7     203
6     2     13     723
7     25     13     202
8     37     31     669
9     20     19     49
10     37     4     431
11     13     22     990
12     14     31     100
13     25     3     45
14     30     44     238
15     36     41     505
16     14     17     53
17     18     42     883
18     49     45     227
19     30     5     418
20     45     44     11
21     13     3     449
22     13     14     25
23     20     25     688
24     49     18     218
25     36     23     954
26     44     25     172
27     42     41     796
28     38     25     158
29     18     47     314
30     10     28     196
31     2     33     513
32     8     25     85
33     32     34     444
34     36     15     17
35     18     19     221
36     24     35     573
37     39     23     4
38     40     2     241
39     9     43     500
40     11     31     15
41     18     10     443
42     26     35     747
43     14     2     20
44     17     9     330
45     35     19     562
46     37     27     45
47     19     27     1003
48     33     31     66
49     40     11     124
50     16     33     106
51     42     22     924
52     47     37     161
53     43     28     77
54     26     24     275
55     21     27     695
56     42     13     97
57     3     15     65
58     22     18     462
59     26     5     964
60     12     7     224
61     23     6     640
62     33     35     131
63     32     43     779
64     37     21     108
65     13     1     874
66     13     24     195
67     42     26     778
68     40     21     122
69     18     26     932
70     16     2     203
71     5     12     694
72     43     33     129
73     14     40     854
74     42     18     6
75     21     48     537
76     39     5     189
77     14     26     263
78     29     32     294
79     41     4     945
80     5     15     126
81     25     40     281
82     49     41     964
83     29     31     208
84     7     35     236
85     36     41     372
86     42     45     533
87     36     11     216
88     6     24     98
89     3     4     61
90     35     38     893
91     3     1     218
92     11     30     680
93     10     16     31
94     10     41     707
95     15     19     201
96     45     20     993
97     16     33     94
98     37     14     994
99     7     39     247
100     17     27     567
