10.001     1000     934.2
10.001     1000     934.2
10.001     1000     934.2
10.001     1000     934.2
10.001     1000     934.2
10.001     1000     934.2
10.001     1000     934.2
10.001     1000     934.2
10.001     1000     934.2
10.001     1000     934.2
             
10.001     1032     1026
10.001     1033     1026
10.001     1033     1026
10.001     1032     1026
10.001     1033     1026
10.001     1033     1026
10.001     1032     1026
10.001     1033     1026
10.001     1033     1026
10.001     1033     1026
             
0.027     1059     1059
0.117     1059     1059
0.117     1059     1059
0.027     1059     1059
0.117     1059     1059
0.117     1059     1059
0.027     1059     1059
0.117     1059     1059
0.117     1059     1059
0.117     1059     1059
             
10.001     1072     1038
10.001     1055     1038
10.001     1055     1038
10.001     1072     1038
10.001     1072     1038
10.001     1072     1038
10.001     1072     1038
10.001     1055     1038
10.001     1055     1038
10.001     1072     1038
             
0.807     1020     1020
10.001     1024     1020
10.001     1024     1020
0.807     1020     1020
10.001     1024     1020
10.001     1024     1020
0.807     1020     1020
10.001     1024     1020
10.001     1024     1020
10.001     1024     1020
             
10.001     1106     1016.4
10.001     1092     1016.4
10.001     1092     1016.4
10.001     1106     1016.4
10.001     1106     1016.4
10.001     1106     1016.4
10.001     1106     1016.4
10.001     1092     1016.4
10.001     1092     1016.4
10.001     1106     1016.4
             
10.001     1058     1017
10.001     1043     1017
10.001     1043     1017
10.001     1058     1017
10.001     1058     1017
10.001     1058     1017
10.001     1058     1017
10.001     1043     1017
10.001     1043     1017
10.001     1058     1017
             
10.001     1180     1115
10.001     1180     1115
10.001     1180     1115
10.001     1180     1115
10.001     1180     1115
10.001     1180     1115
10.001     1180     1115
10.001     1180     1115
10.001     1180     1115
10.001     1180     1115
             
10.001     1023     1019
5.345     1019     1019
5.345     1019     1019
10.001     1023     1019
5.345     1023     1019
5.345     1023     1019
10.001     1023     1019
5.345     1019     1019
5.345     1019     1019
5.345     1023     1019
             
10.001     1035     1005
10.001     1023     1005
10.001     1023     1005
10.001     1035     1005
10.001     1035     1005
10.001     1035     1005
10.001     1035     1005
10.001     1023     1005
10.001     1023     1005
10.001     1035     1005
             
