1     66     4     325
2     90     30     5472
3     24     30     760
4     16     7     3481
5     160     29     540
6     58     47     3380
7     114     31     420
8     181     18     5068
9     105     18     783
10     146     45     5349
11     110     13     431
12     198     2     406
13     197     39     3463
14     182     24     119
15     145     13     3678
16     122     25     781
17     177     47     3480
18     8     35     378
19     71     30     2412
20     146     13     318
21     134     19     1427
22     33     14     3275
23     125     25     1272
24     189     27     4254
25     12     17     1247
26     78     9     3540
27     21     32     1185
28     119     8     2691
29     138     37     2041
30     182     8     2965
31     67     13     41
32     197     42     4586
33     27     12     236
34     125     29     1218
35     32     30     1865
36     111     25     3972
37     172     45     592
38     183     46     890
39     34     1     1644
40     173     37     5078
41     97     15     60
42     196     20     3095
43     83     15     67
44     166     1     5306
45     168     2     801
46     145     23     735
47     23     33     1017
48     65     8     786
49     137     32     1708
50     37     37     3874
