5     5596     5562
5.001     5596     5562
5     5596     5562
5     5596     5562
5.001     5596     5562
5.001     5596     5562
5     5596     5562
5     5596     5562
5.001     5596     5562
5     5596     5562
             
5     5420     5117
5.001     5420     5117
5     5420     5117
5     5420     5117
5.001     5420     5117
5.001     5420     5117
5     5420     5117
5     5420     5117
5.001     5420     5117
5     5420     5117
             
5     5557     5150
5.001     5557     5150
5     5557     5150
5     5557     5150
5.001     5557     5150
5.001     5557     5150
5     5557     5150
5     5557     5150
5.001     5557     5150
5     5557     5150
             
5     4762     4610
5.001     4762     4610
5     4766     4610
5     4762     4610
5.001     4762     4610
5.001     4762     4610
5     4762     4610
5     4766     4610
5.001     4762     4610
5     4762     4610
             
5.001     5384     5153
5     5384     5153
5     5384     5153
5     5384     5153
5.001     5394     5153
5.001     5394     5153
5     5384     5153
5     5384     5153
5     5384     5153
5     5384     5153
             
5     5294     5179
5     5294     5179
5.001     5294     5179
5.001     5294     5179
5     5294     5179
5     5294     5179
5.001     5294     5179
5.001     5294     5179
5     5294     5179
5     5294     5179
             
0.015     5208     5208
0.016     5208     5208
0.016     5208     5208
0.016     5208     5208
0.016     5208     5208
0.016     5208     5208
0.016     5208     5208
0.016     5208     5208
0.016     5208     5208
0.015     5208     5208
             
5     5677     5522
5     5677     5522
5.001     5648     5522
5.001     5648     5522
5     5648     5522
5     5648     5522
5.001     5648     5522
5.001     5648     5522
5     5677     5522
5     5677     5522
             
5.001     6556     5827
5     6556     5827
5     6589     5827
5     6556     5827
5.001     6556     5827
5.001     6556     5827
5     6556     5827
5     6589     5827
5     6556     5827
5     6556     5827
             
5     5414     5171
5.001     5414     5171
5     5414     5171
5     5414     5171
5.001     5414     5171
5.001     5414     5171
5     5414     5171
5     5414     5171
5.001     5414     5171
5     5414     5171
             
