5     5596     5562
5.001     5596     5562
5     5729     5562
5     5729     5562
5.001     5596     5562
5.001     5596     5562
5     5729     5562
5     5729     5562
5.001     5596     5562
5.001     5596     5562
             
5     5421     5117
5     5421     5117
5     5420     5117
5     5420     5117
5     5421     5117
5     5421     5117
5     5420     5117
5     5420     5117
5     5421     5117
5     5421     5117
             
5.001     5683     5150
5     5593     5150
5     5659     5150
5     5659     5150
5.001     5683     5150
5.001     5683     5150
5     5659     5150
5     5659     5150
5     5593     5150
5.001     5683     5150
             
5     4774     4610
5     4762     4610
5.001     4813     4610
5.001     4813     4610
5     4774     4610
5     4774     4610
5.001     4813     4610
5.001     4813     4610
5     4762     4610
5     4774     4610
             
5     5473     5153
5.001     5417     5153
5     5451     5153
5     5451     5153
5.001     5473     5153
5.001     5473     5153
5     5451     5153
5     5451     5153
5.001     5417     5153
5.001     5473     5153
             
5     5310     5179
5.001     5287     5179
5     5310     5179
5     5310     5179
5.001     5310     5179
5.001     5310     5179
5     5310     5179
5     5310     5179
5.001     5287     5179
5.001     5310     5179
             
0.469     5208     5208
0.14     5208     5208
0.657     5208     5208
0.657     5208     5208
0.469     5208     5208
0.469     5208     5208
0.657     5208     5208
0.657     5208     5208
0.14     5208     5208
0.469     5208     5208
             
5     5760     5522
5     5735     5522
5.001     5718     5522
5.001     5718     5522
5     5760     5522
5     5760     5522
5.001     5718     5522
5.001     5718     5522
5     5735     5522
5     5760     5522
             
5     6655     5827
5.001     6605     5827
5     6637     5827
5     6637     5827
5.001     6655     5827
5.001     6655     5827
5     6637     5827
5     6637     5827
5.001     6605     5827
5.001     6655     5827
             
5.001     5440     5171
5     5424     5171
5     5506     5171
5     5506     5171
5.001     5440     5171
5.001     5440     5171
5     5506     5171
5     5506     5171
5     5424     5171
5.001     5440     5171
             
