5     5596     5562
5.005     5596     5562
5     5596     5562
5     5596     5562
5.005     5596     5562
5.005     5596     5562
5     5596     5562
5     5596     5562
5.005     5596     5562
5.005     5596     5562
             
5.001     5420     5117
5     5420     5117
5     5420     5117
5     5420     5117
5.001     5420     5117
5.001     5420     5117
5     5420     5117
5     5420     5117
5     5420     5117
5.001     5420     5117
             
5     5557     5150
5.001     5557     5150
5     5563     5150
5     5563     5150
5.001     5557     5150
5.001     5557     5150
5     5563     5150
5     5563     5150
5.001     5557     5150
5.001     5557     5150
             
5     4762     4610
5     4774     4610
5     4762     4610
5     4762     4610
5     4762     4610
5     4762     4610
5     4762     4610
5     4762     4610
5     4774     4610
5     4774     4610
             
5     5384     5153
5.001     5384     5153
5     5384     5153
5     5384     5153
5.001     5394     5153
5.001     5394     5153
5     5384     5153
5     5384     5153
5.001     5384     5153
5.001     5384     5153
             
5     5294     5179
5     5294     5179
5.001     5294     5179
5.001     5294     5179
5     5294     5179
5     5294     5179
5.001     5294     5179
5.001     5294     5179
5     5294     5179
5     5294     5179
             
0.171     5208     5208
0.391     5208     5208
0.219     5208     5208
0.219     5208     5208
0.391     5208     5208
0.391     5208     5208
0.219     5208     5208
0.219     5208     5208
0.391     5208     5208
0.391     5208     5208
             
5     5659     5522
5     5689     5522
5     5689     5522
5     5689     5522
5     5659     5522
5     5659     5522
5     5689     5522
5     5689     5522
5     5689     5522
5     5689     5522
             
5.005     6593     5827
5     6556     5827
5     6593     5827
5     6556     5827
5.005     6556     5827
5.005     6556     5827
5     6556     5827
5     6593     5827
5     6556     5827
5.005     6593     5827
             
5.001     5414     5171
5     5414     5171
5     5414     5171
5     5414     5171
5.001     5414     5171
5.001     5414     5171
5     5414     5171
5     5414     5171
5     5414     5171
5.001     5414     5171
             
