1     23     18     3711
2     28     27     437
3     83     10     3239
4     70     48     1388
5     32     43     3229
6     6     24     4878
7     60     16     1088
8     91     22     3477
9     41     37     654
10     92     49     4999
11     29     37     870
12     81     2     4215
13     59     24     359
14     69     14     6185
15     87     18     358
16     83     16     164
17     48     35     5243
18     19     12     460
19     29     14     4073
20     52     9     779
21     62     43     2710
22     27     35     5975
23     47     30     1206
24     62     21     5840
25     50     43     350
26     63     33     1340
27     98     25     5474
28     29     36     1300
29     15     33     1160
30     8     3     5047
31     33     42     1494
32     91     37     90
33     83     35     1758
34     74     23     204
35     31     29     4690
36     37     42     1396
37     88     11     4369
38     99     13     236
39     50     34     3421
40     54     48     1468
41     92     1     1060
42     40     4     4783
43     5     13     1392
44     86     21     323
45     56     49     4684
46     86     3     143
47     15     27     606
48     89     25     1334
49     48     3     748
50     77     48     372
51     92     11     3931
52     88     32     886
53     60     18     441
54     82     2     3826
55     15     34     1456
56     6     20     4686
57     63     16     529
58     12     16     808
59     43     30     1522
60     24     2     6464
61     61     29     53
62     93     32     3592
63     96     24     137
64     52     49     3946
65     6     14     812
66     45     39     1293
67     40     44     4326
68     12     25     1559
69     50     38     4147
70     2     28     407
71     25     36     3810
72     99     47     1061
73     66     26     5977
74     19     48     448
75     57     38     2299
76     92     33     4966
77     4     22     1136
78     76     26     4182
79     24     37     1568
80     3     15     1591
81     16     46     3068
82     33     15     3942
83     41     11     670
84     56     19     1926
85     81     32     1466
86     92     47     1461
87     19     48     467
88     30     29     1054
89     13     48     888
90     66     35     3882
91     65     14     133
92     30     8     5807
93     84     43     458
94     86     49     35
95     31     3     3118
96     88     49     3688
97     13     8     134
98     86     47     6256
99     32     19     876
100     72     37     572
101     95     8     4177
102     15     33     1543
103     30     2     3476
104     7     9     1460
105     93     4     3480
106     58     32     1524
107     26     6     4436
108     55     16     1467
109     22     40     987
110     48     46     2741
111     47     31     4127
112     78     20     437
113     15     31     482
114     49     44     694
115     6     36     4255
116     65     43     846
117     10     22     1263
118     80     15     3056
119     2     28     5475
120     94     18     987
121     34     31     923
122     33     44     6150
123     97     42     1406
124     81     16     3444
125     72     45     180
126     59     12     103
127     83     23     2186
128     67     29     6415
129     21     24     919
130     95     28     2517
131     53     4     1237
132     14     39     5349
133     27     34     1333
134     44     12     5404
135     73     11     469
136     31     4     4479
137     35     9     283
138     35     47     4269
139     26     33     1396
140     45     20     750
141     89     34     763
142     18     20     1023
143     52     8     4983
144     77     29     1307
145     3     34     3666
146     55     34     246
147     12     23     504
148     90     18     2684
149     11     2     4843
150     99     27     68
151     79     36     195
152     95     45     837
153     18     47     3735
154     96     19     409
155     50     30     5110
156     62     20     1290
157     42     43     2483
158     59     40     869
159     43     10     4432
160     83     46     734
161     36     34     4433
162     21     4     373
163     88     33     2690
164     63     9     2035
165     77     6     6374
166     68     39     413
167     25     7     6123
168     73     9     1025
169     59     6     977
170     33     25     4685
171     68     46     541
172     18     24     278
173     78     31     2114
174     47     40     2533
175     6     11     3588
176     87     18     782
177     92     45     948
178     2     23     151
179     32     24     4429
180     10     14     1354
181     22     10     5440
182     96     42     693
183     67     32     3661
184     96     24     199
185     50     2     1605
186     62     32     1175
187     5     29     3186
188     98     40     5765
189     90     32     1028
190     46     14     5448
191     21     33     576
192     69     36     2539
193     85     6     4634
194     42     32     825
195     94     4     2864
196     35     33     2816
197     54     21     309
198     53     16     5518
199     40     20     481
200     71     46     5855
201     89     13     444
202     31     24     4651
203     61     21     1083
204     65     31     6286
205     59     17     649
206     59     21     2774
207     42     40     5778
208     68     17     627
209     44     34     3759
210     78     45     973
211     81     26     1275
212     94     44     2445
213     97     35     4625
214     66     6     585
215     80     42     342
216     44     4     6262
217     44     7     489
218     74     43     6079
219     24     37     420
220     69     42     5591
221     49     39     159
222     72     2     3632
223     23     21     564
224     40     36     6050
225     18     34     776
226     44     4     4837
227     1     11     198
228     13     43     4165
229     64     18     265
230     64     13     325
231     4     15     496
232     67     27     6035
233     25     12     581
234     57     13     4682
235     4     35     771
236     64     37     1207
237     73     45     2882
238     43     49     1957
239     6     15     379
240     15     47     1821
241     16     43     4499
242     71     38     1048
243     43     20     5270
244     22     11     1549
245     97     38     3213
246     59     10     3272
247     68     45     706
248     13     27     4721
249     64     21     1134
250     58     24     4359
251     77     40     1528
252     27     44     930
253     50     16     2258
254     77     9     5486
255     66     38     483
256     74     14     6444
257     48     17     1459
258     63     12     2421
259     11     40     580
260     38     41     1819
261     77     5     5471
262     33     17     567
263     69     44     5023
264     53     14     239
265     72     39     2405
266     5     39     1050
267     73     27     1509
268     13     37     3612
269     13     7     123
270     30     9     316
271     55     22     3290
272     23     37     843
273     79     22     3747
274     68     19     1021
275     2     34     3849
276     52     14     649
277     84     21     864
278     89     17     5011
279     56     3     1559
280     25     24     5640
281     76     7     1353
282     80     21     4337
283     15     45     87
284     62     16     4026
285     65     49     832
286     15     37     744
287     63     28     5144
288     83     47     1373
289     18     6     5473
290     41     1     1075
291     7     48     4117
292     58     42     943
293     69     30     503
294     67     27     3627
295     12     44     716
296     79     9     3261
297     78     19     1501
298     91     33     6106
299     76     37     835
300     3     13     4176
301     73     4     1480
302     24     11     6153
303     45     46     936
304     25     8     3470
305     12     36     1017
306     95     17     4547
307     40     19     1470
308     45     38     3528
309     83     7     590
310     47     36     5679
311     39     28     1145
312     85     29     4128
313     86     4     312
314     28     33     5500
315     30     33     1429
316     13     45     2890
317     4     36     3490
318     22     33     1180
319     41     19     6237
320     55     46     902
321     32     39     4394
322     98     2     174
323     8     45     1922
324     9     17     1214
325     71     35     1316
326     87     18     6166
327     53     28     10
328     65     44     4563
329     64     18     302
330     46     5     5117
331     38     8     640
332     92     39     22
333     82     48     1729
334     54     45     2216
335     25     44     4040
336     85     42     604
337     60     47     1424
338     69     10     1956
339     70     22     5749
340     66     33     578
341     38     27     2425
342     81     15     3399
343     76     29     1350
344     25     24     6054
345     92     37     333
346     34     45     4573
347     70     34     1385
348     54     14     1690
349     90     21     4608
350     32     25     1045
351     72     28     2223
352     43     42     4170
353     78     48     105
354     72     29     1587
355     36     8     157
356     67     9     5141
357     96     48     896
358     73     10     1962
359     8     14     1671
360     97     35     5727
361     75     28     1378
362     99     5     6176
363     7     47     529
364     70     17     5410
365     70     10     84
366     15     41     1014
367     98     38     3904
368     7     27     907
369     82     9     6236
370     94     40     1
371     98     31     442
372     55     7     1108
373     23     44     4794
374     9     13     1489
375     26     33     4465
376     98     14     377
377     69     34     229
378     70     12     1625
379     99     36     4114
380     23     4     1448
381     84     38     4758
382     54     32     156
383     20     1     6068
384     23     42     428
385     60     42     4321
386     85     31     1137
387     61     16     1179
388     88     19     2919
389     75     8     1480
390     91     42     2600
391     2     24     2374
392     50     3     4907
393     64     14     594
394     29     30     1901
395     19     2     4360
396     5     5     1427
397     28     18     3109
398     42     8     3672
399     62     44     810
400     43     46     3130
401     53     16     5940
402     52     14     1364
403     94     11     5417
404     87     7     787
405     1     14     2164
406     43     43     2820
407     22     31     5081
408     27     5     597
409     32     18     3319
410     41     38     951
411     17     11     6202
412     35     24     980
413     10     20     5174
414     20     12     1347
415     25     47     6232
416     96     27     1263
417     88     12     1176
418     78     23     3588
419     95     44     193
420     17     24     6055
421     25     47     1135
422     85     45     4591
423     39     5     1300
424     67     38     452
425     90     47     270
426     21     26     4214
427     57     47     229
428     12     13     1093
429     8     7     1994
430     97     13     4983
431     57     29     948
432     4     48     3930
433     22     48     1014
434     53     40     3282
435     19     16     132
436     32     8     5992
437     39     14     971
438     61     24     1147
439     54     48     1368
440     22     38     1593
441     86     5     1329
442     34     31     5612
443     20     47     687
444     84     34     2128
445     89     42     1508
446     67     4     6342
447     20     6     892
448     36     13     3396
449     81     6     636
450     76     40     4762
451     18     18     243
452     36     14     5003
453     27     30     1336
454     14     24     3619
455     86     5     135
456     9     39     3882
457     75     14     174
458     91     19     375
459     82     44     4221
460     56     25     461
461     49     7     5807
462     75     21     1226
463     61     37     4992
464     79     48     24
465     72     19     746
466     3     23     5397
467     69     8     1335
468     95     28     5072
469     55     15     615
470     39     47     2078
471     32     22     6281
472     46     39     862
473     5     28     6059
474     3     20     1060
475     31     10     4742
476     46     18     906
477     89     37     6470
478     94     3     169
479     39     11     4487
480     88     38     302
481     17     11     4010
482     87     44     1199
483     33     39     3295
484     8     25     921
485     55     5     25
486     3     15     5518
487     53     49     1346
488     94     36     278
489     84     1     3663
490     85     20     1385
491     13     13     4363
492     30     20     1448
493     91     5     6330
494     94     17     582
495     29     9     1726
496     5     49     1149
497     38     12     1636
498     69     28     1724
499     19     42     3546
500     24     13     1048
