1     21     141     280
2     31     21     690
3     11     96     2119
4     30     46     525
5     18     62     1875
6     25     50     687
7     1     171     1718
8     45     115     629
9     10     96     2104
10     23     108     430
11     5     191     731
12     25     111     1010
13     18     121     1388
14     25     27     102
15     45     136     2109
16     31     171     473
17     42     164     186
18     17     144     2348
19     35     110     648
20     9     138     147
21     29     82     639
22     19     44     1111
23     40     143     1868
24     3     107     532
25     24     160     2077
26     7     43     121
27     38     54     2868
28     6     25     461
29     26     3     911
30     37     99     1172
31     21     168     3091
32     6     132     312
33     4     173     2178
34     2     135     513
35     19     128     249
36     35     43     1801
37     25     132     495
38     18     155     2456
39     47     197     190
40     8     124     1769
41     16     176     466
42     11     165     2831
43     35     15     609
44     1     70     2700
45     25     185     677
46     31     196     797
47     13     166     464
48     22     89     454
49     39     181     1362
50     43     31     2644
51     18     161     212
52     35     85     2189
53     28     142     340
54     33     68     2487
55     23     37     526
56     23     141     1560
57     37     191     638
58     37     69     888
59     41     123     556
60     13     45     800
61     23     168     1293
62     8     59     92
63     43     198     1621
64     42     162     535
65     11     184     2284
66     17     149     136
67     7     28     1107
68     22     170     3060
69     15     10     739
70     11     2     1392
71     34     3     1506
72     32     118     2163
73     13     173     416
74     37     131     2764
75     42     52     215
76     10     14     376
77     20     178     2972
78     30     145     624
79     48     157     2480
80     9     42     614
81     26     181     181
82     43     16     728
83     41     48     12
84     6     107     2787
85     34     8     530
86     46     146     1056
87     28     77     1477
88     37     64     28
89     32     42     2969
90     5     85     713
91     4     143     439
92     41     60     35
93     21     56     694
94     20     92     1381
95     24     43     2936
96     48     5     583
97     13     132     189
98     34     67     1277
99     5     124     2375
100     34     175     476
101     35     106     290
102     25     75     2861
103     41     18     325
104     40     79     473
105     41     194     1062
106     22     99     1340
107     45     163     359
108     40     142     2587
109     11     39     671
110     37     59     2164
111     38     150     262
112     27     109     1058
113     23     70     3083
114     45     20     301
115     39     157     2217
116     34     9     672
117     37     26     410
118     28     88     1953
119     15     59     733
120     15     92     2002
121     36     121     481
122     19     150     2078
123     8     184     104
124     14     148     1040
125     46     11     563
126     37     94     1492
127     4     15     795
128     15     185     429
129     42     1     508
130     9     76     2181
131     44     66     371
132     43     187     183
133     24     79     224
134     19     56     2484
135     6     124     447
136     13     35     2192
137     17     188     754
138     16     141     1444
139     49     121     2687
140     3     165     567
141     7     163     474
142     41     103     455
143     23     178     2450
144     21     125     213
145     47     135     826
146     35     59     2522
147     40     26     105
148     20     55     1121
149     25     183     1669
150     48     168     60
151     17     28     1071
152     21     146     86
153     33     41     2780
154     8     50     483
155     28     142     2879
156     15     32     373
157     23     60     1409
158     8     45     1399
159     28     94     1122
160     27     59     1420
161     25     88     1137
162     30     25     2037
163     19     101     636
164     47     162     3086
165     26     175     118
166     40     173     27
167     18     179     88
168     28     172     1617
169     14     15     739
170     1     7     289
171     19     151     1101
172     40     186     69
173     17     92     277
174     33     163     845
175     35     191     725
176     46     79     711
177     10     99     2263
178     6     182     277
179     26     166     739
180     2     176     1192
181     14     63     3094
182     5     71     97
183     41     68     1579
184     41     59     612
185     49     111     600
186     40     191     860
187     15     77     2080
188     14     152     703
189     41     156     921
190     38     57     863
191     42     44     2958
192     2     180     119
193     32     7     1565
194     42     176     262
195     6     96     379
196     9     8     2390
197     35     88     690
198     41     143     1791
199     17     64     268
200     22     125     2246
201     42     20     479
202     37     77     1566
203     37     123     400
204     36     171     1416
205     17     69     1207
206     9     20     2871
207     34     122     759
208     38     196     1750
209     29     150     141
210     42     26     2190
211     26     29     645
212     6     168     2918
213     41     133     255
214     34     133     1205
215     40     42     2249
216     8     51     655
217     46     184     1443
218     17     46     1709
219     36     143     308
220     46     120     2594
221     14     81     358
222     7     114     2456
223     37     46     448
224     13     105     2213
225     19     51     85
226     30     38     149
227     17     21     2983
228     45     1     459
229     19     166     2638
230     8     158     11
231     33     136     1785
232     1     166     580
233     41     38     95
234     47     184     1614
235     14     47     641
236     13     78     1397
237     47     194     2140
238     22     47     201
239     38     166     2092
240     32     49     674
241     48     27     1735
242     5     171     302
243     35     32     2758
244     42     112     635
245     4     113     2496
246     43     15     586
247     41     48     1481
248     16     89     753
249     9     91     2807
250     12     111     36
251     5     28     2313
252     6     81     460
253     22     88     807
254     33     183     2243
255     1     189     361
256     48     135     886
257     21     85     2038
258     26     169     619
259     2     60     2446
260     8     171     45
261     4     24     2404
262     37     32     81
263     49     38     1376
264     7     110     1804
265     28     43     589
266     26     31     313
267     28     112     1511
268     22     175     2580
269     4     27     723
270     19     168     98
271     34     184     1907
272     49     59     576
273     28     14     3052
274     6     184     234
275     4     30     2025
276     28     3     626
277     27     146     75
278     25     68     99
279     37     84     698
280     10     197     2109
281     3     126     402
282     16     199     2636
283     6     98     575
284     3     151     2819
285     17     22     292
286     39     31     1405
287     40     14     2626
288     39     75     55
289     1     153     2713
290     28     62     642
291     6     153     2770
292     1     112     446
293     33     198     2710
294     14     172     617
295     39     38     771
296     2     169     1357
297     48     99     2234
298     26     25     20
299     43     1     2628
300     7     71     64
301     43     77     503
302     18     54     1329
303     38     145     2928
304     3     123     189
305     42     48     90
306     36     25     1708
307     21     153     634
308     16     27     1398
309     39     163     1133
310     23     155     2714
311     9     72     151
312     17     127     2147
313     27     49     252
314     4     62     2481
315     25     69     206
316     3     108     1462
317     28     122     2275
318     46     179     730
319     9     20     607
320     46     109     667
321     49     194     2517
322     38     181     685
323     22     173     2400
324     23     131     18
325     13     166     2075
326     13     65     308
327     30     62     1209
328     11     124     2990
329     8     191     108
330     20     26     2180
331     49     78     217
332     44     54     1300
333     33     48     341
334     22     125     1129
335     24     12     84
336     14     104     367
337     31     47     2644
338     15     48     548
339     44     55     946
340     15     88     2620
341     36     131     692
342     47     79     204
343     36     29     872
344     29     73     406
345     35     157     2949
346     34     68     180
347     49     127     373
348     47     180     935
349     43     123     1922
350     14     60     321
351     40     40     1519
352     38     165     271
353     28     50     197
354     8     56     2496
355     35     155     605
356     29     79     1464
357     9     153     2998
358     37     191     145
359     19     129     36
360     23     5     2376
361     40     162     299
362     41     103     2832
363     12     4     572
364     28     128     1368
365     28     170     1521
366     40     171     2345
367     43     33     688
368     33     199     454
369     27     192     2171
370     29     43     577
371     48     104     1821
372     2     42     636
373     13     144     2397
374     6     176     501
375     1     133     881
376     5     83     573
377     6     109     1207
378     17     158     1415
379     20     172     1690
380     4     198     307
381     14     29     2072
382     32     145     319
383     30     32     2154
384     3     29     609
385     48     57     1738
386     49     31     290
387     16     1     1173
388     39     142     437
389     9     58     672
390     12     158     2325
391     2     170     36
392     44     23     232
393     10     138     752
394     18     94     2118
395     1     62     263
396     8     187     505
397     49     25     1002
398     11     143     2661
399     18     144     105
400     22     13     2988
401     40     54     362
402     17     115     2850
403     11     10     246
404     12     135     113
405     37     152     220
406     29     7     2240
407     39     146     475
408     22     8     743
409     9     122     975
410     24     143     29
411     38     123     227
412     39     37     359
413     43     91     842
414     48     168     2839
415     40     142     525
416     28     130     143
417     25     133     1249
418     2     20     1972
419     5     20     99
420     13     67     1003
421     14     5     2492
422     16     97     44
423     30     68     1762
424     40     186     113
425     44     128     159
426     23     165     605
427     46     57     3078
428     2     29     452
429     2     133     3029
430     40     18     697
431     7     3     2906
432     1     126     2
433     42     15     2192
434     27     157     305
435     26     163     2930
436     20     1     60
437     8     62     1818
438     44     80     104
439     32     162     220
440     24     179     1103
441     4     116     2431
442     20     103     659
443     11     51     945
444     34     194     790
445     47     156     3066
446     13     18     23
447     1     191     1988
448     46     114     696
449     5     119     156
450     3     44     1202
451     4     194     2442
452     42     67     320
453     15     20     3029
454     27     76     499
455     1     33     1917
456     1     157     738
457     2     114     68
458     5     18     2103
459     4     198     272
460     12     194     2354
461     36     35     333
462     34     141     1334
463     8     162     510
464     10     37     391
465     47     149     2579
466     33     88     508
467     12     38     1811
468     49     107     9
469     36     12     1081
470     36     196     841
471     47     172     326
472     48     147     1005
473     43     101     1059
474     36     153     1281
475     10     122     200
476     7     51     1504
477     30     121     2185
478     44     85     737
479     22     156     2477
480     23     141     196
481     5     104     851
482     24     147     1232
483     24     56     1524
484     9     120     1663
485     12     61     323
486     9     109     225
487     21     163     189
488     46     145     2338
489     6     24     185
490     26     123     1613
491     34     145     76
492     39     20     19
493     28     143     309
494     9     138     2785
495     10     158     232
496     35     197     553
497     31     47     461
498     17     125     2230
499     47     98     681
500     45     153     1356
