50.011     3232     3063
50.028     3232     3063
50.028     3203     3063
50.011     3232     3063
50.028     3232     3063
50.028     3232     3063
50.011     3232     3063
50.028     3232     3063
50.028     3232     3063
50.028     3232     3063
             
50.009     3253     3182
50.045     3253     3182
50.045     3253     3182
50.009     3253     3182
50.045     3253     3182
50.045     3253     3182
50.009     3253     3182
50.045     3253     3182
50.045     3253     3182
50.045     3253     3182
             
50.069     3276     3141
50.055     3276     3141
50.055     3276     3141
50.069     3276     3141
50.069     3276     3141
50.069     3276     3141
50.069     3276     3141
50.055     3276     3141
50.055     3276     3141
50.069     3276     3141
             
50.035     3177     3103
50.012     3177     3103
50.012     3177     3103
50.035     3155     3103
50.035     3177     3103
50.035     3177     3103
50.035     3177     3103
50.012     3177     3103
50.012     3177     3103
50.035     3177     3103
             
50.068     3146     3094
50.036     3146     3094
50.036     3146     3094
50.068     3125     3094
50.068     3146     3094
50.068     3146     3094
50.068     3146     3094
50.036     3146     3094
50.036     3146     3094
50.068     3146     3094
             
50.023     3208     3167
50.020     3208     3167
50.020     3208     3167
50.023     3208     3167
50.023     3208     3167
50.023     3208     3167
50.023     3208     3167
50.020     3208     3167
50.020     3208     3167
50.023     3208     3167
             
50.022     3240     3133
50.035     3240     3133
50.035     3240     3133
50.022     3240     3133
50.035     3240     3133
50.035     3240     3133
50.022     3240     3133
50.035     3240     3133
50.035     3240     3133
50.035     3240     3133
             
50.042     3153     3017
50.016     3139     3017
50.016     3153     3017
50.042     3153     3017
50.042     3153     3017
50.042     3153     3017
50.042     3153     3017
50.016     3153     3017
50.016     3153     3017
50.042     3153     3017
             
50.064     3205     3137
50.080     3191     3137
50.080     3205     3137
50.064     3205     3137
50.080     3205     3137
50.080     3205     3137
50.064     3205     3137
50.080     3205     3137
50.080     3205     3137
50.080     3205     3137
             
50.082     3213     3014.38
50.080     3213     3014.38
50.080     3213     3014.38
50.082     3213     3014.38
50.082     3213     3014.38
50.082     3213     3014.38
50.082     3213     3014.38
50.080     3213     3014.38
50.080     3213     3014.38
50.082     3205     3014.38
             
