50.003     3203     3063
50.016     3208     3063
50.016     3208     3063
50.003     3203     3063
50.016     3208     3063
50.016     3208     3063
50.003     3203     3063
50.016     3208     3063
50.016     3208     3063
50.016     3208     3063
             
50.012     3245     3182
50.005     3250     3182
50.005     3250     3182
50.012     3245     3182
50.012     3250     3182
50.012     3250     3182
50.012     3245     3182
50.005     3250     3182
50.005     3250     3182
50.012     3250     3182
             
50.011     3258     3141
50.016     3264     3141
50.016     3264     3141
50.011     3258     3141
50.016     3264     3141
50.016     3264     3141
50.011     3258     3141
50.016     3264     3141
50.016     3264     3141
50.016     3264     3141
             
50.010     3165     3103
50.003     3160     3103
50.003     3160     3103
50.010     3165     3103
50.010     3165     3103
50.010     3165     3103
50.010     3165     3103
50.003     3160     3103
50.003     3160     3103
50.010     3165     3103
             
50.017     3125     3094
50.010     3123     3094
50.010     3123     3094
50.017     3125     3094
50.017     3125     3094
50.017     3125     3094
50.017     3125     3094
50.010     3123     3094
50.010     3123     3094
50.017     3125     3094
             
50.017     3188     3167
50.004     3183     3167
50.004     3183     3167
50.017     3188     3167
50.017     3188     3167
50.017     3188     3167
50.017     3188     3167
50.004     3183     3167
50.004     3183     3167
50.017     3188     3167
             
50.011     3216     3133
50.009     3213     3133
50.009     3213     3133
50.011     3216     3133
50.011     3216     3133
50.011     3216     3133
50.011     3216     3133
50.009     3213     3133
50.009     3213     3133
50.011     3216     3133
             
50.000     3129     3017
50.008     3124     3017
50.008     3124     3017
50.000     3129     3017
50.008     3129     3017
50.008     3129     3017
50.000     3129     3017
50.008     3124     3017
50.008     3124     3017
50.008     3129     3017
             
50.008     3186     3137
50.015     3191     3137
50.015     3191     3137
50.008     3186     3137
50.015     3191     3137
50.015     3191     3137
50.008     3186     3137
50.015     3191     3137
50.015     3191     3137
50.015     3191     3137
             
50.018     3183     3014.38
50.001     3188     3014.38
50.001     3188     3014.38
50.018     3183     3014.38
50.018     3188     3014.38
50.018     3188     3014.38
50.018     3183     3014.38
50.001     3188     3014.38
50.001     3188     3014.38
50.018     3188     3014.38
             
