30.033     7911     7646.38
30.001     7883     7646.38
30.001     7913     7646.38
30.001     7901     7646.38
30.017     7914     7646.38
30.017     7914     7646.38
30.001     7901     7646.38
30.001     7913     7646.38
30.001     7883     7646.38
30.033     7911     7646.38
             
30.001     7899     7590.13
30.063     7940     7590.13
30.017     7891     7590.13
30.001     7897     7590.13
30.001     7950     7590.13
30.001     7950     7590.13
30.001     7897     7590.13
30.017     7891     7590.13
30.063     7940     7590.13
30.063     7940     7590.13
             
30.017     7344     7124
30.001     7368     7124
30.001     7346     7124
30.017     7328     7124
30.006     7343     7124
30.006     7343     7124
30.017     7328     7124
30.001     7346     7124
30.001     7368     7124
30.017     7368     7124
             
30.016     7463     7227.5
30.001     7460     7227.5
30.006     7456     7227.5
30.001     7431     7227.5
30.017     7451     7227.5
30.017     7451     7227.5
30.001     7431     7227.5
30.006     7456     7227.5
30.001     7460     7227.5
30.016     7463     7227.5
             
30.005     7812     7506.38
30.001     7835     7506.38
30.001     7851     7506.38
30.033     7831     7506.38
30.016     7784     7506.38
30.016     7784     7506.38
30.033     7831     7506.38
30.001     7851     7506.38
30.001     7835     7506.38
30.005     7835     7506.38
             
30.001     7409     7220.75
30.033     7412     7220.75
30.001     7450     7220.75
30.001     7408     7220.75
30.017     7402     7220.75
30.017     7402     7220.75
30.001     7408     7220.75
30.001     7450     7220.75
30.033     7412     7220.75
30.033     7412     7220.75
             
30.001     7660     7335.88
30.017     7633     7335.88
30.001     7638     7335.88
30.033     7604     7335.88
30.032     7658     7335.88
30.032     7658     7335.88
30.033     7604     7335.88
30.001     7638     7335.88
30.017     7633     7335.88
30.017     7660     7335.88
             
30.032     7480     7263.5
30.001     7457     7263.5
30.001     7461     7263.5
30.002     7446     7263.5
30.005     7480     7263.5
30.005     7480     7263.5
30.002     7446     7263.5
30.001     7461     7263.5
30.001     7457     7263.5
30.032     7480     7263.5
             
30.032     7535     7296.75
30.001     7537     7296.75
30.036     7520     7296.75
30.002     7520     7296.75
30.001     7500     7296.75
30.001     7500     7296.75
30.002     7520     7296.75
30.036     7520     7296.75
30.001     7537     7296.75
30.032     7537     7296.75
             
30.033     7647     7513.25
30.005     7695     7513.25
30.016     7714     7513.25
30.017     7695     7513.25
30.017     7707     7513.25
30.017     7707     7513.25
30.017     7695     7513.25
30.016     7714     7513.25
30.005     7695     7513.25
30.033     7695     7513.25
             
