1     64     87     3278
2     52     133     1112
3     20     104     5280
4     19     163     1003
5     52     147     6138
6     52     117     1047
7     12     113     7057
8     52     144     1658
9     96     169     3179
10     35     179     3606
11     2     190     7739
12     96     68     760
13     78     180     5795
14     68     39     1506
15     16     188     7424
16     14     49     622
17     89     126     1176
18     37     20     7944
19     12     91     2256
20     53     157     7892
21     30     70     1854
22     96     44     6264
23     95     50     1977
24     45     130     2043
25     37     80     9451
26     75     6     1895
27     88     194     1254
28     48     18     246
29     62     9     5243
30     4     155     754
31     6     36     1199
32     96     54     8772
33     36     84     1810
34     72     180     1056
35     93     63     8139
36     37     153     1071
37     59     88     662
38     8     37     8309
39     91     118     1942
40     4     40     6675
41     77     29     34
42     48     133     9107
43     29     4     110
44     12     31     1541
45     92     23     6838
46     58     122     981
47     37     149     2497
48     87     75     5912
49     78     65     548
50     30     28     8657
51     4     54     1607
52     32     4     4613
53     67     167     8118
54     66     19     91
55     10     165     9362
56     94     172     2189
57     77     185     4296
58     56     173     4072
59     59     41     1213
60     14     160     5070
61     85     141     807
62     3     162     8435
63     63     117     368
64     56     110     5387
65     45     132     550
66     65     164     9062
67     88     155     1526
68     25     22     8551
69     54     57     861
70     26     182     713
71     91     103     7672
72     84     83     2245
73     6     182     6589
74     14     137     1612
75     74     100     3802
76     19     6     1704
77     4     23     3964
78     64     77     892
79     69     113     4129
80     48     32     6248
81     75     183     1689
82     19     82     2006
83     49     8     5131
84     61     40     368
85     5     127     8693
86     15     3     964
87     62     64     5825
88     57     110     956
89     11     27     455
90     31     2     1257
91     67     46     1898
92     86     145     5612
93     64     131     2364
94     25     3     3649
95     35     164     30
96     15     87     8319
97     14     163     1852
98     75     86     1645
99     75     178     6802
100     83     60     2206
101     60     147     8285
102     67     66     1035
103     15     150     150
104     16     55     6494
105     23     49     1693
106     64     104     8708
107     65     125     931
108     32     145     8046
109     6     160     833
110     66     133     8077
111     60     27     1422
112     47     168     2353
113     93     168     3759
114     82     10     4521
115     71     58     4616
116     64     182     5410
117     24     186     1163
118     82     188     8466
119     63     46     437
120     4     96     8793
121     3     189     1223
122     89     37     58
123     32     11     9114
124     7     116     689
125     33     160     5423
126     46     164     155
127     35     160     179
128     76     174     8127
129     32     148     1840
130     59     35     6419
131     54     195     1014
132     94     45     3687
133     99     151     8377
134     49     162     222
135     10     130     2041
136     19     172     7535
137     94     162     1689
138     77     94     7219
139     7     73     522
140     28     197     6226
141     18     83     330
142     54     112     5935
143     22     42     257
144     45     136     7922
145     64     132     1004
146     88     50     8487
147     86     29     374
148     21     92     7258
149     43     75     639
150     74     40     257
151     60     128     20
152     8     17     6637
153     61     143     2311
154     78     37     546
155     6     132     3668
156     80     177     6955
157     22     41     199
158     95     78     1845
159     84     109     3138
160     24     78     2591
161     11     149     5703
162     7     176     411
163     24     26     2661
164     4     105     5660
165     15     179     561
166     99     148     2019
167     89     67     9146
168     30     195     1716
169     87     182     1540
170     99     18     8667
171     89     32     1527
172     77     17     4613
173     12     172     3939
174     44     108     5307
175     6     46     139
176     64     31     8490
177     21     131     267
178     68     77     3807
179     40     79     3598
180     53     104     6634
181     34     168     2206
182     11     80     3557
183     67     107     7370
184     3     13     81
185     71     8     56
186     45     154     9577
187     19     52     2002
188     57     87     6763
189     5     114     1470
190     34     60     9374
191     91     147     772
192     10     25     4397
193     4     4     1213
194     91     148     5497
195     70     35     601
196     32     44     1024
197     17     7     67
198     36     151     5906
199     2     106     632
200     38     20     729
