1     105     48     9415
2     192     20     19090
3     69     2     4221
4     47     20     7609
5     82     26     4516
6     165     20     8131
7     59     32     12284
8     157     9     2903
9     188     14     17678
10     89     47     2587
11     172     2     5751
12     131     31     11356
13     69     3     414
14     181     18     17707
15     86     18     1423
16     149     39     18437
17     60     20     1044
18     139     36     3394
19     136     9     18420
20     91     33     4986
21     82     2     16688
22     112     37     4921
23     20     39     4708
24     56     14     15661
25     124     37     2949
26     3     24     14447
27     70     19     162
28     189     14     4983
29     57     10     20521
30     131     45     712
31     66     22     15074
32     77     1     1386
33     107     38     162
34     131     36     12576
35     81     35     4915
36     130     3     19451
37     198     25     3750
38     143     18     13761
39     109     38     2142
40     9     46     17816
41     165     2     1947
42     40     38     5316
43     9     2     16416
44     38     25     1981
45     136     26     15909
46     175     41     1728
47     89     11     15080
48     156     32     1148
49     26     7     1868
50     171     28     13666
51     62     34     4626
52     7     2     1153
53     179     31     1464
54     118     37     16263
55     92     15     4901
56     110     4     11816
57     102     44     3633
58     106     11     9704
59     1     17     17802
60     67     35     4862
61     147     9     13745
62     191     33     1758
63     13     30     3040
64     151     34     14308
65     183     12     2276
66     140     20     16799
67     161     21     1096
68     152     36     3498
69     161     35     15865
70     86     2     2071
71     89     23     10282
72     107     32     17660
73     68     31     4306
74     12     28     15353
75     62     14     444
76     151     6     10863
77     93     17     3047
78     123     23     11113
79     197     4     1291
80     128     8     6792
81     22     27     13714
82     88     24     3223
83     122     32     6632
84     149     26     19756
85     24     42     3609
86     24     48     3433
87     58     35     7460
88     168     48     8034
89     69     20     3757
90     197     22     18443
91     111     33     4187
92     174     33     13941
93     56     44     2074
94     128     41     13343
95     146     13     1121
96     24     25     10253
97     27     43     10180
98     25     45     3565
99     148     14     12540
100     92     5     1913
101     123     33     18791
102     191     10     2960
103     176     49     11725
104     43     27     3612
105     135     16     12421
106     59     17     321
107     177     3     3271
108     71     24     3490
109     146     25     12744
110     36     9     3460
111     32     43     11976
112     63     8     913
113     37     36     7572
114     106     6     19529
115     178     6     3662
116     109     2     11661
117     171     6     563
118     166     16     13487
119     36     34     3394
120     173     40     11986
121     139     35     3984
122     159     22     15325
123     13     23     5065
124     30     35     8537
125     175     48     16583
126     158     44     717
127     17     33     18242
128     57     17     1035
129     158     14     17300
130     62     25     1299
131     162     46     19897
132     188     43     4321
133     150     11     17432
134     195     26     3041
135     120     30     15278
136     50     7     2353
137     62     10     4707
138     133     40     19074
139     28     42     450
140     49     33     6990
141     150     15     2755
142     64     38     17433
143     66     19     3392
144     43     40     19388
145     28     34     2691
146     86     30     19847
147     81     6     4353
148     127     8     20404
149     170     1     2674
150     144     38     17628
151     34     48     747
152     136     10     14107
153     55     47     1405
154     177     11     19714
155     93     15     3229
156     1     43     10303
157     46     13     8988
158     123     26     1244
159     155     44     2638
160     52     12     9617
161     52     35     16687
162     148     38     3184
163     72     29     4380
164     120     14     8516
165     141     35     16397
166     46     4     3551
167     76     34     7307
168     111     38     15908
169     129     38     3948
170     188     47     1577
171     89     20     1540
172     180     45     6524
173     148     27     9550
174     83     18     13163
175     122     15     4636
176     38     41     8358
177     171     5     20510
178     50     23     1452
179     179     3     4725
180     107     40     6548
181     191     26     15501
182     131     33     1184
183     52     45     16543
184     36     17     1801
185     126     20     10421
186     190     11     4647
187     104     12     8036
188     34     16     16957
189     133     9     1687
190     4     6     15680
191     149     49     4968
192     14     45     10414
193     21     7     2625
194     157     23     17795
195     87     43     2801
196     192     22     18965
197     23     5     2691
198     193     25     2582
199     39     18     12757
200     21     36     4074
