1     154     1     1863
2     84     12     1131
3     136     30     2856
4     27     26     9053
5     141     34     17974
6     26     22     4503
7     146     20     4702
8     1     43     4936
9     37     45     7812
10     31     16     12031
11     53     44     2547
12     25     45     10414
13     131     4     3469
14     171     31     6549
15     158     11     12466
16     19     46     876
17     41     13     19318
18     8     46     872
19     131     29     19727
20     172     35     215
21     127     34     4805
22     197     22     13360
23     151     43     2684
24     199     3     6092
25     99     11     8446
26     57     6     6896
27     48     32     9307
28     57     35     8749
29     25     29     2654
30     137     38     8675
31     107     40     17348
32     111     38     1798
33     144     14     12037
34     4     22     1726
35     189     4     2772
36     64     44     531
37     84     10     10937
38     145     3     1236
39     28     44     12597
40     64     37     2720
41     179     41     2457
42     87     37     3212
43     102     38     9349
44     39     41     16446
45     19     3     4197
46     87     26     9847
47     148     22     15325
48     175     24     2113
49     78     28     11076
50     59     44     2572
51     107     37     20214
52     128     13     2930
53     137     43     16863
54     129     41     1502
55     136     10     12485
56     14     8     1738
57     132     39     4632
58     197     46     19063
59     151     15     84
60     73     11     11044
61     182     41     3149
62     161     35     20611
63     26     38     2241
64     71     44     10036
65     69     39     9432
66     108     33     13338
67     55     2     1368
68     54     33     377
69     119     46     7091
70     119     47     8585
71     161     10     20116
72     78     37     2895
73     66     15     3218
74     95     4     3921
75     20     12     5060
76     144     16     477
77     176     5     14861
78     49     35     2681
79     129     19     542
80     133     11     17343
81     86     8     2528
82     80     17     134
83     140     5     14260
84     196     11     1085
85     157     28     16396
86     163     22     622
87     30     36     6367
88     61     11     3992
89     121     29     14318
90     182     40     3542
91     153     3     3697
92     74     13     12251
93     97     18     183
94     15     29     17902
95     161     12     1172
96     191     21     5373
97     173     20     17276
98     107     22     2077
99     75     7     11198
100     141     7     834
101     10     28     6994
102     165     23     4119
103     113     13     16976
104     27     31     2964
105     198     10     16979
106     180     43     5098
107     137     46     8524
108     121     15     6521
109     56     29     14678
110     126     34     4152
111     65     24     9506
112     142     1     6290
113     53     41     3905
114     119     35     2257
115     1     47     4301
116     187     23     15107
117     113     47     1784
118     164     6     18311
119     44     23     2366
120     54     2     11
121     197     9     369
122     35     48     16048
123     199     25     432
124     156     10     20581
125     189     8     1886
126     24     10     5011
127     28     31     1437
128     68     22     2521
129     112     20     3076
130     149     9     17298
131     155     45     5096
132     152     47     1261
133     105     6     12168
134     142     26     958
135     15     2     12048
136     121     8     4240
137     102     47     5008
138     32     35     428
139     130     34     6330
140     158     43     10233
141     165     1     10270
142     99     8     14434
143     158     23     2190
144     142     15     5976
145     170     29     3351
146     3     24     114
147     123     40     3098
148     179     46     5427
149     6     48     6770
150     60     38     5750
151     87     13     16220
152     6     6     4946
153     48     30     13609
154     34     49     1763
155     178     48     13855
156     10     2     1823
157     146     40     15826
158     175     4     2416
159     189     9     9077
160     58     18     19074
161     182     39     327
162     32     21     13302
163     180     34     761
164     46     13     18391
165     111     11     4569
166     64     47     9739
167     47     13     16557
168     68     42     3789
169     26     22     1341
170     32     11     12379
171     191     6     5102
172     175     30     5344
173     33     3     11721
174     109     13     3383
175     60     18     5251
176     146     24     18783
177     91     42     3183
178     175     22     7732
179     190     23     4512
180     22     7     18829
181     7     31     809
182     63     2     5288
183     130     23     308
184     88     22     16160
185     124     48     5119
186     3     23     16764
187     176     16     2684
188     190     19     10447
189     83     20     2652
190     115     8     7507
191     194     42     3003
192     40     39     10441
193     78     22     898
194     91     31     6867
195     174     7     8447
196     134     25     8175
197     112     17     10279
198     56     46     4776
199     83     29     12637
200     86     38     1983
