6.547     20718     20718
3.156     20718     20718
3.156     20718     20718
6.547     20718     20718
6.547     20718     20718
6.547     20718     20718
6.547     20718     20718
3.156     20718     20718
3.156     20718     20718
3.156     20718     20718
             
20.079     21042     20477
20.078     20943     20477
20.078     20943     20477
20.079     21042     20477
20.079     20943     20477
20.079     20943     20477
20.079     21042     20477
20.078     20943     20477
20.078     20943     20477
20.078     20943     20477
             
20.032     21689     20884
20.032     21784     20884
20.032     21689     20884
20.032     21689     20884
20.032     21784     20884
20.032     21784     20884
20.032     21689     20884
20.032     21689     20884
20.032     21784     20884
20.032     21689     20884
             
20.037     21214     20681
20.016     21270     20681
20.016     21198     20681
20.037     21214     20681
20.037     21198     20681
20.037     21198     20681
20.037     21214     20681
20.016     21198     20681
20.016     21270     20681
20.016     21214     20681
             
0.437     21096     21096
0.141     21096     21096
0.141     21096     21096
0.437     21096     21096
0.437     21096     21096
0.437     21096     21096
0.437     21096     21096
0.141     21096     21096
0.141     21096     21096
0.141     21096     21096
             
20.032     21545     21408
20.016     21545     21408
20.016     21545     21408
20.032     21545     21408
20.032     21545     21408
20.032     21545     21408
20.032     21545     21408
20.016     21545     21408
20.016     21545     21408
20.016     21545     21408
             
20.021     20543     20024
20.001     20643     20024
20.001     20543     20024
20.021     20543     20024
20.021     20544     20024
20.021     20544     20024
20.021     20543     20024
20.001     20543     20024
20.001     20643     20024
20.001     20543     20024
             
20.047     20787     20772
20.032     20787     20772
20.032     20787     20772
20.047     20787     20772
20.047     20787     20772
20.047     20787     20772
20.047     20787     20772
20.032     20787     20772
20.032     20787     20772
20.032     20787     20772
             
20.048     20868     20004
20.063     20727     20004
20.063     20727     20004
20.048     20727     20004
20.063     20727     20004
20.063     20727     20004
20.048     20727     20004
20.063     20727     20004
20.063     20727     20004
20.048     20727     20004
             
0.047     20232     20232
0.047     20232     20232
0.047     20232     20232
0.047     20232     20232
0.047     20232     20232
0.047     20232     20232
0.047     20232     20232
0.047     20232     20232
0.047     20232     20232
0.047     20232     20232
             
