1     97     127     594
2     64     129     311
3     19     55     365
4     63     64     194
5     38     109     1818
6     55     85     27
7     14     93     193
8     92     183     1294
9     76     178     24
10     43     50     1533
11     90     38     214
12     4     59     953
13     85     120     1844
14     36     87     325
15     26     58     1588
16     64     193     172
17     58     80     1687
18     42     113     219
19     74     16     832
20     28     22     1313
21     6     61     229
22     16     42     1794
23     77     181     143
24     16     159     5
25     78     13     755
26     32     117     992
27     93     99     1709
28     96     34     107
29     25     103     370
30     4     87     125
31     59     89     1459
32     54     64     115
33     94     101     402
34     72     20     1002
35     54     19     265
36     61     84     776
37     21     81     1709
38     32     70     406
39     61     68     1932
40     24     114     63
41     3     125     1432
42     29     13     364
43     8     27     599
44     11     176     1743
45     45     5     315
46     85     22     168
47     52     135     316
48     79     25     1967
49     7     195     107
50     77     152     149
51     4     112     1418
52     3     80     468
53     38     51     971
54     12     197     611
55     3     67     1901
56     21     165     313
57     41     146     500
58     55     43     45
59     15     110     1388
60     50     17     272
61     21     179     1061
62     93     137     102
63     58     139     1576
64     60     13     210
65     9     81     380
66     56     163     303
67     11     174     769
68     55     17     231
69     11     27     1288
70     82     125     145
71     74     42     1332
72     42     158     178
73     26     163     580
74     23     140     580
75     82     143     779
76     87     132     1918
77     81     39     245
78     22     161     1137
79     75     129     413
80     97     199     997
81     56     186     1598
82     9     123     4
83     73     89     1064
84     13     37     318
85     90     107     516
86     57     61     1446
87     12     86     139
88     78     138     1372
89     72     84     455
90     88     119     934
91     96     180     94
92     33     62     1380
93     20     122     243
94     74     133     771
95     81     77     219
96     66     181     269
97     13     152     1029
98     77     155     409
99     19     12     1510
100     44     106     272
101     3     53     1083
102     24     98     400
103     94     160     1793
104     86     16     425
105     45     50     1621
106     59     114     475
107     94     41     1669
108     82     149     298
109     47     70     1147
110     33     29     237
111     18     173     602
112     89     128     98
113     7     123     1246
114     76     164     236
115     23     103     530
116     63     17     541
117     44     150     2016
118     95     42     329
119     19     86     1971
120     29     169     36
121     37     71     534
122     24     63     1082
123     59     88     314
124     18     76     265
125     32     131     791
126     55     86     215
127     18     192     736
128     64     99     473
129     30     175     579
130     24     111     1828
131     29     14     223
132     91     192     1884
133     56     21     261
134     64     89     1922
135     33     87     41
136     83     192     489
137     54     185     1160
138     62     69     400
139     46     143     301
140     36     86     332
141     61     90     574
142     89     172     1802
143     97     147     138
144     32     143     1044
145     57     24     226
146     14     146     188
147     84     93     1805
148     88     79     368
149     47     106     1658
150     75     47     362
151     61     133     463
152     76     133     1407
153     90     73     41
154     70     116     1677
155     46     58     339
156     43     121     381
157     62     190     652
158     76     194     504
159     64     69     632
160     70     156     931
161     73     90     1606
162     98     129     425
163     34     8     454
164     84     188     238
165     82     124     883
166     7     185     695
167     42     40     1906
168     84     138     121
169     79     37     1323
170     65     52     485
171     39     127     712
172     69     68     1867
173     23     156     129
174     19     50     722
175     46     131     894
176     97     146     864
177     79     65     480
178     43     17     343
179     55     105     1456
180     58     100     505
181     32     120     905
182     3     94     833
183     12     102     511
184     69     105     321
185     55     30     552
186     13     187     576
187     8     6     103
188     94     113     171
189     35     199     833
190     36     11     1314
191     75     22     220
192     27     193     1853
193     16     44     189
194     20     52     591
195     27     107     657
196     52     156     811
197     95     131     551
198     95     194     489
199     35     173     1032
200     60     46     301
