1     70     148     566
2     65     160     272
3     37     1     183
4     52     127     422
5     95     37     1089
6     8     40     452
7     26     68     780
8     26     118     279
9     6     58     1810
10     56     176     59
11     37     168     1041
12     91     150     291
13     37     49     1848
14     55     97     53
15     95     73     108
16     76     99     558
17     79     56     1448
18     63     20     156
19     13     30     622
20     20     20     62
21     9     38     694
22     42     64     61
23     15     7     765
24     23     81     389
25     73     85     283
26     35     174     450
27     15     190     391
28     36     74     1017
29     28     28     25
30     35     69     897
31     62     130     762
32     15     112     1003
33     52     147     375
34     51     7     977
35     10     25     1724
36     52     64     345
37     58     26     11
38     24     151     1474
39     20     194     248
40     74     176     501
41     11     3     1856
42     13     56     275
43     74     27     1702
44     16     18     456
45     78     44     1575
46     16     26     248
47     13     198     1905
48     11     157     402
49     96     135     718
50     89     196     1473
51     46     120     26
52     31     106     185
53     22     104     1211
54     7     39     312
55     13     38     233
56     60     47     499
57     52     106     1140
58     50     77     189
59     2     174     628
60     90     169     865
61     59     190     1233
62     89     68     483
63     61     79     421
64     22     33     1327
65     14     147     206
66     57     71     890
67     48     98     1242
68     23     23     32
69     91     48     1914
70     69     73     488
71     35     96     471
72     69     153     237
73     4     176     834
74     74     68     1
75     18     93     1317
76     72     96     289
77     80     112     1114
78     77     45     321
79     66     133     1611
80     7     49     452
81     22     73     37
82     49     44     1226
83     93     62     335
84     60     137     890
85     91     7     1355
86     19     145     209
87     68     139     116
88     26     91     858
89     84     144     761
90     33     18     1263
91     12     3     259
92     31     196     1349
93     54     168     309
94     47     118     27
95     61     131     1007
96     69     45     303
97     94     1     901
98     53     165     1949
99     2     194     254
100     59     86     1445
101     16     4     234
102     32     180     495
103     10     76     1604
104     85     16     45
105     85     23     344
106     86     136     1759
107     16     28     126
108     1     74     663
109     69     101     1142
110     74     120     44
111     99     82     1881
112     39     10     476
113     92     26     1281
114     68     183     397
115     97     12     121
116     56     37     1300
117     57     63     352
118     26     184     1841
119     94     102     403
120     75     155     1667
121     86     152     268
122     54     126     1164
123     18     16     304
124     50     162     555
125     31     28     946
126     70     146     533
127     86     57     891
128     86     97     997
129     35     181     59
130     62     90     954
131     88     192     1315
132     47     98     145
133     62     180     868
134     96     50     1046
135     75     175     287
136     9     56     1773
137     83     61     389
138     79     47     1883
139     36     178     49
140     80     9     261
141     42     176     789
142     46     81     692
143     63     167     1216
144     21     166     152
145     21     66     1691
146     83     23     163
147     92     81     1363
148     7     99     298
149     5     44     458
150     51     158     409
151     56     191     1140
152     34     196     42
153     24     174     1548
154     58     27     105
155     84     12     1428
156     21     38     395
157     32     117     9
158     80     148     1299
159     22     21     209
160     63     33     1548
161     74     176     354
162     49     7     1465
163     16     118     306
164     44     70     242
165     53     134     834
166     78     2     828
167     1     144     757
168     42     8     197
169     57     141     451
170     2     119     1845
171     48     5     22
172     97     22     1750
173     78     11     234
174     65     137     1606
175     2     163     175
176     6     9     243
177     24     47     1515
178     13     11     479
179     17     109     1179
180     4     117     170
181     87     94     1151
182     8     189     21
183     67     165     1816
184     31     159     181
185     47     17     1520
186     91     188     287
187     41     167     1806
188     3     159     408
189     17     170     1039
190     89     7     140
191     35     91     265
192     63     16     1651
193     70     159     171
194     41     8     212
195     39     102     497
196     62     195     919
197     52     71     1029
198     99     106     429
199     95     59     790
200     71     169     1835
