20.019     4224     3990.8
20.002     4202     3990.8
20.002     4202     3990.8
20.019     4224     3990.8
20.019     4224     3990.8
20.019     4224     3990.8
20.019     4224     3990.8
20.002     4202     3990.8
20.002     4202     3990.8
20.019     4224     3990.8
             
20.011     4226     3965.4
20.007     4226     3965.4
20.007     4226     3965.4
20.011     4226     3965.4
20.011     4226     3965.4
20.011     4226     3965.4
20.011     4226     3965.4
20.007     4226     3965.4
20.007     4226     3965.4
20.011     4226     3965.4
             
20.008     4301     4069
20.008     4302     4069
20.008     4302     4069
20.008     4301     4069
20.008     4302     4069
20.008     4302     4069
20.008     4301     4069
20.008     4302     4069
20.008     4302     4069
20.008     4302     4069
             
20.004     4120     3898.4
20.012     4093     3898.4
20.012     4093     3898.4
20.004     4120     3898.4
20.012     4120     3898.4
20.012     4120     3898.4
20.004     4120     3898.4
20.012     4093     3898.4
20.012     4093     3898.4
20.012     4120     3898.4
             
20.002     4169     3964.2
20.009     4169     3964.2
20.009     4169     3964.2
20.002     4169     3964.2
20.009     4169     3964.2
20.009     4169     3964.2
20.002     4169     3964.2
20.009     4169     3964.2
20.009     4169     3964.2
20.009     4169     3964.2
             
20.010     3874     3739.2
20.002     3874     3739.2
20.002     3874     3739.2
20.010     3874     3739.2
20.010     3874     3739.2
20.010     3874     3739.2
20.010     3874     3739.2
20.002     3874     3739.2
20.002     3874     3739.2
20.010     3874     3739.2
             
20.005     4239     3955.2
20.015     4237     3955.2
20.015     4237     3955.2
20.005     4239     3955.2
20.015     4239     3955.2
20.015     4239     3955.2
20.005     4239     3955.2
20.015     4237     3955.2
20.015     4237     3955.2
20.015     4239     3955.2
             
20.011     4307     4021.4
20.009     4297     4021.4
20.009     4297     4021.4
20.011     4307     4021.4
20.011     4307     4021.4
20.011     4307     4021.4
20.011     4307     4021.4
20.009     4297     4021.4
20.009     4297     4021.4
20.011     4307     4021.4
             
20.003     4179     3919
20.008     4179     3919
20.008     4179     3919
20.003     4179     3919
20.008     4179     3919
20.008     4179     3919
20.003     4179     3919
20.008     4179     3919
20.008     4179     3919
20.008     4179     3919
             
20.008     3793     3621.6
20.003     3767     3621.6
20.003     3767     3621.6
20.008     3793     3621.6
20.008     3793     3621.6
20.008     3793     3621.6
20.008     3793     3621.6
20.003     3767     3621.6
20.003     3767     3621.6
20.008     3793     3621.6
             
