1     45     61     106
2     19     133     82
3     14     135     188
4     5     174     2
5     34     70     29
6     5     48     116
7     27     24     248
8     32     54     83
9     5     79     184
10     45     145     61
11     14     28     224
12     34     90     78
13     12     191     31
14     31     81     166
15     18     166     1
16     19     53     327
17     21     132     76
18     41     169     259
19     49     1     53
20     4     51     200
21     49     39     76
22     33     72     65
23     18     149     163
24     40     133     153
25     36     111     325
26     48     90     65
27     33     107     320
28     15     189     52
29     47     1     205
30     10     182     10
31     43     192     82
32     38     178     68
33     33     150     34
34     4     30     114
35     34     62     203
36     34     38     28
37     47     102     254
38     20     3     58
39     41     116     42
40     3     135     60
41     39     79     46
42     19     163     194
43     20     115     78
44     31     161     48
45     20     94     125
46     38     39     329
47     47     112     49
48     34     160     146
49     3     14     101
50     49     149     169
51     43     155     57
52     32     124     225
53     38     70     73
54     31     19     1
55     10     64     223
56     16     146     0
57     24     185     253
58     25     161     62
59     28     30     213
60     42     2     4
61     24     171     252
62     6     31     77
63     36     46     258
64     35     106     8
65     27     164     105
66     32     121     165
67     44     189     255
68     47     9     14
69     46     29     90
70     18     155     192
71     40     61     49
72     34     150     259
73     40     16     21
74     33     9     224
75     39     182     30
76     47     45     155
77     11     138     94
78     38     145     227
79     15     118     67
80     28     5     22
81     40     28     93
82     46     33     179
83     5     167     51
84     19     156     150
85     45     198     53
86     44     56     88
87     9     87     235
88     32     83     23
89     11     50     115
90     10     84     149
91     35     96     270
92     35     128     56
93     33     123     207
94     12     160     1
95     43     89     128
96     17     123     184
97     38     165     52
98     31     47     173
99     3     98     49
100     45     14     59
101     5     6     132
102     24     171     155
103     12     55     40
104     20     71     226
105     30     89     68
106     23     163     318
107     5     109     26
108     7     20     38
109     40     136     3
110     33     195     123
111     33     32     91
112     47     28     234
113     27     92     42
114     29     95     193
115     41     90     30
116     20     127     65
117     44     129     144
118     46     55     227
119     22     199     71
120     31     47     246
121     30     47     4
122     2     81     30
123     19     33     177
124     25     108     76
125     29     118     266
126     46     154     54
127     29     120     83
128     30     33     187
129     27     21     59
130     1     132     85
131     22     30     259
132     7     93     19
133     8     58     2
134     32     98     99
135     41     14     252
136     13     76     26
137     13     144     156
138     22     21     276
139     11     118     61
140     47     33     181
141     30     182     82
142     35     184     120
143     36     135     107
144     45     164     50
145     5     19     153
146     37     148     51
147     18     20     26
148     37     19     199
149     27     15     44
150     16     186     304
151     37     114     47
152     20     56     220
153     7     23     23
154     8     16     79
155     18     48     145
156     3     114     87
157     14     58     331
158     15     108     18
159     10     150     98
160     10     121     146
161     44     109     7
162     23     145     207
163     34     145     28
164     43     26     150
165     7     158     122
166     25     179     301
167     14     71     39
168     44     86     39
169     30     42     329
170     41     117     66
171     24     59     287
172     15     140     28
173     41     3     118
174     26     124     325
175     21     5     44
176     49     176     70
177     9     169     277
178     17     82     35
179     35     12     74
180     45     96     208
181     1     52     80
182     39     156     161
183     29     6     142
184     46     108     50
185     31     87     288
186     25     40     24
187     4     23     307
188     25     68     34
189     14     4     11
190     1     1     4
191     8     34     126
192     13     36     316
193     30     96     80
194     30     11     115
195     4     199     200
196     20     18     25
197     40     192     99
198     17     199     196
199     11     88     62
200     8     123     313
