30.221     7664     7516
30.191     7664     7516
30.191     7640     7516
30.221     7640     7516
30.221     7664     7516
30.221     7664     7516
30.221     7640     7516
30.191     7640     7516
30.191     7664     7516
30.191     7664     7516
             
30.189     7430     7280.5
30.175     7455     7280.5
30.175     7430     7280.5
30.189     7430     7280.5
30.189     7455     7280.5
30.189     7455     7280.5
30.189     7430     7280.5
30.175     7430     7280.5
30.175     7455     7280.5
30.175     7430     7280.5
             
30.126     7346     7223
30.266     7346     7223
30.266     7325     7223
30.126     7346     7223
30.266     7325     7223
30.266     7325     7223
30.126     7346     7223
30.266     7325     7223
30.266     7346     7223
30.126     7346     7223
             
30.192     7613     7465.5
30.003     7613     7465.5
30.003     7613     7465.5
30.192     7613     7465.5
30.192     7613     7465.5
30.192     7613     7465.5
30.192     7613     7465.5
30.003     7613     7465.5
30.003     7613     7465.5
30.003     7613     7465.5
             
30.017     7683     7491
30.205     7707     7491
30.205     7680     7491
30.017     7683     7491
30.205     7684     7491
30.205     7684     7491
30.017     7683     7491
30.205     7680     7491
30.205     7707     7491
30.017     7683     7491
             
30.236     7519     7367.5
30.238     7543     7367.5
30.238     7519     7367.5
30.236     7519     7367.5
30.238     7519     7367.5
30.238     7519     7367.5
30.236     7519     7367.5
30.238     7519     7367.5
30.238     7543     7367.5
30.236     7519     7367.5
             
30.067     7549     7394
30.049     7549     7394
30.049     7549     7394
30.067     7549     7394
30.067     7549     7394
30.067     7549     7394
30.067     7549     7394
30.049     7549     7394
30.049     7549     7394
30.049     7549     7394
             
30.033     7823     7577
30.095     7823     7577
30.095     7823     7577
30.033     7823     7577
30.095     7823     7577
30.095     7823     7577
30.033     7823     7577
30.095     7823     7577
30.095     7823     7577
30.033     7823     7577
             
30.019     7551     7401.5
30.204     7575     7401.5
30.204     7551     7401.5
30.019     7551     7401.5
30.204     7551     7401.5
30.204     7551     7401.5
30.019     7551     7401.5
30.204     7551     7401.5
30.204     7575     7401.5
30.019     7551     7401.5
             
30.048     7504     7354.5
30.080     7502     7354.5
30.080     7502     7354.5
30.048     7495     7354.5
30.080     7502     7354.5
30.080     7502     7354.5
30.048     7495     7354.5
30.080     7502     7354.5
30.080     7502     7354.5
30.048     7502     7354.5
             
