1     21     76     1058
2     10     188     1894
3     75     16     273
4     42     9     1920
5     62     51     612
6     11     28     185
7     39     185     19
8     64     149     64
9     15     169     1486
10     66     17     565
11     77     144     1052
12     4     157     273
13     66     123     1703
14     21     54     400
15     80     61     47
16     92     13     233
17     2     190     1583
18     65     55     407
19     87     25     692
20     22     57     1211
21     30     121     2520
22     84     30     486
23     70     33     308
24     59     114     1194
25     95     118     977
26     89     115     1941
27     98     170     424
28     62     105     1963
29     21     74     558
30     90     101     1682
31     81     79     105
32     80     147     2287
33     27     36     176
34     32     62     2238
35     91     38     287
36     2     79     1427
37     26     18     40
38     92     118     1777
39     47     94     442
40     11     143     594
41     41     140     434
42     81     117     1597
43     88     107     563
44     64     60     1182
45     84     102     195
46     57     7     988
47     10     38     2297
48     9     129     325
49     78     153     2466
50     54     17     222
51     65     54     1326
52     63     161     189
53     12     36     948
54     83     67     1471
55     7     139     272
56     38     139     843
57     76     42     1235
58     40     9     662
59     43     190     2415
60     20     121     491
61     65     125     354
62     14     89     2525
63     55     84     517
64     99     153     75
65     62     49     1031
66     6     177     1490
67     78     24     441
68     56     128     564
69     35     59     1806
70     71     134     413
71     74     6     288
72     57     191     730
73     5     49     1410
74     67     124     541
75     97     38     349
76     36     56     103
77     2     186     653
78     13     93     1390
79     91     194     33
80     41     119     1223
81     67     178     2329
82     16     143     405
83     14     47     1621
84     10     198     609
85     6     199     898
86     40     16     1174
87     70     53     1775
88     80     21     401
89     63     104     984
90     26     110     1498
91     96     168     334
92     46     172     1293
93     21     148     203
94     88     27     1139
95     96     81     1468
96     37     72     187
97     62     1     1021
98     29     198     1051
99     42     131     1437
100     14     107     487
