1     29     36     1427
2     32     95     564
3     90     51     376
4     70     108     233
5     48     92     199
6     73     172     1896
7     41     85     512
8     16     156     496
9     38     44     878
10     56     90     1484
11     52     196     176
12     22     128     355
13     44     33     686
14     14     133     1812
15     44     160     544
16     4     184     369
17     99     127     1725
18     39     74     282
19     15     84     1142
20     21     33     1266
21     96     130     283
22     18     10     238
23     71     37     515
24     84     4     1977
25     5     172     464
26     17     113     1812
27     66     34     177
28     68     183     1048
29     63     3     647
30     45     16     1848
31     39     138     274
32     14     152     1891
33     34     159     281
34     84     27     1498
35     67     193     292
36     54     174     1599
37     67     84     308
38     45     21     2153
39     1     92     246
40     95     158     1362
41     72     88     404
42     1     135     1823
43     65     133     60
44     58     144     771
45     20     11     1498
46     70     92     35
47     93     3     537
48     1     160     580
49     21     89     1274
50     84     150     115
51     1     178     1895
52     25     192     236
53     89     4     566
54     12     127     1309
55     42     147     512
56     81     165     943
57     37     13     1544
58     83     107     228
59     2     178     827
60     62     99     628
61     53     77     150
62     30     62     1981
63     41     164     480
64     94     15     1958
65     7     1     497
66     86     18     548
67     17     148     433
68     90     29     980
69     33     166     1855
70     28     123     402
71     22     71     1271
72     78     99     70
73     37     135     936
74     26     39     559
75     33     72     1480
76     98     112     190
77     48     53     1631
78     91     121     38
79     28     138     1564
80     86     183     96
81     72     146     226
82     33     52     2063
83     16     198     84
84     66     195     2268
85     73     33     14
86     22     140     1911
87     82     171     300
88     25     23     398
89     33     40     1228
90     3     184     17
91     2     133     1948
92     97     25     493
93     18     74     1809
94     11     63     328
95     65     60     1953
96     55     147     438
97     52     176     691
98     4     111     1669
99     64     122     344
100     6     143     546
