10.002     1327     1212.38
10.004     1346     1212.38
10.004     1346     1212.38
10.002     1327     1212.38
10.004     1346     1212.38
10.004     1346     1212.38
10.002     1327     1212.38
10.004     1346     1212.38
10.004     1346     1212.38
10.004     1346     1212.38
             
10.003     1219     1140.88
10.004     1216     1140.88
10.004     1216     1140.88
10.003     1219     1140.88
10.004     1219     1140.88
10.004     1219     1140.88
10.003     1219     1140.88
10.004     1216     1140.88
10.004     1216     1140.88
10.004     1219     1140.88
             
10.004     1235     1137.5
10.005     1227     1137.5
10.005     1227     1137.5
10.004     1235     1137.5
10.005     1235     1137.5
10.005     1235     1137.5
10.004     1235     1137.5
10.005     1227     1137.5
10.005     1227     1137.5
10.005     1235     1137.5
             
10.004     1238     1159.38
10.005     1247     1159.38
10.005     1247     1159.38
10.004     1238     1159.38
10.005     1247     1159.38
10.005     1247     1159.38
10.004     1238     1159.38
10.005     1247     1159.38
10.005     1247     1159.38
10.005     1247     1159.38
             
10.004     1228     1135.25
10.005     1230     1135.25
10.005     1230     1135.25
10.004     1228     1135.25
10.005     1230     1135.25
10.005     1230     1135.25
10.004     1228     1135.25
10.005     1230     1135.25
10.005     1230     1135.25
10.005     1230     1135.25
             
10.003     1349     1227.63
10.003     1345     1227.63
10.003     1345     1227.63
10.003     1349     1227.63
10.003     1349     1227.63
10.003     1349     1227.63
10.003     1349     1227.63
10.003     1345     1227.63
10.003     1345     1227.63
10.003     1349     1227.63
             
10.003     1252     1144.38
10.004     1224     1144.38
10.004     1224     1144.38
10.003     1252     1144.38
10.004     1252     1144.38
10.004     1252     1144.38
10.003     1252     1144.38
10.004     1224     1144.38
10.004     1224     1144.38
10.004     1252     1144.38
             
10.003     1293     1184.13
10.001     1262     1184.13
10.001     1262     1184.13
10.003     1293     1184.13
10.003     1293     1184.13
10.003     1293     1184.13
10.003     1293     1184.13
10.001     1262     1184.13
10.001     1262     1184.13
10.003     1293     1184.13
             
10.004     1297     1182
10.003     1300     1182
10.003     1300     1182
10.004     1297     1182
10.004     1300     1182
10.004     1300     1182
10.004     1297     1182
10.003     1300     1182
10.003     1300     1182
10.004     1300     1182
             
10.003     1332     1225
10.002     1322     1225
10.002     1322     1225
10.003     1332     1225
10.003     1332     1225
10.003     1332     1225
10.003     1332     1225
10.002     1322     1225
10.002     1322     1225
10.003     1332     1225
             
