10.014     1285     1212.38
10.033     1295     1212.38
10.033     1285     1212.38
10.014     1285     1212.38
10.033     1285     1212.38
10.033     1285     1212.38
10.014     1285     1212.38
10.033     1285     1212.38
10.033     1295     1212.38
10.014     1285     1212.38
             
10.038     1170     1140.88
10.028     1173     1140.88
10.028     1173     1140.88
10.038     1187     1140.88
10.038     1173     1140.88
10.038     1173     1140.88
10.038     1187     1140.88
10.028     1173     1140.88
10.028     1173     1140.88
10.028     1170     1140.88
             
10.004     1176     1137.5
10.006     1177     1137.5
10.006     1177     1137.5
10.004     1190     1137.5
10.006     1176     1137.5
10.006     1176     1137.5
10.004     1190     1137.5
10.006     1177     1137.5
10.006     1177     1137.5
10.004     1176     1137.5
             
10.004     1195     1159.38
10.067     1195     1159.38
10.067     1207     1159.38
10.004     1195     1159.38
10.067     1196     1159.38
10.067     1196     1159.38
10.004     1195     1159.38
10.067     1207     1159.38
10.067     1195     1159.38
10.004     1195     1159.38
             
10.002     1179     1135.25
10.019     1172     1135.25
10.019     1178     1135.25
10.002     1172     1135.25
10.019     1179     1135.25
10.019     1179     1135.25
10.002     1172     1135.25
10.019     1178     1135.25
10.019     1172     1135.25
10.002     1172     1135.25
             
10.017     1300     1227.63
10.013     1310     1227.63
10.013     1300     1227.63
10.017     1310     1227.63
10.017     1300     1227.63
10.017     1300     1227.63
10.017     1310     1227.63
10.013     1300     1227.63
10.013     1310     1227.63
10.013     1300     1227.63
             
10.014     1186     1144.38
10.003     1186     1144.38
10.003     1186     1144.38
10.014     1186     1144.38
10.014     1186     1144.38
10.014     1186     1144.38
10.014     1186     1144.38
10.003     1186     1144.38
10.003     1186     1144.38
10.003     1186     1144.38
             
10.032     1235     1184.13
10.016     1234     1184.13
10.016     1233     1184.13
10.032     1233     1184.13
10.032     1235     1184.13
10.032     1235     1184.13
10.032     1233     1184.13
10.016     1233     1184.13
10.016     1234     1184.13
10.016     1234     1184.13
             
10.023     1268     1182
10.050     1262     1182
10.050     1265     1182
10.023     1268     1182
10.050     1262     1182
10.050     1262     1182
10.023     1268     1182
10.050     1265     1182
10.050     1262     1182
10.023     1262     1182
             
10.001     1283     1225
10.039     1287     1225
10.039     1283     1225
10.001     1283     1225
10.039     1283     1225
10.039     1283     1225
10.001     1283     1225
10.039     1283     1225
10.039     1287     1225
10.001     1283     1225
             
