10.143     1322     1212.38
10.197     1315     1212.38
10.197     1315     1212.38
10.143     1322     1212.38
10.197     1322     1212.38
10.197     1322     1212.38
10.143     1322     1212.38
10.197     1315     1212.38
10.197     1315     1212.38
10.197     1322     1212.38
             
10.434     1199     1140.88
10.107     1200     1140.88
10.107     1200     1140.88
10.434     1199     1140.88
10.434     1200     1140.88
10.434     1200     1140.88
10.434     1199     1140.88
10.107     1200     1140.88
10.107     1200     1140.88
10.434     1200     1140.88
             
10.244     1213     1137.5
10.162     1209     1137.5
10.162     1209     1137.5
10.244     1213     1137.5
10.244     1213     1137.5
10.244     1213     1137.5
10.244     1213     1137.5
10.162     1209     1137.5
10.162     1209     1137.5
10.244     1213     1137.5
             
10.097     1216     1159.38
10.064     1228     1159.38
10.064     1228     1159.38
10.097     1216     1159.38
10.097     1228     1159.38
10.097     1228     1159.38
10.097     1216     1159.38
10.064     1228     1159.38
10.064     1228     1159.38
10.097     1228     1159.38
             
10.345     1201     1135.25
10.180     1201     1135.25
10.180     1201     1135.25
10.345     1201     1135.25
10.345     1201     1135.25
10.345     1201     1135.25
10.345     1201     1135.25
10.180     1201     1135.25
10.180     1201     1135.25
10.345     1201     1135.25
             
10.452     1320     1227.63
10.456     1332     1227.63
10.456     1332     1227.63
10.452     1320     1227.63
10.456     1332     1227.63
10.456     1332     1227.63
10.452     1320     1227.63
10.456     1332     1227.63
10.456     1332     1227.63
10.456     1332     1227.63
             
10.075     1218     1144.38
10.029     1210     1144.38
10.029     1210     1144.38
10.075     1218     1144.38
10.075     1218     1144.38
10.075     1218     1144.38
10.075     1218     1144.38
10.029     1210     1144.38
10.029     1210     1144.38
10.075     1218     1144.38
             
10.313     1255     1184.13
10.387     1264     1184.13
10.387     1264     1184.13
10.313     1255     1184.13
10.387     1264     1184.13
10.387     1264     1184.13
10.313     1255     1184.13
10.387     1264     1184.13
10.387     1264     1184.13
10.387     1264     1184.13
             
10.404     1273     1182
10.194     1285     1182
10.194     1285     1182
10.404     1273     1182
10.404     1285     1182
10.404     1285     1182
10.404     1273     1182
10.194     1285     1182
10.194     1285     1182
10.404     1285     1182
             
10.482     1312     1225
10.184     1307     1225
10.184     1307     1225
10.482     1312     1225
10.482     1312     1225
10.482     1312     1225
10.482     1312     1225
10.184     1307     1225
10.184     1307     1225
10.482     1312     1225
             
