1        9        7        7
2        3        5        9
3        6        9       21
4        9        5       20
5        3        4       11
6        7        7       41
7        7        9       19
8        7        8       35
9       15        3       38
10        7        9        5
11        5        4       24
12        8        7       49
13       14        1       54
14        5        8       30
15        4        3       19
16        4        8       35
17       11        8       53
18        3        2        5
19        6        8       36
20        6        6        9
21       10        7       21
22       14        5       46
23       12        1       12
24        4        4       46
25       14        5       40
26        4        1       25
27        5        8       34
28        6        4       48
29        8        3       41
30        6        5       14
31       10        9       18
32        9        9       11
33        8        9       41
34        6        2       48
35        7        1       44
36       14        9       19
37       10        5       48
38        6        3       17
39        8        5       53
40       15        6       36
41       13        1       41
42        9        1       14
43       11        7       19
44       14        3       45
45        4        8       11
46       14        3       47
47       15        7       51
48       10        1       43
49        9        2       48
50        9        9       14
51       15        6        5
52        8        8       22
53        3        6       36
54        4        8       45
55       13        6        7
56       14        8       36
57        3        8       44
58       14        4       24
59       11        7       42
60       15        2       35
61        9        8       40
62       15        7       38
63        4        3       30
64       12        4       39
65        8        1       14
66        7        2       43
67       11        9       44
68       13        9       38
69        3        1       38
70       10        6       35
71       12        1       13
72        6        2       53
73        3        8       31
74       14        4       51
75       11        5        3
76        5        6       55
77       12        6       56
78       15        9       33
79        4        9       12
80        3        3       56
81        9        5       40
82        5        6       25
83       15        6       55
84        6        9       38
85        9        6       47
86       12        7       30
87       14        8       41
88        3        4        1
89       13        7        5
90        3        1        9
91        7        2       37
92        9        6       24
93       13        1       15
94        4        2       19
95       14        1       10
96       14        2       37
97       12        7       38
98        4        4       18
99       12        8       22
100        3        1        8
101        6        2       37
102        4        8       11
103       10        5        5
104        7        8       10
105       14        5       30
106        7        6        3
107       11        6       19
108        4        8        9
109        5        3       28
110        3        8       14
111       10        6        6
112        4        2        4
113        3        7       47
114       14        4        6
115       12        2       21
116       15        1       40
117       10        3       51
118        5        4       46
119       10        9       41
120        8        4        5
121        6        7       12
122       15        5       51
123        5        5       15
124        6        1        0
125       13        2       23
126        9        1       34
127       13        1       18
128       10        5        1
129        6        3       18
130        7        1       22
131       11        6       37
132       14        6       21
133        8        8        2
134       11        5       15
135        7        5       46
136       15        9        9
137       13        9       50
138       13        4        7
139        5        3       42
140        7        9       26
141       13        6        0
142        3        8       29
143       14        9       31
144        8        6       49
145        5        9       23
146        3        6       40
147        4        3       20
148       15        6       25
149       14        9       53
150        9        8       18
151        4        8        5
152        8        5       48
153        7        6       29
154        5        9       20
155       10        1       53
156       12        7       24
157        7        1        8
158       14        7        3
159        5        7       11
160        8        5        9
161       12        8       38
162       12        8       24
163        4        1       27
164       13        2       19
165       13        3       18
166       15        7       35
167        3        8        4
168        6        5       51
169       10        3       25
170       11        4       53
171        5        6       47
172        5        3       47
173       15        3        6
174        9        9       42
175        9        5       29
176       14        5       21
177        5        2       10
178       12        4        6
179       12        3       38
180       14        6       37
181        6        9        8
182       15        3       18
183       13        6       12
184        5        1       42
185       10        8        2
186       11        3       18
187       10        8       29
188        4        2       17
189        6        7        6
190       15        2       49
191        6        7       53
192        4        2        4
193        4        7       22
194       13        4       54
195        8        3       50
196        3        2       44
197       12        5       18
198        6        2       15
199        6        4       47
200       10        1       21
