1        5        6       96
2        7        7      109
3       12        4      103
4       15        1       65
5       11        9       91
6        8        4      108
7       13        4       96
8        6        6       81
9        5        6       37
10       15        5       11
11        7        5       45
12       12        1       79
13       15        1       59
14        7        5       75
15       12        8       69
16        3        8        2
17        9        1       32
18       15        6       31
19        9        4       71
20        5        7       95
21        4        2       68
22       14        6       93
23       12        3       35
24        8        3       26
25       11        8       76
26       15        5      110
27       11        6       54
28        9        3       85
29       14        7       89
30        6        5        9
31        3        4       86
32        3        7      101
33        3        8       23
34       11        4      104
35        6        2        5
36        5        4      100
37        8        8       87
38        6        3       59
39        5        2       95
40        8        3      105
41        6        9      102
42       15        3       55
43        5        2       82
44        3        2       30
45        4        4       66
46       14        4        3
47       14        6       90
48       15        8       76
49        7        8       78
50       11        1        8
51       15        7       50
52        6        1       62
53        9        9       18
54       13        7       10
55        9        5       77
56        6        2       99
57       10        8      106
58        9        9       52
59        9        9      100
60        6        4       41
61        6        1       92
62       14        2       64
63       10        5       15
64        9        8       70
65        3        5       38
66       12        9       44
67       10        3      105
68       14        6        6
69        9        5       36
70       14        7       36
71        4        5       69
72       14        6       13
73       15        6        2
74        6        8       73
75       14        2      115
76       11        4       35
77        3        1       22
78        9        3       30
79       10        8       80
80       11        5       28
81        7        9       53
82        3        8       13
83       15        8       70
84        4        4       29
85        5        9       98
86        4        8       72
87       11        7        1
88       13        7      104
89       13        7       34
90        8        6       73
91        8        2       29
92        6        2       47
93        4        1      102
94       11        4       58
95        3        3       12
96        8        8       80
97        6        9      106
98       14        5       65
99        8        7       75
100        5        8       44
101        5        6       60
102        6        4       47
103        8        1       54
104        7        3       53
105       13        3       97
106       15        9       27
107       14        5       31
108       12        4       96
109        9        5      110
110       14        4       33
111        4        5       15
112        8        9       63
113       14        5       45
114       10        2       32
115        9        3       83
116        4        4       51
117       13        6       44
118        4        1       93
119        7        8       24
120        4        7      102
121        3        3       30
122        5        6       17
123       14        2       38
124       13        4       47
125        4        6       61
126        6        1       56
127       11        1       90
128       11        2       65
129       14        5       36
130       15        9      115
131       12        6       22
132        3        8       61
133        9        7       34
134       10        4       63
135        8        6       37
136        6        2      102
137        8        7       83
138       11        1       99
139        5        2      103
140       11        4      103
141       13        7       98
142       11        6       84
143       11        3       46
144       15        8       12
145        5        4      110
146       12        3       35
147        9        7       74
148       13        1        9
149       10        2      112
150        8        5       83
151        5        8       82
152        3        4       16
153        4        8       61
154       11        8      115
155       14        5       15
156       13        9      103
157       15        9       88
158       14        9       74
159       12        7       88
160       11        7       45
161        5        3        7
162       12        5       69
163       10        6       43
164       15        9       85
165       15        6        7
166       14        4       14
167       15        9       79
168       11        9       67
169        4        1       80
170        6        8        2
171       10        3        7
172        3        4        3
173        3        2       97
174        3        9       91
175       12        4      113
176        4        4       88
177        9        1       92
178       13        6       35
179        5        1       67
180        6        7       18
181        6        9       26
182        6        3       63
183       11        7        2
184        4        7       26
185       11        4      114
186       15        4       73
187        7        2       59
188       12        7       49
189        4        6      115
190       14        8       92
191       15        6       31
192       13        8       70
193        4        7      106
194       15        9       85
195       11        1       34
196       13        6       88
197       12        5       81
198        5        3       74
199        6        7        7
200        3        5       57
