10.451     625     610
10.879     613     610
10.879     613     610
10.451     625     610
10.879     625     610
10.879     625     610
10.451     625     610
10.879     613     610
10.879     613     610
10.879     625     610
             
2.042     647     647
0.482     647     647
0.482     647     647
2.042     647     647
2.042     647     647
2.042     647     647
2.042     647     647
0.482     647     647
0.482     647     647
2.042     647     647
             
2.127     643     643
0.667     643     643
0.667     643     643
2.127     643     643
2.127     643     643
2.127     643     643
2.127     643     643
0.667     643     643
0.667     643     643
2.127     643     643
             
0.403     695     695
1.84     695     695
1.84     695     695
0.403     695     695
1.84     695     695
1.84     695     695
0.403     695     695
1.84     695     695
1.84     695     695
1.84     695     695
             
10.295     647     622
10.421     629     622
10.421     629     622
10.295     647     622
10.421     647     622
10.421     647     622
10.295     647     622
10.421     629     622
10.421     629     622
10.421     647     622
             
2.218     688     688
1.772     688     688
1.772     688     688
2.218     688     688
2.218     688     688
2.218     688     688
2.218     688     688
1.772     688     688
1.772     688     688
2.218     688     688
             
1.347     682     682
1.607     682     682
1.607     682     682
1.347     682     682
1.607     682     682
1.607     682     682
1.347     682     682
1.607     682     682
1.607     682     682
1.607     682     682
             
0.457     648     648
2.344     648     648
2.344     648     648
0.457     648     648
2.344     648     648
2.344     648     648
0.457     648     648
2.344     648     648
2.344     648     648
2.344     648     648
             
4.841     610     606
10.171     607     606
10.171     607     606
4.841     610     606
4.841     607     606
4.841     607     606
4.841     610     606
10.171     607     606
10.171     607     606
4.841     610     606
             
10.242     634     583
10.690     641     583
10.690     641     583
10.242     634     583
10.690     641     583
10.690     641     583
10.242     634     583
10.690     641     583
10.690     641     583
10.690     641     583
             
