10.009     621     610
2.39     610     610
2.39     610     610
10.009     613     610
2.39     610     610
2.39     610     610
10.009     613     610
2.39     610     610
2.39     610     610
10.009     610     610
             
0.01     647     647
0.008     647     647
0.008     647     647
0.01     647     647
0.01     647     647
0.01     647     647
0.01     647     647
0.008     647     647
0.008     647     647
0.008     647     647
             
0.013     643     643
0.009     643     643
0.009     643     643
0.013     643     643
0.013     643     643
0.013     643     643
0.013     643     643
0.009     643     643
0.009     643     643
0.009     643     643
             
0.161     695     695
0.04     695     695
0.04     695     695
0.161     695     695
0.161     695     695
0.161     695     695
0.161     695     695
0.04     695     695
0.04     695     695
0.04     695     695
             
10.023     626     622
10.001     628     622
10.001     628     622
10.023     626     622
10.023     628     622
10.023     628     622
10.023     626     622
10.001     628     622
10.001     628     622
10.001     626     622
             
0.011     688     688
0.011     688     688
0.011     688     688
0.011     688     688
0.011     688     688
0.011     688     688
0.011     688     688
0.011     688     688
0.011     688     688
0.011     688     688
             
0.009     682     682
0.012     682     682
0.012     682     682
0.009     682     682
0.012     682     682
0.012     682     682
0.009     682     682
0.012     682     682
0.012     682     682
0.009     682     682
             
2.028     648     648
0.101     648     648
0.101     648     648
2.028     648     648
2.028     648     648
2.028     648     648
2.028     648     648
0.101     648     648
0.101     648     648
0.101     648     648
             
10.024     607     606
10.026     607     606
10.026     607     606
10.024     610     606
10.026     607     606
10.026     607     606
10.024     610     606
10.026     607     606
10.026     607     606
10.024     607     606
             
10.011     622     583
10.020     622     583
10.020     622     583
10.011     633     583
10.020     622     583
10.020     622     583
10.011     633     583
10.020     622     583
10.020     622     583
10.011     622     583
             
