10.690     2612     2524
10     2622     2524
10     2622     2524
10.003     2608     2524
10.003     2622     2524
10.003     2622     2524
10.003     2608     2524
10     2622     2524
10     2622     2524
10.690     2622     2524
             
10.003     2508     2480.5
10.254     2508     2480.5
10.002     2508     2480.5
10.002     2508     2480.5
10.002     2508     2480.5
10.002     2508     2480.5
10.002     2508     2480.5
10.002     2508     2480.5
10.254     2508     2480.5
10.254     2508     2480.5
             
10.377     2557     2508
10.074     2557     2508
10     2557     2508
10     2533     2508
10     2557     2508
10     2557     2508
10     2533     2508
10     2557     2508
10.074     2557     2508
10.377     2557     2508
             
10.134     2422     2393.5
10.578     2422     2393.5
10.003     2422     2393.5
10.001     2422     2393.5
10.003     2422     2393.5
10.003     2422     2393.5
10.001     2422     2393.5
10.003     2422     2393.5
10.578     2422     2393.5
10.578     2422     2393.5
             
10.236     2492     2440.5
10.035     2492     2440.5
10     2492     2440.5
10     2492     2440.5
10.003     2492     2440.5
10.003     2492     2440.5
10     2492     2440.5
10     2492     2440.5
10.035     2492     2440.5
10.236     2492     2440.5
             
10.514     2640     2586
10.543     2665     2586
10     2665     2586
10     2665     2586
10.003     2665     2586
10.003     2665     2586
10     2665     2586
10     2665     2586
10.543     2665     2586
10.543     2665     2586
             
10.964     2590     2489
10.991     2566     2489
10.002     2566     2489
10.002     2566     2489
10.002     2566     2489
10.002     2566     2489
10.002     2566     2489
10.002     2566     2489
10.991     2566     2489
10.991     2590     2489
             
10.697     2510     2475
10.663     2518     2475
10.001     2526     2475
10.001     2526     2475
10.001     2526     2475
10.001     2526     2475
10.001     2526     2475
10.001     2526     2475
10.663     2518     2475
10.697     2518     2475
             
10.863     2525     2494
10.001     2525     2494
10.001     2525     2494
10.001     2550     2494
10.001     2550     2494
10.001     2550     2494
10.001     2550     2494
10.001     2525     2494
10.001     2525     2494
10.863     2525     2494
             
10.002     2520     2458.5
10.001     2520     2458.5
10.009     2520     2458.5
10.150     2520     2458.5
10.150     2520     2458.5
10.150     2520     2458.5
10.150     2520     2458.5
10.009     2520     2458.5
10.001     2520     2458.5
10.002     2520     2458.5
             
