30.223     3116     3069
30.049     3113     3069
30.083     3105     3069
30.082     3120     3069
30.048     3112     3069
30.048     3112     3069
30.082     3120     3069
30.083     3105     3069
30.049     3113     3069
30.049     3113     3069
             
0.125     3133     3133
0.094     3133     3133
0.109     3133     3133
0.109     3133     3133
0.109     3133     3133
0.109     3133     3133
0.109     3133     3133
0.109     3133     3133
0.094     3133     3133
0.094     3133     3133
             
30.048     2955     2942
30.035     2954     2942
30.020     2948     2942
30.238     2959     2942
30.097     2958     2942
30.097     2958     2942
30.238     2959     2942
30.020     2948     2942
30.035     2954     2942
30.035     2954     2942
             
30.252     3073     3004
30.019     3074     3004
30.143     3069     3004
30.064     3078     3004
30.158     3058     3004
30.158     3058     3004
30.064     3078     3004
30.143     3069     3004
30.019     3074     3004
30.019     3073     3004
             
30.096     3199     3149
30.158     3208     3149
30.066     3194     3149
30.004     3207     3149
30.033     3193     3149
30.033     3193     3149
30.004     3207     3149
30.066     3194     3149
30.158     3208     3149
30.096     3199     3149
             
30.206     3087     3009
30.019     3089     3009
30.268     3078     3009
30.035     3080     3009
30.220     3080     3009
30.220     3080     3009
30.035     3080     3009
30.268     3078     3009
30.019     3089     3009
30.019     3087     3009
             
30.144     3221     3051.2
30.205     3213     3051.2
30.017     3221     3051.2
30.098     3223     3051.2
30.017     3216     3051.2
30.017     3216     3051.2
30.098     3223     3051.2
30.017     3221     3051.2
30.205     3213     3051.2
30.144     3213     3051.2
             
30.036     2995     2955
30.252     3000     2955
30.079     3000     2955
30.035     2996     2955
30.112     3004     2955
30.112     3004     2955
30.035     2996     2955
30.079     3000     2955
30.252     3000     2955
30.036     2995     2955
             
30.220     2895     2886
30.222     2895     2886
30.128     2895     2886
30.156     2893     2886
30.098     2895     2886
30.098     2895     2886
30.156     2893     2886
30.128     2895     2886
30.222     2895     2886
30.220     2895     2886
             
30.253     2998     2964
30.205     2994     2964
30.157     3000     2964
30.207     3000     2964
30.128     3002     2964
30.128     3002     2964
30.207     3000     2964
30.157     3000     2964
30.205     2994     2964
30.205     2994     2964
             
