1     50     156     2194
2     120     115     287
3     94     34     615
4     106     48     3623
5     18     196     900
6     136     183     4583
7     136     148     1024
8     168     76     2785
9     70     155     633
10     49     101     3003
11     148     24     905
12     120     178     3253
13     24     191     605
14     38     35     795
15     162     80     2621
16     148     160     1072
17     86     170     3600
18     130     186     323
19     154     139     2979
20     2     22     1072
21     25     45     4541
22     179     43     902
23     95     48     2296
24     68     45     323
25     101     144     364
26     165     90     3190
27     111     38     1037
28     48     182     2792
29     124     150     682
30     12     124     712
31     36     55     4799
32     36     181     1208
33     47     149     3096
34     52     17     242
35     137     163     3797
36     183     122     214
37     194     117     3130
38     26     114     542
39     109     69     1862
40     181     183     871
41     107     113     1525
42     71     100     4391
43     98     195     793
44     92     139     2623
45     168     188     863
46     131     68     3182
47     53     91     855
48     115     65     2369
49     44     107     4441
50     183     161     1101
51     13     34     2829
52     10     85     1047
53     121     120     4664
54     6     37     202
55     95     67     1412
56     10     158     3577
57     171     31     401
58     108     165     606
59     198     61     2305
60     46     110     2629
61     171     140     830
62     148     39     606
63     112     160     2449
64     167     118     1263
65     187     60     1359
66     172     102     1296
67     135     116     1180
68     193     41     4734
69     122     133     821
70     105     112     2012
71     59     42     2246
72     155     2     2986
73     2     125     237
74     73     39     280
75     167     28     629
76     23     79     1623
77     89     87     1963
78     3     17     1529
79     109     147     2670
80     170     182     699
81     58     25     2391
82     177     157     1980
83     54     48     4894
84     106     38     956
85     121     24     1588
86     130     14     2429
87     186     160     2930
88     177     105     962
89     3     76     717
90     119     130     2836
91     10     16     206
92     67     96     728
93     7     30     4380
94     141     74     415
95     38     186     1336
96     12     86     4192
97     42     145     834
98     181     105     3208
99     9     192     43
100     113     91     2137
101     157     15     3505
102     185     73     32
103     17     188     2010
104     62     155     4532
105     88     10     606
106     76     107     3688
107     16     91     507
108     176     71     520
109     66     197     2455
110     139     56     3102
111     181     104     1212
112     2     46     1673
113     197     71     439
114     66     105     3969
115     115     84     464
116     68     72     1605
117     195     19     4591
118     23     78     1197
119     177     70     3700
120     164     96     347
121     168     5     3492
122     163     150     34
123     37     14     1581
124     46     112     3446
125     64     73     694
126     92     31     2787
127     7     69     625
128     168     64     3871
129     189     16     1124
130     106     161     3968
131     123     39     1084
132     8     110     1619
133     116     77     2176
134     49     157     2969
135     172     160     339
136     17     62     3516
137     81     172     86
138     184     190     4875
139     108     71     420
140     11     145     4622
141     140     67     240
142     144     101     199
143     96     124     2386
144     180     189     42
145     22     84     1514
146     84     172     4443
147     94     129     1133
148     119     11     3530
149     150     70     21
150     105     195     335
151     88     132     4563
152     64     10     702
153     122     193     3834
154     27     94     584
155     156     78     1691
156     188     16     2768
157     8     154     587
158     196     79     3112
159     178     123     470
160     23     57     4043
161     133     161     889
162     156     163     1250
163     178     10     1556
164     1     3     3908
165     33     12     215
166     91     93     4119
167     46     23     873
168     83     81     256
169     32     140     3944
170     44     65     439
171     54     28     2932
172     6     21     921
173     190     56     551
174     17     121     4491
175     77     2     1081
176     159     47     435
177     136     82     3048
178     90     135     780
179     36     122     4166
180     36     151     212
181     56     114     2979
182     68     150     1127
183     168     171     3849
184     159     20     815
185     86     114     4586
186     142     102     428
187     127     39     3481
188     188     19     872
189     63     63     1250
190     140     94     1587
191     170     104     829
192     21     70     2420
193     109     124     1828
194     153     43     1117
195     20     2     4666
196     88     35     591
197     25     29     3399
198     163     71     535
199     36     30     1599
200     6     102     846
