1     42     13     8039
2     13     100     3100
3     15     66     12583
4     95     127     3156
5     45     182     10345
6     48     171     1553
7     50     16     4116
8     47     57     4380
9     39     163     8208
10     99     178     126
11     66     45     5227
12     16     24     11703
13     96     14     2769
14     48     133     10151
15     91     69     640
16     35     140     3772
17     8     160     6870
18     58     107     2055
19     37     43     4511
20     12     32     4699
21     86     41     7643
22     89     3     1167
23     64     180     1505
24     91     74     2088
25     49     163     4270
26     4     119     9785
27     85     155     2239
28     78     33     2059
29     35     73     8059
30     62     117     3015
31     70     9     6749
32     67     106     471
33     76     125     12594
34     29     150     2340
35     52     162     8515
36     8     156     629
37     49     187     9453
38     41     110     2526
39     73     79     4750
40     60     75     4572
41     74     63     12850
42     88     66     2249
43     65     188     4488
44     14     61     4038
45     62     171     7451
46     72     179     929
47     30     46     2621
48     92     74     850
49     31     96     12203
50     32     43     1542
51     41     17     11028
52     6     168     2512
53     46     65     4442
54     70     130     6972
55     46     70     289
56     63     192     2524
57     77     53     1864
58     73     96     12509
59     99     7     1435
60     34     177     11891
61     77     191     3002
62     98     197     12377
63     18     199     2890
64     99     77     445
65     12     148     10339
66     91     44     1407
67     71     143     3025
68     16     150     1073
69     95     68     1776
70     62     114     11715
71     67     116     3244
72     3     108     7407
73     1     90     3190
74     16     93     3488
75     18     54     10348
76     89     65     638
77     71     164     315
78     76     66     325
79     93     109     10193
80     7     10     2741
81     1     18     5544
82     31     197     11305
83     49     148     556
84     83     162     9510
85     48     66     2517
86     98     57     11395
87     53     155     2522
88     69     136     12911
89     77     166     741
90     42     133     1962
91     42     85     12173
92     64     126     2938
93     96     71     7
94     55     88     4860
95     84     190     8541
96     51     71     2499
97     9     34     2332
98     71     94     3683
99     53     144     10623
100     12     12     1154
101     82     137     11182
102     30     98     90
103     25     168     11051
104     66     90     1203
105     73     142     8
106     13     161     11824
107     28     193     2133
108     5     107     8567
109     6     158     18
110     2     41     11600
111     70     1     1876
112     89     64     6831
113     65     21     278
114     27     40     6370
115     87     110     8398
116     88     85     1496
117     31     87     6183
118     63     138     12345
119     3     48     1574
120     19     188     2947
121     14     137     2196
122     38     135     8306
123     42     176     3078
124     6     97     7890
125     26     49     598
126     92     37     1976
127     45     149     3396
128     34     23     4034
129     25     152     4868
130     83     123     2834
131     2     84     1519
132     73     126     5068
133     54     85     10276
134     50     57     3203
135     87     33     13000
136     65     150     383
137     47     108     6215
138     32     71     7556
139     37     186     189
140     17     150     6751
141     83     136     545
142     3     104     11986
143     26     19     801
144     17     30     4535
145     26     28     711
146     11     158     12760
147     67     101     2396
148     88     144     1915
149     96     13     9880
150     94     52     2649
151     20     64     934
152     78     93     11514
153     54     67     1882
154     72     132     3994
155     99     68     2801
156     2     85     7364
157     19     54     1076
158     61     166     3011
159     64     110     4913
160     69     157     5178
161     60     46     1091
162     70     116     12929
163     13     180     1484
164     69     173     6168
165     61     27     2243
166     25     158     3621
167     69     37     1423
168     86     189     6499
169     4     39     8304
170     20     165     2251
171     35     24     1705
172     62     164     12081
173     60     115     1823
174     50     185     8312
175     74     5     1083
176     1     176     1504
177     41     107     6527
178     61     143     2783
179     21     23     1278
180     72     63     2904
181     14     5     11190
182     71     162     227
183     42     156     2841
184     81     170     9103
185     52     150     3144
186     60     33     12122
187     54     90     2438
188     20     70     5982
189     71     119     1374
190     34     44     4265
191     61     100     3847
192     72     77     7294
193     56     13     80
194     84     169     10635
195     69     29     919
196     28     138     277
197     33     24     7586
198     79     5     825
199     22     12     8477
200     54     197     208
201     19     86     12202
202     46     86     196
203     76     184     4025
204     41     192     4583
205     89     59     3890
206     93     90     9984
207     2     74     783
208     49     149     10149
209     73     77     2726
210     61     187     12571
211     87     167     485
212     68     98     5483
213     42     17     3974
214     24     60     8118
215     55     76     408
216     85     158     3345
217     40     13     11267
218     76     85     3169
219     86     54     11125
220     45     108     2859
221     37     43     11754
222     63     163     833
223     33     137     2963
224     32     55     9892
225     95     44     2884
226     60     165     6521
227     41     138     165
228     68     167     5173
229     20     29     3566
230     83     178     6511
231     73     152     569
232     49     141     6907
233     85     106     2904
234     99     35     1951
235     75     42     2064
236     26     125     6726
237     52     30     1432
238     60     133     1806
239     91     111     6084
240     25     90     6973
241     72     141     2750
242     68     67     9662
243     34     193     572
244     47     178     4860
245     43     42     941
246     30     76     850
247     88     184     1651
248     36     70     12407
249     96     96     1863
250     22     146     7720
251     78     116     2312
252     47     10     10675
253     46     145     847
254     51     135     7927
255     43     26     569
256     41     11     193
257     72     195     12023
258     82     165     2359
259     37     97     958
260     23     39     3986
261     84     124     12043
262     90     56     3120
263     13     144     10151
264     71     26     1217
265     53     125     12528
266     26     77     2038
267     72     36     4908
268     72     173     12275
269     35     25     1806
270     65     89     12060
271     46     128     2660
272     18     137     11891
273     20     82     549
274     53     114     11678
275     23     186     2717
276     39     82     10348
277     46     33     2777
278     63     182     4912
279     7     44     2317
280     82     162     7676
281     79     122     3060
282     98     61     5733
283     21     178     2535
284     9     156     11049
285     72     181     2716
286     63     159     7865
287     3     101     1235
288     73     117     3182
289     69     50     3044
290     36     61     11428
291     25     42     1081
292     6     124     3151
293     78     198     3904
294     63     93     9524
295     17     139     2819
296     60     61     3981
297     65     183     508
298     37     183     9703
299     55     85     2807
300     3     144     4988
301     67     77     12068
302     54     164     2752
303     59     153     2361
304     90     83     6099
305     95     33     4957
306     25     102     4983
307     52     194     1631
308     29     62     4189
309     6     174     9560
310     71     102     2733
311     88     25     2131
312     2     94     11409
313     67     180     1873
314     12     56     8500
315     40     119     2579
316     15     143     248
317     71     102     3240
318     38     141     4815
319     49     55     6274
320     67     178     3293
321     77     59     12345
322     33     79     2270
323     40     43     12323
324     76     189     1578
325     35     135     304
326     8     148     2625
327     9     27     4273
328     77     166     1489
329     69     3     1598
330     11     160     452
331     54     132     9670
332     84     168     892
333     97     15     12449
334     43     169     869
335     27     132     817
336     72     32     1197
337     79     79     10415
338     43     186     1876
339     54     152     2392
340     56     194     5511
341     59     111     4714
342     81     17     11192
343     57     191     269
344     59     103     2393
345     28     189     1070
346     31     104     12776
347     57     162     2095
348     12     82     9072
349     93     144     1528
350     97     142     7971
351     13     75     2992
352     52     162     622
353     24     89     2117
354     28     114     4461
355     96     11     6247
356     88     127     2082
357     99     149     5577
358     72     31     2331
359     95     50     576
360     14     95     9675
361     66     6     3008
362     3     93     11347
363     93     10     689
364     59     18     8131
365     19     66     617
366     59     194     10345
367     62     156     2369
368     41     73     5281
369     68     50     4580
370     79     187     3898
371     59     28     2828
372     32     25     8168
373     5     73     2582
374     70     179     3881
375     75     176     594
376     28     180     12562
377     70     166     1130
378     93     165     10904
379     55     48     386
380     48     99     1928
381     33     74     5887
382     63     179     12612
383     56     180     115
384     67     72     8333
385     89     80     1863
386     59     4     3640
387     5     168     4931
388     41     148     11771
389     43     115     631
390     24     89     4766
391     88     128     2965
392     48     119     11973
393     59     107     475
394     26     198     647
395     72     55     8579
396     50     12     3187
397     11     199     11638
398     53     161     1967
399     87     47     10362
400     59     15     1341
401     75     43     8624
402     70     89     803
403     83     34     2897
404     34     14     1138
405     69     197     6132
406     90     15     5073
407     8     13     1831
408     66     190     12330
409     22     185     2025
410     29     183     7044
411     34     80     1753
412     87     73     10698
413     93     93     1198
414     83     154     10466
415     57     68     397
416     56     192     9175
417     77     145     1788
418     16     163     7588
419     76     2     2067
420     70     48     9737
421     81     151     2509
422     60     120     561
423     63     53     2743
424     46     126     9382
425     57     14     3082
426     6     77     11627
427     28     65     2846
428     59     137     6094
429     81     70     4660
430     75     183     9063
431     55     37     2573
432     19     45     5355
433     41     22     3515
434     97     61     8724
435     78     42     501
436     24     146     7168
437     31     82     3073
438     22     128     4986
439     17     172     5163
440     80     146     3566
441     36     190     12474
442     14     27     1090
443     39     82     9505
444     9     194     926
445     49     11     11750
446     47     87     1253
447     33     121     8186
448     82     153     3049
449     86     173     6319
450     81     75     11692
451     67     3     1127
452     40     161     3463
453     66     179     7849
454     65     131     3162
455     13     62     11560
456     34     117     2386
457     85     195     5110
458     17     30     3224
459     71     75     7108
460     45     169     960
461     98     99     7158
462     89     20     2007
463     15     52     12988
464     90     150     2047
465     33     127     7411
466     72     53     3128
467     33     84     2227
468     72     198     12331
469     68     10     987
470     58     27     11644
471     27     181     317
472     14     151     5552
473     7     178     24
474     50     154     9055
475     90     9     776
476     79     178     464
477     59     30     11239
478     68     74     1943
479     15     118     10028
480     63     104     1093
481     19     188     9594
482     20     15     23
483     33     153     413
484     41     140     4569
485     2     74     7448
486     32     84     2824
487     19     181     5790
488     73     155     6731
489     72     128     2011
490     99     111     5820
491     49     89     10847
492     74     60     1899
493     50     58     5003
494     42     92     505
495     74     73     3457
496     7     149     1403
497     84     31     129
498     15     14     11354
499     37     77     379
500     78     77     3330
