1     185     22     4393
2     75     25     48438
3     66     10     198
4     172     19     9295
5     38     31     38496
6     76     43     3103
7     181     12     12520
8     95     33     42127
9     170     38     8972
10     160     24     47705
11     108     7     668
12     37     37     49539
13     146     38     1190
14     38     2     14199
15     152     13     49259
16     178     41     5905
17     87     42     46090
18     175     10     6039
19     192     33     27889
20     12     4     5145
21     1     25     16921
22     67     23     19963
23     52     16     23495
24     190     9     31755
25     71     49     11816
26     16     45     8215
27     62     43     29619
28     39     12     1752
29     5     26     40922
30     49     23     6254
31     135     27     46904
32     42     1     454
33     184     36     48211
34     125     11     872
35     95     45     39623
36     175     8     10432
37     141     29     24652
38     176     46     48375
39     41     41     1068
40     148     8     43411
41     46     42     135
42     24     4     22975
43     172     31     3680
44     130     39     33435
45     18     36     1325
46     87     7     43995
47     148     28     6780
48     110     17     14700
49     4     21     16376
50     120     3     14092
51     63     27     1307
52     11     40     13307
53     182     31     16100
54     41     32     5195
55     180     29     12456
56     131     31     43969
57     157     15     1027
58     149     15     22306
59     174     42     38477
60     100     47     7911
61     54     39     49901
62     138     10     11614
63     41     1     10193
64     86     29     15291
65     10     48     13941
66     171     37     32220
67     38     26     10867
68     22     20     46721
69     37     24     11207
70     35     7     12049
71     59     3     5290
72     86     26     21406
73     73     42     673
74     190     12     43899
75     75     27     6735
76     131     14     42388
77     182     7     3978
78     1     46     23874
79     185     6     9764
80     139     9     30039
81     18     30     10409
82     123     7     16374
83     151     2     13919
84     166     23     8687
85     78     35     47467
86     84     38     2769
87     192     10     19807
88     91     33     12128
89     113     46     6694
90     3     12     37792
91     180     49     11012
92     135     2     19830
93     123     30     23468
94     66     5     23674
95     91     40     18029
96     134     22     39677
97     51     7     10008
98     66     28     8227
99     172     15     10440
100     116     21     4806
101     82     37     38306
102     49     17     3021
103     119     9     39971
104     54     37     1338
105     118     42     16579
106     149     38     16426
107     82     4     2354
108     73     48     29711
109     112     49     8949
110     106     48     11689
111     128     6     7017
112     80     13     7580
113     171     26     35201
114     66     11     1619
115     43     44     46494
116     142     32     6946
117     6     38     18730
118     19     19     41597
119     29     36     2538
120     5     27     23628
121     109     5     43824
122     199     35     3016
123     50     27     47620
124     133     18     9443
125     120     9     7556
126     155     10     10045
127     35     43     20925
128     72     1     26495
129     50     45     2517
130     59     24     2426
131     173     34     24472
132     115     35     44001
133     138     35     7065
134     129     31     36229
135     88     34     2163
136     188     5     7415
137     163     38     5596
138     142     1     40387
139     32     48     6801
140     130     33     2379
141     153     3     21342
142     46     24     4187
143     162     48     42578
144     55     2     8879
145     40     25     22238
146     30     23     20735
147     190     25     46569
148     12     43     8025
149     82     15     32683
150     164     38     478
151     159     39     1778
152     158     3     38177
153     94     9     3931
154     169     26     27549
155     44     24     4523
156     137     42     36877
157     48     33     11623
158     66     13     27532
159     161     47     3432
160     148     30     41137
161     88     37     1519
162     78     4     8312
163     106     9     7870
164     101     14     5261
165     24     2     31710
166     95     47     7429
167     22     8     37184
168     5     3     5513
169     174     31     44569
170     139     48     2957
171     3     13     42672
172     163     36     11791
173     170     26     25757
174     152     13     5475
175     174     47     29113
176     66     35     1085
177     55     13     4519
178     90     22     5650
179     25     15     25958
180     126     42     5089
181     100     35     38202
182     35     6     1835
183     22     49     45647
184     90     39     1512
185     96     23     50551
186     142     40     5542
187     168     14     40638
188     101     46     5222
189     60     24     19558
190     100     12     32976
191     106     4     2740
192     115     31     25086
193     95     32     50107
194     80     2     4783
195     182     16     1823
196     58     8     17714
197     140     39     38145
198     110     9     9226
199     17     8     21020
200     93     8     26325
201     67     14     11796
202     156     37     6880
203     105     48     1508
204     140     33     34354
205     85     30     6814
206     6     43     37021
207     94     16     3567
208     82     42     41304
209     100     46     699
210     187     49     18160
211     42     13     48436
212     177     46     10878
213     122     20     47703
214     107     27     3147
215     62     16     40164
216     153     5     6135
217     193     28     34624
218     129     28     6633
219     192     4     23838
220     60     1     4725
221     158     21     2482
222     185     12     10030
223     142     40     48430
224     1     40     5615
225     142     8     6245
226     137     3     28195
227     19     25     5501
228     150     10     24006
229     13     1     46031
230     81     49     392
231     60     26     39068
232     116     47     1786
233     30     47     7172
234     49     11     30099
235     80     34     11062
236     59     5     1937
237     97     30     46779
238     185     20     9180
239     155     21     16668
240     170     9     17999
241     57     14     43992
242     27     10     41
243     129     5     46255
244     17     35     2041
245     84     23     555
246     91     24     10114
247     140     5     7353
248     169     44     49383
249     177     31     4883
250     112     47     19629
251     83     38     44789
252     97     44     135
253     191     42     39097
254     178     26     9209
255     112     48     1358
256     140     25     42196
257     28     14     4695
258     172     6     21115
259     7     25     36314
260     57     15     899
261     77     33     33770
262     76     11     5976
263     192     6     42442
264     131     41     8834
265     1     49     19394
266     182     37     26792
267     176     33     11952
268     27     23     48804
269     195     39     6829
270     124     38     41065
271     108     8     11684
272     133     5     43359
273     84     47     7553
274     40     48     39559
275     173     2     1845
276     175     21     25283
277     167     5     17205
278     152     44     40006
279     192     15     4480
280     143     44     9485
281     146     12     32662
282     159     46     2791
283     45     48     45866
284     193     29     6543
285     146     30     11344
286     7     21     48681
287     24     35     8290
288     103     42     17320
289     74     30     49683
290     49     38     262
291     59     21     29794
292     135     14     6663
293     3     30     27136
294     119     35     563
295     131     47     38279
296     151     29     7649
297     105     17     31856
298     158     43     10076
299     73     10     13830
300     145     47     19935
301     128     4     26393
302     65     44     9791
303     126     44     49997
304     154     21     9419
305     164     32     12647
306     61     29     16268
307     37     46     34346
308     139     39     2541
309     29     39     15420
310     189     3     7639
311     23     36     2833
312     27     10     38252
313     70     37     6298
314     83     36     38848
315     170     19     3207
316     36     22     34156
317     184     40     7169
318     45     32     48613
319     148     45     1523
320     193     3     34452
321     162     5     9515
322     199     1     11607
323     39     44     23118
324     47     26     34694
325     88     29     1776
326     106     28     12741
327     32     2     3640
328     144     8     46656
329     130     29     4637
330     24     40     47085
331     63     19     9440
332     96     37     36751
333     80     41     7789
334     155     27     17158
335     92     9     14011
336     80     14     4857
337     169     25     37048
338     177     3     9521
339     55     7     43765
340     35     40     598
341     89     47     9187
342     116     8     2125
343     5     3     26901
344     154     30     10895
345     90     14     10818
346     124     27     26686
347     26     1     1181
348     71     16     40940
349     99     4     855
350     104     9     21357
351     85     25     36771
352     31     37     10055
353     87     8     38043
354     199     34     2204
355     39     38     7916
356     92     8     19485
357     16     17     1919
358     151     5     22082
359     77     6     6656
360     168     2     25928
361     154     27     679
362     33     26     22739
363     40     42     3713
364     198     9     49666
365     198     26     7860
366     180     21     20501
367     138     32     29829
368     197     7     11053
369     3     4     39895
370     142     41     8555
371     84     11     33402
372     157     37     7970
373     24     4     5882
374     98     13     17849
375     55     49     25288
376     185     37     6816
377     100     34     15427
378     36     41     32723
379     158     21     4885
380     70     34     22271
381     22     6     26323
382     81     4     6754
383     139     25     44886
384     188     23     4401
385     143     17     20927
386     106     43     18443
387     155     14     48635
388     32     34     3658
389     130     33     7518
390     103     32     1415
391     119     25     18692
392     134     40     35308
393     142     21     12203
394     62     7     37618
395     116     38     6164
396     93     18     1149
397     152     8     49959
398     82     34     11915
399     107     15     31259
400     78     43     9461
401     85     32     4399
402     41     30     21250
403     162     13     36796
404     85     48     8005
405     145     39     29273
406     114     24     1029
407     94     44     9889
408     164     12     12113
409     76     15     5470
410     152     33     11145
411     66     8     42451
412     161     48     11949
413     53     17     6147
414     88     18     15548
415     92     25     47791
416     62     12     8010
417     63     29     37750
418     72     42     3903
419     19     17     25265
420     169     25     48065
421     58     28     3559
422     153     28     38025
423     143     28     11788
424     138     1     4996
425     35     35     31318
426     22     32     312
427     19     19     26110
428     7     42     12126
429     131     5     18923
430     139     15     30392
431     54     30     7273
432     18     49     38501
433     67     43     39
434     77     18     4001
435     119     1     15041
436     137     35     13021
437     127     32     10712
438     10     29     42087
439     60     25     9720
440     165     12     31613
441     90     5     9521
442     199     20     465
443     9     41     17317
444     91     11     6743
445     183     3     47661
446     85     42     4813
447     21     17     10178
448     172     42     33590
449     191     30     4907
450     86     29     1669
451     130     2     6124
452     106     21     47122
453     160     19     8150
454     192     45     11775
455     110     43     46428
456     113     43     6066
457     75     2     18313
458     119     34     36111
459     61     36     9749
460     19     3     9899
461     63     41     15952
462     23     38     35962
463     199     49     9053
464     149     17     3761
465     86     37     3282
466     159     47     9754
467     154     13     44688
468     148     20     6737
469     111     41     6864
470     97     20     6025
471     91     32     30457
472     21     3     4217
473     141     45     6971
474     21     35     35743
475     52     49     5292
476     26     35     36059
477     91     24     159
478     77     9     49001
479     85     2     11985
480     24     43     6701
481     89     38     8585
482     154     1     39561
483     23     34     1362
484     39     3     18444
485     101     32     13314
486     153     2     23968
487     19     10     22829
488     175     5     37839
489     95     17     8512
490     163     21     42621
491     70     19     9658
492     43     14     40017
493     70     44     2788
494     83     33     40042
495     85     36     11955
496     58     47     43449
497     26     33     8146
498     164     46     2999
499     75     8     40623
500     139     3     11360
