1     81     40     8736
2     71     15     37647
3     33     48     4253
4     50     24     4094
5     157     30     38079
6     26     7     8671
7     73     24     28661
8     21     44     847
9     143     22     36963
10     125     10     9854
11     189     19     44462
12     27     3     2960
13     87     40     11816
14     1     18     24968
15     162     18     3249
16     178     39     15759
17     181     17     2844
18     129     16     16967
19     107     46     20818
20     7     22     2099
21     142     41     44148
22     69     3     6825
23     44     21     11588
24     137     24     31867
25     58     21     3530
26     110     2     26723
27     18     10     2288
28     157     36     41922
29     153     10     8112
30     167     48     27099
31     33     19     4099
32     115     48     36692
33     123     2     7247
34     60     2     12035
35     64     24     20159
36     160     42     24639
37     116     47     8297
38     163     39     25250
39     10     10     606
40     79     13     37341
41     61     13     4413
42     58     3     5049
43     45     9     34146
44     121     18     8144
45     139     48     13238
46     143     29     18826
47     89     38     23517
48     12     10     813
49     12     6     1846
50     66     34     34191
51     161     5     5918
52     108     28     36777
53     165     9     9861
54     45     32     46315
55     102     21     1814
56     89     45     26447
57     26     45     7310
58     175     3     33843
59     189     26     8501
60     17     43     24395
61     7     34     10659
62     84     9     36827
63     60     16     1725
64     50     2     26817
65     13     21     1427
66     99     42     31648
67     138     28     11301
68     98     3     43726
69     87     3     10802
70     50     27     46711
71     106     23     8066
72     63     16     3309
73     64     11     6889
74     105     29     38006
75     148     8     7147
76     23     11     31142
77     195     30     6049
78     128     3     24327
79     183     2     4391
80     36     15     23651
81     124     20     1326
82     154     25     42636
83     1     37     3858
84     124     10     32532
85     101     23     2517
86     197     33     38359
87     34     44     10352
88     11     30     24648
89     183     28     2655
90     167     35     20948
91     24     14     17436
92     49     30     15226
93     27     1     41162
94     171     4     8660
95     113     4     17365
96     3     21     7919
97     183     34     6926
98     93     12     28950
99     156     37     8588
100     135     28     12868
101     165     38     34210
102     57     10     7339
103     82     24     20419
104     101     31     24869
105     88     17     9628
106     112     26     39769
107     22     38     9728
108     55     30     1605
109     46     42     22743
110     107     29     46615
111     182     12     3253
112     194     49     27585
113     10     36     1938
114     193     4     23568
115     85     20     10416
116     12     17     19803
117     22     33     38041
118     40     9     1189
119     138     4     33106
120     86     47     2454
121     23     12     20306
122     23     27     35045
123     61     28     10469
124     160     35     22477
125     2     40     37567
126     1     10     1785
127     152     38     27551
128     138     41     2971
129     84     36     45251
130     130     11     3720
131     165     9     5283
132     98     5     1773
133     26     10     46719
134     41     18     2295
135     47     9     26088
136     41     1     5500
137     97     47     3367
138     131     49     1290
139     154     14     16993
140     144     19     18918
141     90     32     27477
142     39     32     9374
143     171     28     11787
144     62     27     39438
145     136     41     4046
146     23     26     21187
147     169     13     15994
148     176     22     17134
149     21     15     38518
150     28     27     5420
151     71     28     38916
152     32     15     694
153     4     35     479
154     72     22     32545
155     80     20     8838
156     35     8     37313
157     22     34     224
158     70     24     25515
159     157     15     2666
160     94     15     7277
161     8     7     20381
162     46     22     16719
163     82     24     12449
164     103     2     11162
165     93     14     43664
166     182     46     3903
167     129     5     30338
168     42     4     2270
169     125     17     32692
170     160     33     143
171     44     23     16962
172     70     4     24813
173     141     11     5825
174     54     30     10092
175     141     20     20000
176     45     14     8387
177     34     41     2892
178     131     6     39097
179     152     44     583
180     27     40     45914
181     73     18     6852
182     142     49     30667
183     36     28     3647
184     50     6     42252
185     135     7     2214
186     81     28     33103
187     93     20     3129
188     128     4     15672
189     107     16     1130
190     59     9     16972
191     17     7     44002
192     118     26     7636
193     68     12     28453
194     164     30     9826
195     178     16     35002
196     24     13     9002
197     2     20     10704
198     158     34     37918
199     74     27     11559
200     104     8     41237
201     41     48     4818
202     42     4     8620
203     194     10     2748
204     193     23     40921
205     50     47     9286
206     160     46     9951
207     59     10     9310
208     105     24     31977
209     120     6     398
210     6     40     4185
211     135     20     2993
212     111     30     29284
213     24     2     1946
214     199     26     26487
215     195     27     4860
216     72     11     37627
217     155     31     6994
218     190     34     7719
219     111     28     21245
220     16     11     35026
221     72     5     3504
222     68     25     38966
223     199     16     7816
224     98     33     46876
225     2     11     8175
226     20     22     41583
227     29     11     3719
228     180     6     15724
229     30     12     16314
230     65     9     28858
231     64     2     7163
232     145     24     31951
233     107     34     2407
234     108     7     28537
235     62     2     5160
236     36     32     37324
237     112     28     4078
238     67     27     3310
239     13     38     11905
240     86     9     44594
241     186     45     5334
242     9     34     21891
243     1     12     3668
244     8     36     3125
245     121     44     17996
246     142     11     9021
247     129     14     41698
248     132     21     6748
249     163     18     44926
250     40     24     4377
251     170     46     35525
252     89     32     119
253     76     28     29256
254     71     20     2631
255     18     2     11849
256     56     25     39414
257     22     34     6920
258     88     35     39244
259     147     24     6446
260     110     31     41821
261     10     24     2570
262     183     8     27917
263     146     12     11136
264     100     29     8009
265     74     47     38213
266     132     18     4889
267     170     25     37349
268     70     8     9190
269     157     48     22081
270     184     14     46942
271     13     19     3597
272     164     26     12113
273     182     20     33285
274     29     28     9454
275     123     39     18508
276     146     17     13583
277     174     25     25771
278     74     20     8379
279     164     19     26479
280     51     43     10807
281     47     38     27758
282     34     8     7903
283     123     39     18458
284     81     11     35460
285     34     26     9121
286     108     14     40038
287     164     41     4760
288     66     18     33622
289     58     5     7411
290     71     39     25688
291     19     48     9424
292     199     25     6736
293     47     22     39560
294     150     43     7084
295     6     21     42696
296     21     28     7228
297     42     26     36273
298     121     36     10573
299     43     24     26057
300     13     47     2413
301     110     38     33466
302     56     34     2421
303     41     3     971
304     8     20     18147
305     143     6     15640
306     75     30     39941
307     138     18     3236
308     30     4     17642
309     29     31     27918
310     35     25     5921
311     32     8     34289
312     38     36     7323
313     196     44     9158
314     103     33     27209
315     55     22     1342
316     49     11     39031
317     29     32     8289
318     147     25     11052
319     121     27     29725
320     93     1     4080
321     104     15     34227
322     69     5     5214
323     89     43     32989
324     54     35     11078
325     60     8     44354
326     196     37     5595
327     87     33     7835
328     87     9     39191
329     48     27     2162
330     45     36     32386
331     150     17     5904
332     135     16     32899
333     81     13     8265
334     157     48     4817
335     141     12     39969
336     12     5     9786
337     86     20     46107
338     179     39     1996
339     51     20     10120
340     173     16     2035
341     134     37     46440
342     142     45     7556
343     6     38     36114
344     154     13     7172
345     192     20     18803
346     1     3     1377
347     112     44     392
348     187     19     4614
349     146     17     8193
350     169     15     26436
351     157     11     6814
352     52     2     7244
353     133     10     13732
354     113     37     24285
355     19     22     3127
356     97     41     29255
357     31     1     5641
358     166     26     25463
359     91     33     10276
360     70     12     4231
361     87     44     6595
362     163     10     34925
363     108     4     82
364     186     21     17128
365     12     4     8701
366     9     46     4878
367     94     47     43941
368     63     7     6285
369     128     38     12237
370     186     9     18865
371     167     9     25472
372     36     13     6727
373     64     23     5450
374     59     22     39062
375     23     27     6171
376     175     34     15310
377     126     24     24904
378     23     20     10351
379     177     49     23647
380     68     13     2295
381     186     46     4331
382     109     43     24147
383     94     11     758
384     101     6     38473
385     97     27     5592
386     138     22     26961
387     60     10     1016
388     87     35     42875
389     16     22     11656
390     79     17     25981
391     16     45     6322
392     25     25     10087
393     25     6     9482
394     87     26     25836
395     197     27     3392
396     27     30     31717
397     163     27     8429
398     15     40     2039
399     105     37     42111
400     38     33     2977
401     98     33     41256
402     102     21     3708
403     166     21     22943
404     133     17     40759
405     9     48     8957
406     37     19     26016
407     76     12     1065
408     50     4     37453
409     92     6     1241
410     197     33     36457
411     50     45     3126
412     87     21     1758
413     44     17     36828
414     77     34     3245
415     173     44     11029
416     113     26     36984
417     145     8     1219
418     144     9     6706
419     196     15     11491
420     6     22     7483
421     51     28     45069
422     92     36     6661
423     100     16     4531
424     170     22     45656
425     183     18     8770
426     153     19     38428
427     19     35     1
428     189     14     935
429     195     14     1219
430     118     16     46281
431     65     42     9944
432     163     31     13663
433     107     17     23483
434     112     46     5762
435     11     8     21657
436     86     33     5533
437     58     47     30516
438     112     37     6504
439     156     49     10577
440     99     25     26447
441     158     35     5074
442     184     8     15567
443     112     33     44701
444     24     25     4357
445     76     14     23506
446     155     10     11077
447     74     18     28692
448     17     28     11446
449     3     36     20979
450     144     7     42940
451     125     34     4747
452     119     24     7808
453     100     1     30690
454     193     26     5337
455     166     10     30538
456     68     17     10868
457     58     45     36299
458     119     23     5700
459     179     11     26358
460     150     28     5316
461     4     10     34059
462     45     28     2160
463     103     25     24998
464     29     37     11223
465     175     5     16026
466     161     11     32332
467     82     24     2311
468     24     12     30219
469     176     8     3157
470     8     4     36113
471     33     9     4951
472     128     17     164
473     145     36     42003
474     149     12     10017
475     59     22     4685
476     158     4     42229
477     76     27     5371
478     159     18     16277
479     25     21     23727
480     188     14     4062
481     38     44     41888
482     40     17     4358
483     123     21     3279
484     20     20     20109
485     132     18     24363
486     62     49     4817
487     95     8     30433
488     47     36     102
489     115     35     34197
490     63     34     8909
491     82     37     19304
492     133     43     34819
493     96     11     5600
494     57     28     44190
495     104     1     8835
496     120     26     33312
497     155     24     3623
498     183     36     34314
499     21     46     4050
500     156     43     41019
