1     150     3     7324
2     18     24     12048
3     163     10     5486
4     53     33     38659
5     3     24     428
6     174     47     28433
7     43     39     5625
8     190     36     47563
9     12     26     7587
10     101     29     7512
11     61     25     17018
12     24     20     22216
13     109     24     36027
14     50     37     9718
15     15     16     45615
16     64     8     12388
17     75     4     19962
18     170     15     8613
19     10     39     25159
20     83     31     6380
21     4     12     30747
22     187     47     11663
23     135     15     39758
24     84     24     9193
25     132     15     31612
26     73     23     11004
27     100     26     48458
28     177     25     6973
29     70     49     16316
30     47     5     41602
31     75     24     2785
32     160     43     5755
33     88     44     30480
34     47     1     1840
35     89     1     42761
36     52     34     11065
37     196     16     13910
38     178     22     47808
39     23     38     10262
40     3     30     40819
41     134     14     11654
42     25     47     40443
43     102     41     1463
44     12     32     31022
45     85     46     9239
46     34     14     2146
47     178     6     2779
48     29     32     44612
49     134     34     11471
50     58     14     46265
51     184     1     7755
52     11     35     14193
53     63     35     38157
54     88     4     11125
55     134     36     8159
56     145     31     4736
57     97     28     39530
58     13     9     11938
59     131     24     18756
60     24     21     17642
61     110     20     13604
62     162     28     16246
63     190     22     30367
64     14     12     11806
65     96     4     2363
66     108     46     7820
67     194     17     23961
68     31     48     3511
69     71     14     38513
70     53     12     6747
71     63     1     31283
72     165     19     11427
73     17     8     14186
74     60     6     43364
75     61     15     1918
76     105     13     28024
77     150     41     7010
78     55     26     10116
79     4     41     48445
80     152     43     9281
81     20     2     6803
82     72     41     44384
83     185     23     10884
84     92     37     6436
85     70     9     30836
86     25     11     11055
87     169     46     24461
88     197     7     5179
89     151     27     9989
90     155     39     43361
91     118     30     3534
92     129     22     1723
93     189     48     18762
94     142     12     47649
95     73     19     8634
96     102     2     45288
97     26     22     1033
98     182     33     47895
99     56     43     7747
100     75     30     13162
101     5     21     1859
102     175     43     23815
103     14     48     22874
104     130     35     22067
105     98     8     5475
106     135     21     46992
107     27     16     9387
108     192     33     21873
109     41     42     378
110     194     38     3206
111     196     20     44084
112     115     44     1832
113     72     41     12079
114     93     46     9236
115     147     47     27901
116     113     24     3174
117     157     34     40040
118     144     11     4989
119     67     19     42100
120     62     6     9334
121     146     49     38060
122     91     18     8270
123     16     11     16258
124     148     43     30199
125     43     30     8580
126     171     29     7524
127     48     19     3459
128     21     36     23463
129     111     36     2190
130     45     13     42124
131     85     44     1821
132     23     23     7428
133     94     32     24201
134     67     19     30055
135     161     41     1951
136     168     46     45670
137     58     36     9396
138     53     45     5104
139     166     22     13813
140     192     44     7944
141     16     14     6623
142     175     26     24854
143     13     11     4860
144     131     8     9108
145     115     38     30972
146     29     21     7865
147     189     3     24636
148     185     48     31531
149     34     37     11759
150     152     17     46780
151     118     35     5992
152     195     15     44193
153     107     15     2179
154     6     32     3184
155     101     30     33582
156     49     23     1116
157     28     13     39968
158     76     18     3922
159     107     2     30621
160     142     3     2855
161     179     25     48198
162     37     29     10585
163     85     39     21061
164     196     24     2510
165     30     6     16859
166     31     13     26613
167     2     8     7298
168     198     40     47383
169     12     29     5790
170     48     43     45825
171     148     9     9134
172     94     40     10382
173     170     29     16540
174     48     34     36728
175     29     16     10222
176     19     32     21439
177     48     5     28868
178     29     22     3404
179     90     24     22045
180     119     44     14384
181     59     39     20716
182     127     11     45852
183     98     22     2517
184     38     4     48623
185     30     32     10340
186     119     8     34076
187     59     12     8014
188     91     37     9766
189     127     36     49406
190     195     16     2394
191     82     8     37862
192     183     36     10251
193     117     35     37014
194     116     14     7259
195     170     49     41571
196     131     22     3970
197     169     5     8258
198     36     18     37293
199     126     13     2419
200     34     42     43657
201     35     44     7452
202     15     10     45935
203     83     12     4978
204     185     48     12493
205     80     45     19739
206     37     34     6489
207     125     1     45752
208     149     24     1458
209     173     25     39140
210     103     5     4129
211     94     7     8921
212     72     45     14494
213     106     11     47650
214     117     15     6438
215     158     22     23374
216     128     16     4759
217     125     7     45464
218     94     34     5684
219     56     1     3011
220     196     23     16323
221     63     30     47695
222     181     19     11369
223     190     14     11873
224     81     39     35620
225     173     10     5552
226     59     29     38090
227     194     46     10450
228     133     41     20134
229     140     19     14503
230     153     14     10781
231     36     27     41163
232     31     31     98
233     37     49     13081
234     44     30     2242
235     23     13     32686
236     63     31     9422
237     8     33     16018
238     195     22     7497
239     140     15     39595
240     3     39     6267
241     158     16     16480
242     156     38     8287
243     56     12     47320
244     9     8     5012
245     169     31     22959
246     141     17     4924
247     68     40     105
248     143     35     22534
249     68     46     13957
250     112     49     1307
251     62     15     26714
252     173     19     9466
253     60     36     15640
254     115     5     49075
255     194     25     4927
256     23     12     11341
257     12     17     47094
258     193     10     3034
259     108     48     17043
260     174     40     878
261     114     41     36328
262     104     48     7271
263     128     43     10711
264     187     21     23609
265     55     9     30351
266     10     35     11904
267     140     33     37707
268     24     14     6845
269     180     5     204
270     46     38     13751
271     151     6     11849
272     116     22     48760
273     157     19     1166
274     67     11     18693
275     74     13     31566
276     15     16     11681
277     175     31     4928
278     179     49     3638
279     176     5     34243
280     85     30     7843
281     92     1     45371
282     20     30     9668
283     155     12     31025
284     67     7     591
285     156     16     30018
286     42     49     3401
287     118     45     24390
288     87     10     47347
289     85     13     5131
290     61     46     48292
291     194     11     2403
292     169     36     9599
293     147     11     38679
294     33     20     7104
295     193     3     32650
296     147     34     12159
297     127     14     23770
298     184     48     48714
299     36     23     6554
300     131     16     4817
301     177     38     13721
302     13     38     15971
303     102     8     29813
304     177     3     4637
305     136     35     16901
306     198     46     23412
307     98     30     4068
308     24     21     3491
309     191     3     42755
310     105     45     10056
311     43     48     19660
312     11     10     9457
313     170     23     18541
314     63     38     1379
315     80     24     8166
316     178     13     45011
317     6     20     3028
318     87     31     24142
319     86     37     37186
320     164     1     2404
321     173     49     3342
322     25     41     3023
323     98     44     4049
324     18     29     14704
325     55     17     49452
326     183     39     5912
327     58     35     20100
328     69     45     12087
329     29     4     16690
330     71     2     42747
331     66     46     9945
332     113     47     8541
333     115     4     5880
334     181     22     45477
335     117     44     10427
336     106     28     21130
337     6     28     1635
338     2     23     7117
339     143     1     14283
340     64     29     1698
341     167     30     15345
342     69     35     15006
343     7     49     33520
344     194     36     10944
345     171     7     2122
346     157     41     23841
347     104     21     6283
348     175     23     33054
349     159     36     5939
350     70     36     23988
351     87     46     43255
352     22     38     9703
353     26     45     18721
354     3     6     8463
355     118     37     39477
356     155     21     9693
357     195     2     15446
358     15     49     12508
359     174     18     15540
360     72     2     48377
361     53     42     2391
362     146     15     39550
363     117     20     4581
364     93     6     17842
365     36     4     48591
366     62     12     763
367     157     36     5792
368     167     7     2143
369     155     4     16482
370     109     42     44740
371     194     2     5531
372     53     10     38894
373     188     42     7880
374     151     33     32058
375     170     38     10188
376     99     13     35424
377     199     37     7997
378     162     27     10934
379     45     33     38550
380     52     31     10317
381     93     42     3609
382     185     8     48479
383     28     8     2674
384     62     17     2121
385     37     49     18559
386     118     49     16188
387     34     1     14130
388     118     13     48019
389     40     7     5879
390     183     7     40092
391     159     40     804
392     86     39     39493
393     141     34     4574
394     4     33     30358
395     13     15     5755
396     21     36     3894
397     10     6     45357
398     35     4     7943
399     195     2     21055
400     3     44     25550
401     131     17     9129
402     144     37     17366
403     51     31     6049
404     7     49     33593
405     98     43     11342
406     105     41     32265
407     21     8     9225
408     27     2     7781
409     166     35     2180
410     95     47     22678
411     78     39     9745
412     76     20     47032
413     118     15     3895
414     160     14     33815
415     179     49     7416
416     133     39     41766
417     59     12     9767
418     195     20     44096
419     171     15     6364
420     106     49     10727
421     85     40     38690
422     35     1     7117
423     10     13     24866
424     134     33     11511
425     9     1     44718
426     181     47     4125
427     136     5     21130
428     97     32     29716
429     151     48     6840
430     91     29     43240
431     152     14     1214
432     181     14     13293
433     113     36     40900
434     89     20     2489
435     104     16     11329
436     65     7     28111
437     88     37     6721
438     13     27     38467
439     52     10     7514
440     13     33     40268
441     1     35     9952
442     106     18     39504
443     159     26     6994
444     37     8     23905
445     133     43     13640
446     85     14     30607
447     160     14     4754
448     61     17     32825
449     199     49     7593
450     180     29     36786
451     61     17     5482
452     150     45     8394
453     67     18     36127
454     18     39     11612
455     29     31     45677
456     24     15     1851
457     64     19     47506
458     30     1     6952
459     72     20     17997
460     42     2     35084
461     132     3     3870
462     27     22     39143
463     53     34     8862
464     142     12     26914
465     59     19     7654
466     188     30     139
467     58     15     14576
468     146     42     19817
469     77     13     10137
470     198     23     47064
471     43     19     3736
472     46     18     48735
473     195     42     12008
474     161     9     44282
475     187     45     8943
476     26     29     21073
477     174     8     12312
478     44     1     40935
479     51     35     3241
480     21     26     21724
481     100     37     36421
482     180     2     7429
483     167     2     14945
484     141     32     16708
485     178     17     37110
486     76     19     7290
487     177     3     5073
488     61     29     39851
489     35     8     8456
490     130     22     109
491     98     36     38286
492     82     20     4624
493     67     30     42215
494     177     11     9172
495     85     30     11365
496     113     22     36697
497     20     9     5008
498     130     13     1528
499     198     37     28418
500     71     12     11573
