1     11     29     1265
2     26     29     71
3     4     8     434
4     21     20     426
5     23     34     1070
6     4     3     152
7     36     44     322
8     23     19     1401
9     48     18     79
10     49     2     1315
11     8     22     290
12     8     12     744
13     25     34     1327
14     19     37     291
15     5     28     1439
16     38     43     253
17     3     38     1026
18     34     7     55
19     4     43     1202
20     18     37     209
21     41     46     498
22     5     22     1371
23     17     49     47
24     30     1     546
25     22     9     1505
26     33     12     136
27     16     1     268
28     28     27     512
29     10     14     478
30     29     7     1412
31     35     49     294
32     48     16     220
33     9     41     647
34     24     37     945
35     48     47     126
36     9     18     26
37     19     38     1196
38     3     9     376
39     48     23     1377
40     34     27     306
41     39     5     928
42     14     15     321
43     17     46     588
44     31     47     1020
45     32     38     58
46     8     40     104
47     5     43     889
48     1     42     337
49     5     18     368
50     41     17     1456
51     6     39     93
52     37     3     1472
53     14     11     71
54     14     30     1202
55     4     28     120
56     19     3     170
57     41     19     706
58     44     2     1398
59     43     22     342
60     42     19     428
61     28     45     668
62     24     1     1259
63     24     11     89
64     33     33     1039
65     7     41     111
66     26     30     15
67     21     16     880
68     21     12     101
69     10     18     1402
70     18     15     331
71     46     33     385
72     46     11     1245
73     42     16     154
74     14     10     791
75     29     46     305
76     25     27     569
77     6     23     861
78     38     1     96
79     7     7     1017
80     15     14     6
81     22     8     312
82     43     7     1094
83     24     26     255
84     21     4     1440
85     31     2     248
86     22     25     816
87     37     1     18
88     8     37     359
89     49     37     1489
90     38     33     372
91     40     16     608
92     28     47     698
93     17     37     537
94     19     7     905
95     33     43     102
96     26     45     458
97     49     6     1057
98     35     19     318
99     4     22     619
100     34     34     347
101     31     15     567
102     7     10     473
103     47     18     1233
104     36     46     183
105     29     14     402
106     44     19     1493
107     5     46     35
108     42     31     1004
109     22     15     195
110     44     10     8
111     12     27     109
112     33     42     695
113     4     11     88
114     4     43     1084
115     4     15     209
116     12     37     66
117     25     6     332
118     35     3     1141
119     22     14     369
120     40     45     1422
121     37     1     197
122     8     5     72
123     10     29     613
124     17     45     1209
125     47     31     175
126     42     18     878
127     34     10     111
128     14     37     638
129     19     49     644
130     27     18     375
131     2     10     538
132     25     39     161
133     32     13     510
134     22     13     108
135     45     48     728
136     32     43     331
137     13     43     1416
138     45     40     92
139     1     42     235
140     25     31     1417
141     11     16     266
142     24     9     1399
143     5     43     85
144     40     17     1220
145     35     37     345
146     36     25     35
147     37     13     562
148     26     43     670
149     5     24     849
150     11     5     241
151     26     21     949
152     3     34     2
153     47     38     662
154     18     6     993
155     39     26     317
156     7     6     1030
157     27     22     17
158     16     15     1437
159     14     29     342
160     1     43     1319
161     44     18     42
162     7     28     849
163     8     2     247
164     39     33     616
165     31     11     1432
166     48     46     97
167     11     10     192
168     46     11     1189
169     44     22     138
170     29     46     1516
171     17     26     315
172     43     18     455
173     20     7     1098
174     43     49     165
175     13     5     1313
176     44     9     175
177     16     45     1105
178     13     29     373
179     11     47     322
180     29     17     834
181     14     1     369
182     35     31     737
183     10     8     979
184     21     22     168
185     11     38     1292
186     42     8     326
187     5     36     1105
188     45     7     76
189     15     33     103
190     20     46     175
191     18     9     614
192     36     46     1039
193     1     7     223
194     39     41     215
195     21     47     437
196     23     11     1130
197     23     38     13
198     18     23     1142
199     7     3     28
200     44     43     379
201     42     20     362
202     41     25     1413
203     25     2     251
204     27     25     1043
205     37     47     134
206     37     21     569
207     18     8     80
208     38     35     1354
209     19     20     87
210     8     18     288
211     12     43     222
212     24     23     915
213     9     37     119
214     10     28     540
215     21     33     958
216     21     49     103
217     42     40     1241
218     15     45     253
219     37     5     1263
220     44     24     321
221     8     11     1250
222     11     24     370
223     31     31     1356
224     3     33     141
225     37     5     1111
226     48     31     32
227     33     29     1456
228     39     9     348
229     36     31     1358
230     6     17     115
231     15     24     373
232     47     49     211
233     14     6     551
234     24     33     1088
235     19     19     150
236     22     26     1189
237     29     10     73
238     2     5     164
239     22     25     734
240     24     1     1086
241     24     5     376
242     22     36     1301
243     40     42     236
244     42     39     250
245     36     36     864
246     7     37     249
247     16     28     1179
248     7     41     41
249     49     29     731
250     36     22     933
251     35     46     36
252     21     40     996
253     2     23     370
254     37     28     472
255     15     43     1110
256     41     3     60
257     29     28     0
258     33     47     446
259     33     45     382
260     32     2     373
261     49     2     493
262     21     8     556
263     34     46     740
264     38     14     357
265     41     31     59
266     32     42     906
267     19     19     144
268     14     40     948
269     20     44     13
270     12     25     1047
271     3     21     15
272     31     48     197
273     48     41     367
274     15     14     903
275     5     9     280
276     18     18     486
277     39     45     1497
278     12     20     62
279     12     41     1128
280     45     23     42
281     29     4     1047
282     23     10     344
283     25     21     397
284     29     5     927
285     28     47     9
286     6     8     123
287     19     35     1406
288     21     42     121
289     35     44     379
290     20     43     450
291     22     20     1131
292     4     28     145
293     1     36     715
294     14     28     148
295     45     25     1491
296     30     13     197
297     28     34     947
298     37     40     47
299     13     43     1461
300     43     31     139
301     27     38     320
302     37     4     465
303     36     6     328
304     4     4     645
305     27     11     556
306     37     43     1456
307     25     49     244
308     43     15     27
309     7     8     956
310     13     4     177
311     22     41     629
312     43     39     1358
313     3     7     374
314     25     47     1153
315     32     49     287
316     19     41     464
317     17     45     547
318     20     35     234
319     48     16     504
320     36     36     549
321     43     48     1095
322     32     30     349
323     16     38     261
324     30     43     895
325     1     31     258
326     21     23     1258
327     47     36     327
328     28     47     100
329     42     8     1081
330     36     29     87
331     35     27     1360
332     24     19     349
333     22     34     558
334     21     14     1060
335     18     8     25
336     24     28     901
337     22     27     310
338     2     31     421
339     15     39     181
340     45     15     903
341     24     10     100
342     47     24     699
343     30     4     761
344     5     12     21
345     32     44     1487
346     35     14     351
347     42     22     393
348     35     31     940
349     30     49     132
350     10     19     575
351     30     33     250
352     20     11     386
353     5     13     1152
354     29     19     240
355     18     48     1378
356     49     29     368
357     11     36     548
358     16     24     1265
359     48     37     19
360     28     15     1047
361     14     48     292
362     45     4     836
363     27     45     127
364     1     40     1151
365     24     1     186
366     15     31     1257
367     39     15     292
368     22     43     98
369     12     27     259
370     2     47     679
371     12     45     1066
372     49     47     368
373     6     17     559
374     32     42     1500
375     3     40     329
376     26     41     265
377     40     36     207
378     9     34     252
379     20     14     714
380     15     36     1091
381     30     9     203
382     12     26     1409
383     21     44     225
384     10     3     806
385     44     1     199
386     48     24     169
387     2     26     250
388     22     48     228
389     20     48     445
390     2     29     972
391     32     40     41
392     19     35     1171
393     37     41     151
394     22     32     896
395     19     40     361
396     14     12     1509
397     15     29     47
398     41     42     121
399     25     9     1308
400     1     10     81
401     8     48     1059
402     37     31     276
403     30     37     906
404     25     3     117
405     19     5     432
406     12     38     737
407     38     12     193
408     7     44     770
409     5     24     302
410     2     30     956
411     37     31     112
412     22     19     991
413     33     4     3
414     39     20     1085
415     49     14     289
416     14     19     495
417     9     14     933
418     17     12     343
419     46     21     1442
420     22     42     344
421     16     13     145
422     15     5     1341
423     5     47     301
424     44     2     639
425     31     47     860
426     26     48     290
427     15     15     632
428     41     21     419
429     23     1     1067
430     17     39     20
431     8     25     247
432     3     10     621
433     46     15     801
434     39     5     325
435     33     7     230
436     8     47     911
437     13     3     240
438     39     7     106
439     5     38     129
440     23     34     546
441     29     41     167
442     14     14     255
443     42     5     705
444     39     29     433
445     5     17     675
446     20     47     611
447     12     4     1348
448     20     9     9
449     9     7     715
450     28     18     1160
451     30     10     259
452     26     42     1352
453     18     9     187
454     24     23     1423
455     7     41     87
456     16     47     884
457     29     25     159
458     1     9     740
459     26     19     333
460     44     17     1100
461     30     30     350
462     16     27     179
463     44     41     949
464     14     14     316
465     17     12     749
466     28     36     1168
467     42     24     303
468     40     20     1029
469     27     48     49
470     16     25     454
471     29     41     983
472     18     33     343
473     18     11     935
474     23     43     124
475     34     33     639
476     19     13     374
477     11     19     268
478     10     34     920
479     35     42     207
480     10     9     1052
481     14     9     4
482     28     10     635
483     4     7     108
484     33     17     708
485     30     38     1458
486     35     46     323
487     11     34     1400
488     47     41     266
489     15     8     1015
490     27     3     194
491     16     44     1277
492     33     45     26
493     22     16     63
494     48     19     671
495     20     2     1327
496     23     38     116
497     6     25     901
498     14     42     157
499     9     5     559
500     24     11     243
