1     54     170     4248
2     88     89     169
3     62     149     4316
4     71     172     745
5     48     145     1429
6     69     86     4665
7     49     49     606
8     29     91     4995
9     19     183     1225
10     82     91     4440
11     72     74     969
12     40     54     4687
13     24     82     596
14     80     171     2012
15     26     46     2082
16     7     7     1792
17     17     125     1226
18     93     17     4339
19     97     144     435
20     26     178     4330
21     50     90     1103
22     35     194     947
23     8     121     2279
24     52     100     4945
25     44     118     882
26     68     119     1900
27     40     15     2504
28     10     126     575
29     38     165     3114
30     32     32     510
31     43     37     3696
32     25     25     244
33     25     5     88
34     90     11     174
35     12     135     1533
36     62     8     4016
37     26     196     1094
38     58     65     208
39     60     75     4363
40     16     26     420
41     70     98     1004
42     89     19     538
43     40     92     4694
44     79     111     0
45     37     59     2007
46     62     26     3608
47     14     194     960
48     29     136     2115
49     73     66     2913
50     3     163     566
51     41     124     2166
52     98     11     3227
53     46     38     1004
54     1     44     3758
55     83     191     38
56     39     100     3859
57     85     135     1184
58     81     145     536
59     84     18     3370
60     54     197     929
61     47     172     3287
62     74     101     273
63     30     109     2320
64     86     60     135
65     65     45     2527
66     3     2     2659
67     71     67     237
68     98     190     1065
69     58     170     3841
70     64     116     65
71     29     80     4705
72     29     97     754
73     65     78     246
74     63     102     4430
75     32     190     838
76     18     1     2235
77     77     189     599
78     27     61     632
79     91     169     4689
80     91     20     757
81     8     2     2834
82     60     4     873
83     80     26     4404
84     29     177     587
85     64     106     1816
86     29     66     364
87     5     65     1813
88     73     76     527
89     87     137     4525
90     3     157     903
91     28     177     501
92     55     141     1935
93     57     67     2587
94     55     34     1168
95     51     116     3415
96     84     89     464
97     17     186     4008
98     99     6     506
99     7     53     2328
100     44     82     2586
101     30     55     1001
102     49     8     2235
103     37     65     2518
104     20     112     1108
105     15     56     3314
106     78     60     521
107     72     151     3782
108     27     115     471
109     86     123     2866
110     86     55     140
111     93     192     3873
112     34     4     1144
113     35     76     3380
114     60     115     1002
115     46     157     2263
116     50     172     4449
117     99     90     290
118     51     118     5047
119     32     38     473
120     96     62     200
121     70     177     1388
122     25     80     4994
123     35     78     433
124     13     43     489
125     14     16     4694
126     51     125     370
127     54     91     711
128     93     141     373
129     5     3     2241
130     12     93     1846
131     63     107     1062
132     3     158     4740
133     3     38     781
134     72     10     3581
135     35     90     1026
136     66     77     3913
137     53     68     108
138     16     182     1575
139     39     195     4279
140     6     161     521
141     48     60     1877
142     12     110     3166
143     45     31     1084
144     77     138     2885
145     14     121     272
146     69     53     3839
147     20     80     796
148     84     146     1053
149     65     107     3621
150     45     175     994
151     80     17     842
152     53     147     1015
153     89     170     1715
154     35     22     1453
155     72     18     743
156     92     96     4668
157     21     59     472
158     59     133     2470
159     36     164     1564
160     1     47     4233
161     25     186     1047
162     81     51     2764
163     55     46     989
164     53     194     4500
165     77     18     332
166     30     50     2198
167     44     192     990
168     81     109     4308
169     83     133     1152
170     59     131     906
171     22     114     3116
172     50     18     894
173     84     41     1989
174     48     122     2737
175     1     165     475
176     96     40     756
177     93     86     648
178     74     55     4802
179     57     163     253
180     38     177     767
181     33     30     1130
182     78     151     4940
183     85     77     151
184     28     2     4917
185     17     161     68
186     43     83     3819
187     82     73     558
188     38     153     4706
189     89     75     363
190     45     136     2567
191     79     3     1161
192     73     91     2163
193     62     163     3826
194     8     144     700
195     98     139     3585
196     8     157     100
197     92     194     1829
198     68     43     1710
199     73     21     4834
200     81     2     895
201     72     24     2559
202     20     52     877
203     46     49     1457
204     59     112     881
205     9     169     1250
206     75     74     983
207     54     125     1292
208     31     21     2320
209     70     150     1171
210     24     39     5000
211     46     49     297
212     33     120     936
213     85     100     3378
214     43     143     42
215     54     167     3029
216     48     7     865
217     70     179     94
218     16     144     2492
219     55     136     1857
220     61     12     4916
221     83     62     534
222     66     118     4340
223     34     173     843
224     65     134     3636
225     9     5     142
226     57     91     2350
227     4     145     3094
228     78     46     668
229     43     1     2952
230     15     97     967
231     57     95     142
232     4     1     3135
233     32     108     907
234     51     98     2502
235     91     148     4760
236     58     5     290
237     86     96     2444
238     71     102     1881
239     46     31     2288
240     75     162     3783
241     6     19     126
242     78     180     4739
243     19     38     1113
244     89     20     2185
245     89     159     2845
246     28     13     448
247     56     93     219
248     4     95     4560
249     77     119     276
250     37     199     3120
251     69     48     255
252     33     168     2998
253     7     171     758
254     60     139     4730
255     87     19     730
256     56     148     4704
257     29     35     744
258     86     129     2977
259     55     101     153
260     71     22     4841
261     5     149     384
262     32     136     3475
263     17     126     37
264     17     60     2882
265     42     80     57
266     66     148     223
267     19     70     4357
268     38     32     81
269     93     164     162
270     44     68     2002
271     11     56     4003
272     38     8     953
273     58     15     3802
274     66     171     1121
275     34     17     957
276     36     193     690
277     93     58     3890
278     22     133     661
279     43     38     4124
280     48     179     138
281     68     190     1404
282     97     16     4078
283     24     46     336
284     69     117     306
285     3     89     4429
286     70     93     748
287     75     142     4887
288     24     116     419
289     82     186     2414
290     54     174     3602
291     9     111     651
292     55     175     3745
293     89     78     1142
294     73     188     3282
295     28     112     842
296     60     198     2123
297     57     115     2976
298     40     74     592
299     15     83     1796
300     98     174     447
301     4     196     262
302     52     164     4319
303     16     69     952
304     61     142     358
305     98     1     1560
306     79     190     2187
307     52     91     3321
308     47     157     468
309     38     5     637
310     22     138     107
311     6     100     486
312     53     70     3549
313     92     188     190
314     95     44     3083
315     15     42     1035
316     39     153     2204
317     5     85     3419
318     70     29     150
319     11     15     32
320     71     82     2446
321     73     133     1911
322     75     167     1635
323     26     154     1475
324     20     190     562
325     55     93     1943
326     81     128     1880
327     8     41     872
328     60     143     3912
329     59     198     928
330     68     188     1373
331     27     191     4506
332     53     193     239
333     71     82     646
334     16     166     1094
335     48     70     1728
336     45     67     696
337     60     32     4366
338     46     34     390
339     20     59     4176
340     80     18     391
341     78     165     2968
342     70     110     1044
343     12     38     2837
344     46     197     702
345     14     62     758
346     50     89     4253
347     50     171     243
348     2     106     1409
349     28     92     3079
350     79     56     573
351     95     176     3762
352     99     73     226
353     96     199     3930
354     90     146     208
355     22     169     4443
356     62     111     649
357     64     81     2217
358     15     165     2424
359     95     172     4866
360     53     76     1115
361     71     12     3193
362     22     65     241
363     57     24     679
364     94     100     3777
365     94     26     372
366     12     59     5029
367     45     46     801
368     36     158     4879
369     46     188     648
370     41     2     1326
371     30     181     2467
372     82     40     4391
373     41     167     1113
374     9     93     1736
375     79     63     1416
376     8     39     313
377     17     158     2629
378     17     132     341
379     51     176     500
380     38     175     1045
381     98     24     1056
382     58     137     2188
383     47     21     4372
384     90     186     925
385     75     194     1134
386     51     8     4485
387     16     194     259
388     74     22     2663
389     37     39     82
390     12     38     4995
391     9     105     419
392     80     190     4599
393     5     29     119
394     68     90     2058
395     39     86     2943
396     99     199     323
397     78     149     4979
398     72     148     928
399     82     177     2520
400     87     188     4854
401     97     111     27
402     96     45     596
403     89     17     2574
404     30     157     484
405     14     179     1526
406     37     167     277
407     18     12     1272
408     81     100     1667
409     67     170     4923
410     44     37     193
411     45     111     2610
412     91     44     1213
413     53     145     2828
414     74     35     1005
415     5     91     4141
416     18     174     569
417     72     63     2176
418     16     71     1694
419     41     30     1313
420     65     116     3505
421     4     114     697
422     16     69     3807
423     51     109     815
424     30     8     2289
425     96     32     1557
426     53     82     3239
427     66     192     487
428     72     152     3493
429     38     26     1035
430     92     176     4747
431     81     156     63
432     58     182     1989
433     13     23     4218
434     86     97     674
435     73     142     1546
436     8     147     2564
437     21     156     904
438     90     84     1280
439     46     131     2266
440     41     179     2864
441     1     13     69
442     12     99     2164
443     20     115     234
444     39     30     4413
445     35     96     996
446     78     56     1247
447     82     104     2370
448     69     167     3112
449     40     114     813
450     83     171     1275
451     7     168     1408
452     60     191     1726
453     99     158     3120
454     40     182     892
455     19     180     61
456     84     28     3773
457     17     93     1123
458     38     117     894
459     51     32     35
460     82     13     382
461     43     123     4145
462     56     192     387
463     60     74     485
464     78     1     832
465     13     85     3469
466     35     95     998
467     78     70     3979
468     17     121     1247
469     34     43     793
470     57     84     3780
471     61     64     1018
472     22     118     3644
473     74     21     138
474     67     105     4037
475     55     78     102
476     79     20     210
477     34     163     3290
478     94     20     177
479     11     157     4240
480     99     97     1112
481     67     81     4678
482     79     149     1021
483     22     142     3509
484     44     172     1236
485     86     151     1286
486     73     39     2826
487     5     84     1190
488     88     169     3274
489     56     149     899
490     8     77     4357
491     37     32     400
492     33     194     3963
493     4     58     961
494     86     92     3648
495     18     12     69
496     63     34     2700
497     51     142     1198
498     65     3     428
499     42     135     3138
500     58     51     1025
