50.049     10237     9935.6
50.044     10237     9935.6
50.044     10237     9935.6
50.049     10237     9935.6
50.049     10237     9935.6
50.049     10237     9935.6
50.049     10237     9935.6
50.044     10237     9935.6
50.044     10237     9935.6
50.049     10237     9935.6
             
50.055     9585     9405.4
50.022     9641     9405.4
50.022     9641     9405.4
50.055     9585     9405.4
50.055     9641     9405.4
50.055     9641     9405.4
50.055     9585     9405.4
50.022     9641     9405.4
50.022     9641     9405.4
50.055     9641     9405.4
             
50.050     10192     9930
50.010     10245     9930
50.010     10245     9930
50.050     10192     9930
50.050     10245     9930
50.050     10245     9930
50.050     10192     9930
50.010     10245     9930
50.010     10245     9930
50.050     10245     9930
             
50.067     9907     9695.8
50.032     9894     9695.8
50.032     9894     9695.8
50.067     9907     9695.8
50.067     9907     9695.8
50.067     9907     9695.8
50.067     9907     9695.8
50.032     9894     9695.8
50.032     9894     9695.8
50.067     9907     9695.8
             
50.042     9848     9577.4
50.047     9913     9577.4
50.047     9913     9577.4
50.042     9848     9577.4
50.047     9913     9577.4
50.047     9913     9577.4
50.042     9848     9577.4
50.047     9913     9577.4
50.047     9913     9577.4
50.047     9913     9577.4
             
50.020     10545     10207.4
50.054     10494     10207.4
50.054     10494     10207.4
50.020     10545     10207.4
50.054     10545     10207.4
50.054     10545     10207.4
50.020     10545     10207.4
50.054     10494     10207.4
50.054     10494     10207.4
50.054     10545     10207.4
             
50.043     10312     9979.8
50.001     10333     9979.8
50.001     10333     9979.8
50.043     10312     9979.8
50.043     10333     9979.8
50.043     10333     9979.8
50.043     10312     9979.8
50.001     10333     9979.8
50.001     10333     9979.8
50.043     10333     9979.8
             
50.061     10128     9813.8
50.054     10113     9813.8
50.054     10113     9813.8
50.061     10128     9813.8
50.061     10128     9813.8
50.061     10128     9813.8
50.061     10128     9813.8
50.054     10113     9813.8
50.054     10113     9813.8
50.061     10128     9813.8
             
50.066     10188     9940.6
50.045     10182     9940.6
50.045     10182     9940.6
50.066     10188     9940.6
50.066     10188     9940.6
50.066     10188     9940.6
50.066     10188     9940.6
50.045     10182     9940.6
50.045     10182     9940.6
50.066     10188     9940.6
             
50.035     9778     9555.4
50.014     9741     9555.4
50.014     9741     9555.4
50.035     9778     9555.4
50.035     9778     9555.4
50.035     9778     9555.4
50.035     9778     9555.4
50.014     9741     9555.4
50.014     9741     9555.4
50.035     9778     9555.4
             
