50.000     10304     9935.6
50.000     10304     9935.6
50.000     10304     9935.6
50.000     10304     9935.6
50.000     10304     9935.6
50.000     10304     9935.6
50.000     10304     9935.6
50.000     10304     9935.6
50.000     10304     9935.6
50.000     10304     9935.6
             
50.000     9730     9405.4
50.001     9721     9405.4
50.001     9721     9405.4
50.000     9730     9405.4
50.001     9730     9405.4
50.001     9730     9405.4
50.000     9730     9405.4
50.001     9721     9405.4
50.001     9721     9405.4
50.001     9730     9405.4
             
50.001     10353     9930
50.000     10359     9930
50.000     10359     9930
50.001     10353     9930
50.001     10359     9930
50.001     10359     9930
50.001     10353     9930
50.000     10359     9930
50.000     10359     9930
50.001     10359     9930
             
50.001     9974     9695.8
50.000     9933     9695.8
50.000     9933     9695.8
50.001     9974     9695.8
50.001     9974     9695.8
50.001     9974     9695.8
50.001     9974     9695.8
50.000     9933     9695.8
50.000     9933     9695.8
50.001     9974     9695.8
             
50.000     9995     9577.4
50.000     9995     9577.4
50.000     9995     9577.4
50.000     9995     9577.4
50.000     9995     9577.4
50.000     9995     9577.4
50.000     9995     9577.4
50.000     9995     9577.4
50.000     9995     9577.4
50.000     9995     9577.4
             
50.000     10606     10207.4
50.001     10554     10207.4
50.001     10554     10207.4
50.000     10606     10207.4
50.001     10606     10207.4
50.001     10606     10207.4
50.000     10606     10207.4
50.001     10554     10207.4
50.001     10554     10207.4
50.001     10606     10207.4
             
50.000     10358     9979.8
50.000     10363     9979.8
50.000     10363     9979.8
50.000     10358     9979.8
50.000     10363     9979.8
50.000     10363     9979.8
50.000     10358     9979.8
50.000     10363     9979.8
50.000     10363     9979.8
50.000     10363     9979.8
             
50.000     10215     9813.8
50.000     10195     9813.8
50.000     10195     9813.8
50.000     10215     9813.8
50.000     10215     9813.8
50.000     10215     9813.8
50.000     10215     9813.8
50.000     10195     9813.8
50.000     10195     9813.8
50.000     10215     9813.8
             
50.001     10272     9940.6
50.001     10292     9940.6
50.001     10292     9940.6
50.001     10272     9940.6
50.001     10292     9940.6
50.001     10292     9940.6
50.001     10272     9940.6
50.001     10292     9940.6
50.001     10292     9940.6
50.001     10292     9940.6
             
50.001     9770     9555.4
50.001     9785     9555.4
50.001     9785     9555.4
50.001     9770     9555.4
50.001     9785     9555.4
50.001     9785     9555.4
50.001     9770     9555.4
50.001     9785     9555.4
50.001     9785     9555.4
50.001     9785     9555.4
             
