5     907     872.2
5     908     872.2
5     906     872.2
5     906     872.2
5     908     872.2
5     908     872.2
5     906     872.2
5     906     872.2
5     908     872.2
5     908     872.2
             
5     1045     959.2
5     1044     959.2
5     1043     959.2
5     1043     959.2
5     1045     959.2
5     1045     959.2
5     1043     959.2
5     1043     959.2
5     1044     959.2
5     1045     959.2
             
5     1030     976.2
5     1050     976.2
5     1030     976.2
5     1050     976.2
5     1050     976.2
5     1050     976.2
5     1050     976.2
5     1030     976.2
5     1050     976.2
5     1050     976.2
             
5     990     927.2
5     986     927.2
5     969     927.2
5     969     927.2
5     990     927.2
5     990     927.2
5     969     927.2
5     969     927.2
5     986     927.2
5     990     927.2
             
5     1051     967.6
5     1051     967.6
5     1042     967.6
5     1042     967.6
5     1051     967.6
5     1051     967.6
5     1042     967.6
5     1042     967.6
5     1051     967.6
5     1051     967.6
             
5     1079     1031
5.001     1078     1031
5     1078     1031
5     1078     1031
5.001     1079     1031
5.001     1079     1031
5     1078     1031
5     1078     1031
5.001     1078     1031
5.001     1079     1031
             
5     912     874.2
5     912     874.2
5.001     903     874.2
5.001     903     874.2
5     902     874.2
5     902     874.2
5.001     903     874.2
5.001     903     874.2
5     912     874.2
5     912     874.2
             
5     999     927
5     998     927
5     1002     927
5     999     927
5     999     927
5     999     927
5     999     927
5     1002     927
5     998     927
5     999     927
             
5     968     885.2
5     972     885.2
5     960     885.2
5     972     885.2
5     972     885.2
5     972     885.2
5     972     885.2
5     960     885.2
5     972     885.2
5     972     885.2
             
5     938     868.4
5     945     868.4
5.001     945     868.4
5.001     939     868.4
5     945     868.4
5     945     868.4
5.001     939     868.4
5.001     945     868.4
5     945     868.4
5     945     868.4
             
