20.010     9958     9759
20.115     9958     9759
20.115     9958     9759
20.010     9958     9759
20.115     9958     9759
20.115     9958     9759
20.010     9958     9759
20.115     9958     9759
20.115     9958     9759
20.115     9958     9759
             
20.000     10299     10098
20.009     10299     10098
20.009     10299     10098
20.000     10299     10098
20.009     10299     10098
20.009     10299     10098
20.000     10299     10098
20.009     10299     10098
20.009     10250     10098
20.009     10310    10098
             
20.880     10271     10006
20.295     10282     10006
20.295     10282     10006
20.880     10271     10006
20.880     10282     10006
20.880     10282     10006
20.880     10271     10006
20.295     10282     10006
20.295     10282     10006
20.880     10282     10006
             
20.001     9872     9670.5
20.008     9872     9670.5
20.008     9872     9670.5
20.001     9872     9670.5
20.008     9872     9670.5
20.008     9872     9670.5
20.001     9872     9670.5
20.008     9872     9670.5
20.008     9872     9670.5
20.008     9872     9670.5
             
20.002     10012     9912.5
20.011     10012     9912.5
20.011     10012     9912.5
20.002     10012     9912.5
20.011     10012     9912.5
20.011     10012     9912.5
20.002     10115    9912.5
20.011     10012     9912.5
20.011     10012     9912.5
20.011     10012     9912.5
             
20.006     10082     9834.5
20.009     10132     9834.5
20.009     10082     9834.5
20.006     10082     9834.5
20.009     10082     9834.5
20.009     10082     9834.5
20.006     10082     9834.5
20.009     10082     9834.5
20.009     10082     9834.5
20.009     10082     9834.5
             
20.228     9883     9783.5
20.000     9883     9783.5
20.000     9883     9783.5
20.228     9883     9783.5
20.228     9883     9783.5
20.228     9957     9783.5
20.228     9883     9783.5
20.000     9883     9783.5
20.000     9883     9783.5
20.228     9883     9783.5
             
20.991     10409     10158.5
20.005     10459     10158.5
20.005     10459     10158.5
20.991     10409     10158.5
20.991     10459     10158.5
20.991     10459     10158.5
20.991     10409     10158.5
20.005     10459     10158.5
20.005     10459     10158.5
20.991     10459     10158.5
             
20.005     9791     9640
20.111     9813     9640
20.111     9791     9640
20.005     9791     9640
20.111     9791     9640
20.111     9791     9640
20.005     9741     9640
20.111     9791     9640
20.111     9813     9640
20.111     9813     9640
             
20.003     9957     9706
20.009     9907     9706
20.009     9957     9706
20.003     9957     9706
20.009     9957     9706
20.009     9957     9706
20.003     9957     9706
20.009     9957     9706
20.009     9907     9706
20.009     9957     9706
             
