1     61     15     3645
2     181     35     11224
3     64     18     1720
4     144     18     5314
5     92     37     11097
6     98     39     1935
7     69     14     7948
8     49     11     106
9     54     26     6362
10     49     49     890
11     60     20     4287
12     179     12     8148
13     101     24     26
14     150     46     5545
15     199     48     5868
16     165     26     1305
17     102     20     9085
18     11     7     2154
19     197     1     1698
20     44     40     8233
21     46     1     2454
22     3     19     8672
23     67     19     1158
24     123     20     7102
25     70     17     2814
26     186     13     1500
27     11     47     483
28     48     4     848
29     102     10     3981
30     145     28     3537
31     113     32     6435
32     64     32     1625
33     42     29     5074
34     195     17     1626
35     148     46     4505
36     12     47     1083
37     92     25     10377
38     15     11     1062
39     70     33     9742
40     75     33     1361
41     33     22     8258
42     171     8     254
43     193     23     9971
44     183     33     1938
45     146     14     3610
46     77     37     9261
47     23     31     1510
48     24     10     9670
49     20     16     634
50     106     10     4583
51     28     7     7474
52     74     12     2744
53     70     46     4862
54     158     23     3687
55     119     27     74
56     167     25     7052
57     115     19     1566
58     21     48     5487
59     79     49     2368
60     89     36     1535
61     188     7     4196
62     174     42     10175
63     56     38     719
64     128     30     8679
65     197     17     629
66     41     8     370
67     173     39     5322
68     164     18     1144
69     14     46     8631
70     36     48     2511
71     71     40     5349
72     117     41     4110
73     108     25     9763
74     70     11     1165
75     138     24     514
76     20     2     7472
77     19     21     1097
78     144     16     7394
79     20     21     707
80     88     31     884
81     21     1     4452
82     144     28     3944
83     11     33     7182
84     87     45     797
85     176     26     7703
86     71     11     1158
87     184     11     9686
88     9     29     1231
89     191     43     2333
90     140     15     7975
91     11     26     292
92     87     41     8304
93     1     27     1268
94     43     1     8921
95     32     31     2804
96     5     29     1782
97     58     2     710
98     175     9     3098
99     133     23     8786
100     153     46     1653
101     80     34     2839
102     2     12     3483
103     56     40     10181
104     67     16     962
105     75     15     755
106     148     21     1853
107     94     15     220
108     124     34     9869
109     176     7     2754
110     52     37     2055
111     137     11     3063
112     176     3     9975
113     143     47     1625
114     122     7     57
115     167     9     10693
116     131     5     2246
117     196     26     10388
118     156     31     1400
119     146     23     1770
120     174     45     28
121     167     36     9332
122     119     41     2624
123     172     3     39
124     84     40     10388
125     15     25     2530
126     169     28     10858
127     6     19     2431
128     76     17     10453
129     148     44     1121
130     132     33     2083
131     75     34     4205
132     148     28     11141
133     108     27     2192
134     13     9     1971
135     85     41     3032
136     25     1     6427
137     41     16     1010
138     184     4     2990
139     38     39     9033
140     124     12     1767
141     171     38     8356
142     167     36     1883
143     180     19     7475
144     99     2     79
145     8     49     5854
146     131     37     310
147     132     30     7144
148     67     33     64
149     92     16     8410
150     60     5     1467
151     65     46     5620
152     189     26     2893
153     128     4     2232
154     181     49     4759
155     127     16     7565
156     97     21     148
157     91     8     8260
158     46     23     34
159     48     1     9185
160     173     14     1970
161     50     1     1004
162     165     48     10934
163     122     23     182
164     166     27     458
165     24     11     78
166     171     2     3943
167     156     28     3870
168     92     42     7078
169     72     23     198
170     167     10     320
171     176     20     780
172     41     49     6060
173     132     43     1860
174     3     42     1178
175     188     44     6570
176     180     16     826
177     27     23     4455
178     40     28     9775
179     198     24     1134
180     110     21     7965
181     58     32     1762
182     15     17     10609
183     35     30     231
184     122     41     11091
185     118     15     1557
186     192     15     3699
187     87     28     10158
188     18     32     999
189     190     3     5803
190     111     3     764
191     150     12     3785
192     69     36     19
193     131     47     821
194     85     40     9114
195     122     31     1077
196     21     34     2377
197     92     7     7207
198     49     20     2115
199     111     12     2838
200     20     39     374
201     128     6     4913
202     146     23     1380
203     16     29     7382
204     71     5     1977
205     1     16     4127
206     189     17     8954
207     153     7     1671
208     130     45     447
209     197     47     7315
210     31     16     918
211     66     11     7964
212     194     21     582
213     5     14     1590
214     65     30     863
215     186     15     4881
216     31     16     8262
217     15     46     2341
218     21     25     6386
219     71     15     2546
220     30     27     8412
221     12     18     1493
222     89     6     10111
223     129     48     2787
224     109     36     8015
225     153     21     1861
226     75     28     7968
227     188     27     377
228     90     39     9123
229     17     25     1726
230     111     1     2335
231     13     4     9176
232     130     17     2163
233     139     41     8145
234     100     8     208
235     82     33     3458
236     56     7     9663
237     69     28     2457
238     3     11     4849
239     67     24     7245
240     160     36     1826
241     122     7     10564
242     140     12     2393
243     13     9     6355
244     39     40     1196
245     17     47     6867
246     176     7     2346
247     40     33     6631
248     28     10     939
249     130     5     2908
250     44     45     9715
251     16     46     1174
252     181     47     805
253     21     47     4271
254     38     31     1640
255     78     39     2295
256     187     43     8400
257     137     20     255
258     31     30     5756
259     80     6     2134
260     16     21     8192
261     34     33     1884
262     140     38     9917
263     41     23     629
264     160     42     9302
265     195     15     686
266     22     44     1993
267     196     33     1846
268     141     22     1895
269     154     37     5870
270     57     33     2715
271     21     6     1010
272     6     21     1491
273     58     15     4219
274     148     43     10945
275     172     16     2248
276     92     29     5113
277     146     25     1388
278     36     30     4742
279     8     9     9655
280     47     29     304
281     86     35     4049
282     110     36     8245
283     22     35     1956
284     35     3     2578
285     64     14     6253
286     142     38     2442
287     26     37     7042
288     124     41     763
289     15     6     341
290     187     41     7298
291     99     36     1128
292     105     17     10722
293     79     43     1120
294     37     3     1531
295     124     22     7932
296     4     28     2615
297     111     43     7145
298     86     18     2223
299     3     14     6407
300     8     25     2740
