30.033     12397     11881.8
30.033     12466     11881.8
30.033     12398     11881.8
30.050     12445     11881.8
30.050     12445     11881.8
30.050     12445     11881.8
30.050     12445     11881.8
30.033     12398     11881.8
30.033     12466     11881.8
30.033     12466     11881.8
             
30.034     11871     11639
30.048     11805     11639
30.019     11847     11639
30.034     11865     11639
30.034     11874     11639
30.034     11874     11639
30.034     11865     11639
30.019     11847     11639
30.048     11805     11639
30.048     11871     11639
             
30.002     12997     12258
30.003     13011     12258
30.017     13028     12258
30.003     12991     12258
30.019     13001     12258
30.019     13001     12258
30.003     12991     12258
30.017     13028     12258
30.003     13011     12258
30.003     13011     12258
             
30.048     12198     11546
30.049     12096     11546
30.049     12193     11546
30.034     12219     11546
30.049     12219     11546
30.049     12219     11546
30.034     12219     11546
30.049     12193     11546
30.049     12096     11546
30.049     12198     11546
             
30.047     12815     12743
30.004     12849     12743
30.017     12840     12743
30.035     12835     12743
30.035     12840     12743
30.035     12840     12743
30.035     12835     12743
30.017     12840     12743
30.004     12849     12743
30.047     12849     12743
             
30.035     12056     11523.8
30.048     12013     11523.8
30.002     12089     11523.8
30.019     12043     11523.8
30.019     12089     11523.8
30.019     12089     11523.8
30.019     12043     11523.8
30.002     12089     11523.8
30.048     12013     11523.8
30.048     12056     11523.8
             
30.019     12447     12387
30.032     12497     12387
30.018     12501     12387
30.032     12511     12387
30.032     12511     12387
30.032     12511     12387
30.032     12511     12387
30.018     12501     12387
30.032     12497     12387
30.032     12497     12387
             
30.018     12934     12138
30.048     12876     12138
30.032     12906     12138
30.033     12934     12138
30.033     12934     12138
30.033     12934     12138
30.033     12934     12138
30.032     12906     12138
30.048     12876     12138
30.048     12934     12138
             
30.019     12561     11939.6
30.017     12540     11939.6
30.017     12587     11939.6
30.020     12533     11939.6
30.033     12545     11939.6
30.033     12545     11939.6
30.020     12533     11939.6
30.017     12587     11939.6
30.017     12540     11939.6
30.019     12561     11939.6
             
30.003     13470     12767
30.035     13470     12767
30.034     13469     12767
30.048     13371     12767
30.048     13469     12767
30.048     13469     12767
30.048     13371     12767
30.034     13469     12767
30.035     13470     12767
30.035     13470     12767
             
