1     66     15     1592
2     49     135     473
3     23     164     669
4     64     154     316
5     48     179     1206
6     23     92     1918
7     4     34     647
8     50     118     798
9     70     115     650
10     84     65     2416
11     7     166     4
12     82     78     2578
13     31     46     331
14     34     161     1122
15     59     166     1829
16     50     5     260
17     56     131     1264
18     59     193     1549
19     5     149     198
20     22     62     1359
21     62     62     400
22     54     168     1546
23     4     89     37
24     9     41     1638
25     26     168     614
26     65     179     1507
27     2     147     424
28     15     178     2085
29     5     51     160
30     73     198     578
31     28     94     2564
32     56     183     201
33     59     173     740
34     42     125     1271
35     57     49     712
36     40     70     1380
37     27     154     337
38     4     23     2049
39     55     36     520
40     37     28     1615
41     30     18     200
42     50     38     1857
43     39     156     227
44     80     19     1240
45     69     183     1407
46     80     142     213
47     3     34     704
48     54     123     2531
49     62     94     659
50     44     2     2174
51     50     34     205
52     64     135     261
53     84     21     1011
54     75     134     751
55     93     117     1313
56     79     153     885
57     19     132     1796
58     54     150     316
59     77     96     1142
60     78     35     1542
61     31     1     38
62     86     176     586
63     43     73     2481
64     84     72     437
65     81     47     995
66     98     31     1872
67     42     26     59
68     42     176     558
69     29     138     1268
70     93     144     2492
71     65     136     639
72     62     27     658
73     55     81     2490
74     14     47     137
75     18     181     650
76     95     23     2113
77     21     137     317
78     87     108     976
79     55     160     1763
80     67     67     25
81     70     190     1441
82     57     116     170
83     10     129     2143
84     85     70     111
85     69     89     1229
86     4     120     2129
87     32     26     135
88     86     44     1577
89     91     39     351
90     69     106     2606
91     40     112     514
92     23     22     508
93     30     27     862
94     68     169     1581
95     83     119     261
96     40     37     350
97     37     153     1622
98     72     108     175
99     20     85     443
100     95     60     1457
101     50     57     227
102     35     62     1876
103     92     197     90
104     57     152     1171
105     85     183     1219
106     52     82     2487
107     98     25     21
108     52     16     1027
109     82     192     1801
110     64     26     633
111     16     168     2439
112     89     73     340
113     72     136     1007
114     59     77     2476
115     98     186     506
116     12     71     2134
117     75     155     453
118     96     73     1664
119     91     110     314
120     94     142     164
121     10     159     1022
122     39     7     747
123     26     132     580
124     94     131     575
125     55     137     2538
126     95     109     26
127     26     182     266
128     72     56     1123
129     27     130     85
130     68     65     2522
131     59     82     582
132     81     138     1643
133     81     141     507
134     29     168     506
135     74     181     1284
136     79     179     1981
137     89     108     500
138     73     146     2113
139     95     142     432
140     76     164     1018
141     17     177     1517
142     56     81     111
143     54     43     546
144     23     147     439
145     53     157     721
146     71     187     787
147     25     191     1105
148     46     168     119
149     28     46     225
150     10     191     368
151     22     19     978
152     36     149     2516
153     71     91     359
154     74     62     841
155     11     10     1173
156     29     160     384
157     16     170     1472
158     2     3     32
159     79     40     1552
160     6     53     577
161     74     173     1735
162     10     20     177
163     69     15     2573
164     38     9     172
165     76     47     1927
166     62     118     551
167     57     151     1138
168     32     126     1360
169     60     141     213
170     65     121     1819
171     53     90     614
172     34     147     2524
173     44     119     359
174     73     193     2272
175     68     98     269
176     53     98     1230
177     53     71     1905
178     40     113     654
179     51     116     1297
180     32     23     542
181     91     185     739
182     51     117     2169
183     26     85     146
184     2     98     883
185     53     142     84
186     54     101     919
187     79     108     1474
188     10     162     499
189     12     95     329
190     44     69     1846
191     41     145     72
192     85     58     1237
193     6     82     927
194     60     23     913
195     13     193     1608
196     25     146     457
197     13     156     550
198     91     107     628
199     63     166     1184
200     86     133     94
201     48     36     944
202     44     55     1089
203     66     89     1363
204     66     122     206
205     35     135     973
206     53     157     2512
207     49     84     338
208     25     44     2364
209     63     113     134
210     68     170     735
211     95     12     1408
212     88     129     195
213     50     191     1001
214     26     175     2211
215     34     127     116
216     84     11     1574
217     86     143     297
218     80     172     1849
219     96     98     425
220     92     20     2307
221     12     26     443
222     92     102     2636
223     46     126     120
224     44     153     95
225     58     161     1576
226     84     140     314
227     86     188     189
228     13     30     1866
229     17     180     403
230     37     198     609
231     72     16     1508
232     7     12     192
233     56     169     1717
234     27     49     248
235     49     51     703
236     83     32     2440
237     82     146     463
238     33     47     624
239     34     81     2061
240     43     154     6
241     18     169     2417
242     19     12     22
243     37     184     304
244     13     46     2259
245     30     84     64
246     28     13     1674
247     97     136     284
248     65     75     735
249     39     167     368
250     85     198     2419
251     31     13     52
252     35     93     1360
253     51     80     5
254     21     105     2308
255     72     143     454
256     8     114     1011
257     37     184     2468
258     4     145     465
259     95     26     1946
260     75     78     592
261     81     15     2558
262     14     88     363
263     78     174     243
264     35     61     1644
265     23     105     574
266     79     189     1786
267     53     37     368
268     11     69     1424
269     23     142     532
270     37     74     555
271     70     59     943
272     49     13     2584
273     60     29     185
274     79     124     1039
275     44     177     2571
276     95     179     36
277     21     93     2366
278     44     91     386
279     94     124     1559
280     59     106     295
281     68     74     2323
282     34     68     317
283     93     198     406
284     72     177     2533
285     4     51     293
286     10     79     2574
287     54     80     228
288     16     18     134
289     61     43     1558
290     14     176     404
291     7     156     1599
292     39     157     293
293     84     166     397
294     14     117     2086
295     99     60     190
296     16     63     995
297     37     38     1659
298     89     84     86
299     76     173     1615
300     97     197     164
301     7     88     257
302     48     163     2279
303     1     70     337
304     50     118     13
305     99     179     854
306     87     62     1065
307     28     83     1827
308     99     103     318
309     8     1     817
310     46     82     1724
311     7     78     576
312     64     157     2441
313     63     94     559
314     1     59     1815
315     40     106     367
316     47     34     2199
317     50     74     244
318     79     165     1313
319     55     90     2100
320     84     55     413
321     35     101     591
322     29     39     1852
323     50     171     366
324     82     147     1218
325     70     85     2044
326     23     8     46
327     59     101     792
328     57     154     978
329     8     126     2518
330     96     39     144
331     80     61     1294
332     51     67     2007
333     53     132     484
334     29     111     2199
335     76     2     88
336     19     121     277
337     77     14     1612
338     92     59     55
339     39     103     2139
340     86     180     455
341     17     169     293
342     73     86     2308
343     76     196     69
344     72     118     2190
345     21     152     192
346     76     194     2630
347     81     94     94
348     73     183     929
349     83     120     2280
350     13     33     548
351     99     34     273
352     25     113     1845
353     85     102     619
354     28     43     615
355     41     9     90
356     76     59     1242
357     7     54     299
358     23     71     887
359     32     70     525
360     40     33     1386
361     46     77     531
362     71     147     845
363     16     139     2546
364     47     60     157
365     79     65     1848
366     15     47     280
367     57     164     690
368     52     18     218
369     22     124     199
370     90     77     1689
371     64     105     151
372     24     158     2370
373     21     70     127
374     73     113     1592
375     21     105     204
376     38     3     1944
377     47     2     479
378     33     157     919
379     66     52     2345
380     47     48     17
381     60     13     2591
382     91     148     523
383     36     44     1196
384     95     59     31
385     52     53     1485
386     76     33     108
387     21     38     2381
388     88     140     428
389     39     150     1168
390     39     130     5
391     96     13     2248
392     26     64     329
393     91     136     3
394     10     6     1076
395     50     51     245
396     92     160     438
397     84     119     1959
398     94     60     589
399     48     43     822
400     98     11     2212
401     62     136     378
402     83     168     1620
403     58     133     138
404     99     42     2435
405     93     187     92
406     42     133     1876
407     98     34     381
408     23     103     1477
409     2     154     294
410     31     46     775
411     77     51     1619
412     40     17     513
413     84     87     36
414     3     37     551
415     87     116     1532
416     96     108     99
417     41     141     2465
418     35     75     266
419     20     150     2308
420     89     74     363
421     69     182     2517
422     47     174     450
423     4     41     46
424     84     92     2536
425     38     37     19
426     20     6     1215
427     23     177     647
428     92     122     1307
429     35     62     2586
430     73     7     576
431     97     56     154
432     49     118     1412
433     73     22     480
434     79     7     1291
435     89     153     1017
436     77     190     1801
437     42     83     631
438     95     56     1561
439     2     56     570
440     67     11     1974
441     39     147     262
442     12     119     1250
443     38     13     912
444     75     112     1209
445     86     123     2292
446     91     199     122
447     46     15     970
448     20     192     2595
449     47     126     473
450     91     54     431
451     20     17     1682
452     55     2     289
453     41     43     1226
454     68     1     1431
455     77     149     385
456     58     122     2003
457     76     107     299
458     75     119     780
459     48     81     2142
460     66     58     604
461     65     132     2356
462     51     195     529
463     10     66     1678
464     88     142     275
465     65     140     1247
466     36     169     2279
467     63     47     161
468     1     37     1584
469     41     18     577
470     40     40     1578
471     50     183     607
472     67     31     2225
473     77     99     38
474     85     92     1392
475     7     12     104
476     78     54     845
477     73     198     1444
478     67     31     660
479     86     61     1278
480     59     110     98
481     77     138     2584
482     67     20     570
483     92     89     2055
484     68     99     67
485     30     128     2413
486     51     7     58
487     21     42     2521
488     55     121     518
489     44     106     482
490     25     41     2463
491     90     71     52
492     57     98     2020
493     52     25     524
494     74     108     1998
495     93     50     622
496     75     152     258
497     17     178     2049
498     41     151     186
499     84     162     1924
500     78     16     508
