1     41     42     3933
2     25     21     485
3     25     2     4453
4     12     28     134
5     49     43     108
6     2     13     749
7     20     14     1053
8     45     45     3274
9     24     26     465
10     23     46     3283
11     49     35     542
12     26     25     4629
13     49     32     479
14     33     1     2679
15     42     2     426
16     42     18     1887
17     32     13     884
18     33     18     2237
19     19     8     2436
20     5     17     2223
21     14     26     1088
22     10     25     122
23     6     11     3778
24     48     39     893
25     32     36     1831
26     36     46     1710
27     33     13     430
28     29     8     1179
29     39     47     4087
30     43     20     757
31     42     47     5119
32     3     26     160
33     43     46     695
34     9     25     5216
35     13     39     80
36     9     15     4373
37     14     24     1125
38     27     37     1370
39     22     13     3816
40     43     17     314
41     41     25     563
42     48     31     3173
43     32     22     739
44     29     20     3740
45     9     32     897
46     27     27     4671
47     36     19     1055
48     41     20     2263
49     35     4     3178
50     16     31     1102
51     35     35     4152
52     8     37     176
53     22     7     5150
54     21     34     1239
55     32     9     4823
56     34     16     882
57     9     15     248
58     24     16     2309
59     24     8     2549
60     48     38     2050
61     24     17     311
62     41     22     3915
63     25     41     992
64     20     1     4236
65     4     40     740
66     5     31     3543
67     27     26     685
68     20     29     5159
69     33     41     854
70     26     19     3902
71     13     14     45
72     21     24     876
73     35     30     4953
74     1     34     1055
75     49     23     3269
76     48     26     1198
77     45     8     795
78     34     40     4841
79     6     30     1019
80     13     2     2630
81     29     34     3111
82     4     9     992
83     26     44     1781
84     31     9     2813
85     26     12     1035
86     45     18     2334
87     11     42     1757
88     34     9     237
89     39     21     1631
90     14     5     5098
91     1     43     607
92     15     22     3744
93     28     5     1167
94     18     39     3512
95     48     19     1171
96     31     47     5202
97     44     29     691
98     43     19     4279
99     43     31     77
100     46     9     3824
101     18     17     557
102     19     43     597
103     31     43     310
104     7     9     2812
105     46     24     1062
106     23     3     1580
107     38     34     593
108     26     12     3784
109     31     45     861
110     26     6     5010
111     2     15     302
112     15     38     4756
113     25     28     689
114     27     22     3004
115     46     49     897
116     2     35     2456
117     39     4     3758
118     25     2     829
119     40     47     3542
120     43     30     948
121     22     36     3375
122     39     20     1059
123     7     28     1953
124     27     14     920
125     33     13     3079
126     21     2     1289
127     40     16     46
128     27     30     537
129     3     47     4190
130     5     7     321
131     44     23     1069
132     49     38     2375
133     26     31     636
134     41     41     3922
135     14     12     1139
136     48     35     4418
137     23     21     53
138     22     8     4178
139     15     35     904
140     34     23     3392
141     11     40     999
142     10     15     791
143     20     36     3943
144     47     41     421
145     38     41     699
146     21     49     1215
147     22     33     4505
148     22     15     335
149     19     45     2543
150     45     34     3485
151     20     43     413
152     7     12     1344
153     16     15     5042
154     49     19     459
155     46     36     4348
156     43     43     848
157     47     24     2877
158     28     41     461
159     37     47     2750
160     5     29     227
161     9     26     3250
162     14     5     1053
163     22     25     283
164     28     23     3844
165     21     20     740
166     43     3     5024
167     34     24     351
168     32     19     1079
169     19     32     2134
170     20     13     1792
171     9     37     3158
172     37     22     86
173     46     3     1112
174     1     11     189
175     30     33     1708
176     20     25     454
177     29     26     777
178     14     41     481
179     33     26     4732
180     26     30     963
181     5     2     2683
182     8     47     745
183     25     36     2756
184     17     49     1128
185     33     40     4863
186     39     37     1012
187     30     49     454
188     37     18     4428
189     21     35     305
190     23     25     1899
191     12     18     1602
192     17     22     2505
193     31     34     874
194     19     38     890
195     21     7     627
196     18     45     1070
197     34     12     1716
198     31     3     3664
199     6     3     1046
200     27     14     1638
201     3     18     4758
202     40     47     1023
203     25     13     1722
204     11     13     5255
205     49     4     720
206     13     34     3912
207     38     39     1075
208     42     30     3203
209     38     20     1127
210     36     17     3313
211     27     21     882
212     30     35     2299
213     44     8     3394
214     36     40     27
215     37     40     2425
216     21     8     4163
217     22     14     175
218     24     35     2758
219     44     28     213
220     9     14     3818
221     49     16     323
222     33     24     5001
223     47     7     414
224     31     11     4976
225     36     7     337
226     46     16     1472
227     18     32     57
228     41     28     5239
229     29     41     919
230     24     47     4117
231     14     27     725
232     16     18     2994
233     12     45     1155
234     44     41     3944
235     35     3     878
236     24     15     5061
237     42     37     638
238     46     18     240
239     18     24     243
240     18     10     1643
241     43     2     1908
242     24     15     4597
243     32     17     1163
244     24     18     93
245     2     28     4056
246     49     42     13
247     15     25     5083
248     1     4     1010
249     31     16     1340
250     22     12     2211
251     42     32     3561
252     21     27     1219
253     14     42     4474
254     9     20     1187
255     47     40     3112
256     40     25     1209
257     46     37     3782
258     29     3     254
259     48     41     1432
260     13     7     4153
261     27     8     742
262     17     11     871
263     32     40     1444
264     19     21     4651
265     48     17     1107
266     46     41     2156
267     44     26     178
268     19     46     3338
269     49     37     1016
270     12     10     1485
271     32     9     3555
272     37     32     406
273     4     10     3723
274     29     43     518
275     25     32     1172
276     44     25     4149
277     11     36     876
278     21     23     1751
279     48     3     66
280     32     1     2772
281     25     37     1147
282     8     21     572
283     33     4     4176
284     45     1     914
285     39     33     2723
286     47     38     633
287     5     1     1907
288     37     29     2258
289     28     8     4070
290     40     39     848
291     4     43     2144
292     44     23     2486
293     39     4     2236
294     44     38     545
295     30     38     3859
296     41     48     157
297     33     29     3097
298     1     42     852
299     16     34     313
300     21     34     93
301     41     45     248
302     45     42     250
303     19     49     63
304     22     21     1133
305     37     25     389
306     33     35     4639
307     46     7     108
308     1     4     4176
309     9     49     1259
310     38     44     788
311     17     33     4402
312     35     1     431
313     15     16     4681
314     16     19     1296
315     47     26     3429
316     28     36     977
317     5     4     1234
318     49     11     2088
319     41     14     2876
320     24     46     1131
321     1     6     3624
322     5     4     313
323     9     15     4757
324     3     35     36
325     7     8     3784
326     35     18     172
327     6     7     2190
328     41     48     5051
329     31     23     930
330     8     17     3719
331     44     15     430
332     9     9     463
333     1     4     3302
334     36     23     778
335     22     21     2021
336     13     37     2001
337     43     47     807
338     47     11     1605
339     25     49     3924
340     32     35     295
341     17     16     4224
342     7     13     1004
343     27     17     3312
344     12     45     61
345     43     44     5201
346     23     25     438
347     34     30     2129
348     33     3     112
349     34     23     21
350     3     40     68
351     6     31     4666
352     17     1     605
353     19     4     3703
354     32     1     126
355     9     40     1514
356     42     23     2142
357     2     35     4088
358     23     18     991
359     12     2     712
360     28     41     2132
361     25     2     4519
362     7     15     400
363     45     1     2627
364     12     46     3984
365     20     38     27
366     27     30     4463
367     4     47     928
368     40     2     3268
369     23     31     523
370     32     46     4835
371     36     27     1108
372     7     30     4103
373     9     11     1102
374     26     41     1449
375     40     19     652
376     38     8     470
377     13     2     3024
378     18     2     580
379     6     24     2842
380     36     30     938
381     11     43     1561
382     48     17     4865
383     48     1     832
384     4     31     2263
385     24     22     1193
386     22     31     806
387     18     45     233
388     23     25     4087
389     5     3     324
390     5     45     885
391     22     22     107
392     5     33     3118
393     5     4     295
394     39     22     4434
395     12     43     728
396     49     14     4320
397     39     11     1009
398     4     40     1917
399     11     22     1486
400     35     5     5032
401     35     21     43
402     10     40     3002
403     31     2     38
404     10     25     5109
405     14     13     761
406     14     40     1467
407     8     13     3697
408     28     35     1102
409     48     26     2118
410     42     31     1943
411     20     30     3537
412     27     21     1106
413     38     3     3083
414     30     21     224
415     21     26     2400
416     41     27     874
417     21     42     3394
418     38     15     375
419     38     4     2630
420     47     39     2812
421     17     36     775
422     39     9     3892
423     33     42     936
424     5     46     2523
425     14     47     57
426     44     4     2594
427     45     18     2084
428     23     7     2341
429     14     37     700
430     48     35     3621
431     47     3     906
432     5     32     1448
433     3     37     2249
434     3     26     3873
435     25     3     987
436     34     7     3976
437     4     24     1136
438     45     35     4441
439     12     41     1107
440     12     28     2802
441     39     24     1000
442     9     14     2659
443     2     47     850
444     16     15     2580
445     11     39     2993
446     11     37     1031
447     44     17     3009
448     37     1     333
449     40     6     335
450     36     10     3148
451     42     49     1088
452     40     15     5225
453     41     4     1265
454     31     38     4368
455     29     41     322
456     8     25     1212
457     33     43     4546
458     34     26     144
459     3     26     2011
460     46     1     1488
461     17     33     2194
462     45     43     3583
463     38     8     699
464     2     14     804
465     14     21     1921
466     35     38     4313
467     21     37     332
468     46     37     2308
469     23     27     190
470     32     14     2961
471     35     34     303
472     37     10     127
473     6     40     3096
474     8     6     353
475     45     5     3946
476     45     49     906
477     31     47     4878
478     27     15     994
479     49     49     4032
480     7     30     1261
481     18     46     1232
482     7     36     3515
483     42     19     689
484     12     23     1844
485     20     21     814
486     30     9     2775
487     36     42     1115
488     1     32     1775
489     9     44     3751
490     25     49     854
491     44     25     2820
492     22     24     935
493     12     46     1965
494     15     33     2065
495     45     40     3371
496     40     21     371
497     34     31     5162
498     24     7     1190
499     10     42     3115
500     15     14     1292
