1     53     48     2368
2     58     40     115
3     11     8     527
4     77     46     3045
5     25     39     534
6     81     21     2471
7     86     11     707
8     14     26     3310
9     7     44     990
10     95     29     1369
11     24     6     332
12     65     6     1000
13     86     10     2877
14     35     43     302
15     11     25     3829
16     43     4     14
17     31     10     2204
18     76     2     853
19     24     43     2358
20     78     44     204
21     37     16     234
22     30     25     2611
23     38     32     379
24     40     42     3634
25     42     9     682
26     79     3     1128
27     82     37     500
28     15     9     195
29     90     26     593
30     91     21     323
31     27     46     719
32     43     4     3576
33     53     20     235
34     21     18     668
35     41     46     1998
36     84     24     1846
37     36     25     3961
38     35     2     759
39     39     3     2756
40     48     18     732
41     75     24     1741
42     59     17     1552
43     65     12     1881
44     34     11     2180
45     78     18     215
46     45     35     2017
47     1     28     357
48     1     9     1122
49     37     25     2538
50     76     41     667
51     15     39     1464
52     94     1     799
53     16     40     1479
54     80     45     3194
55     81     41     608
56     99     34     1397
57     19     40     891
58     9     49     603
59     35     26     3680
60     7     33     306
61     4     49     2129
62     97     37     633
63     27     49     2997
64     64     3     619
65     51     46     1343
66     29     34     3482
67     84     7     557
68     14     33     1560
69     11     20     3906
70     43     49     660
71     64     20     3203
72     67     37     376
73     66     32     3579
74     40     35     762
75     68     24     3080
76     43     29     345
77     6     47     1604
78     27     23     3822
79     94     36     745
80     1     4     99
81     69     36     1688
82     36     25     2696
83     97     47     274
84     71     4     1911
85     23     26     3220
86     72     13     876
87     82     2     1784
88     6     23     70
89     99     17     2419
90     57     34     367
91     73     39     2098
92     7     45     31
93     82     26     772
94     46     3     2933
95     63     8     450
96     98     24     2178
97     87     21     557
98     23     35     2258
99     5     24     832
100     78     8     996
101     50     37     581
102     67     43     2687
103     16     18     675
104     54     16     3313
105     48     37     262
106     75     30     438
107     11     8     1614
108     70     6     1541
109     3     32     3047
110     30     40     106
111     5     37     2881
112     79     40     268
113     34     34     3758
114     91     6     135
115     22     36     923
116     41     36     1816
117     39     23     2884
118     42     38     479
119     94     36     806
120     12     12     3058
121     10     30     810
122     92     23     2925
123     12     22     320
124     62     34     2351
125     62     14     857
126     1     42     1398
127     96     43     553
128     94     23     2998
129     19     11     899
130     70     2     2266
131     42     35     823
132     80     31     3356
133     84     45     719
134     58     43     477
135     87     23     3069
136     43     42     623
137     48     26     806
138     64     7     3502
139     51     14     778
140     95     12     3151
141     30     27     452
142     46     43     1015
143     37     1     787
144     35     3     520
145     21     28     3683
146     70     17     284
147     6     31     2199
148     74     46     261
149     37     23     178
150     8     1     332
151     31     31     3380
152     74     42     805
153     80     46     1860
154     42     45     255
155     70     25     2676
156     99     34     805
157     63     7     195
158     28     3     3872
159     38     34     51
160     50     21     321
161     62     23     1005
162     24     11     2604
163     13     39     462
164     70     26     980
165     51     17     884
166     27     8     1096
167     70     17     3407
168     18     28     691
169     76     38     186
170     23     10     456
171     46     12     2352
172     23     14     59
173     38     20     1697
174     8     4     1723
175     44     27     516
176     25     30     424
177     65     43     2044
178     42     23     434
179     86     47     976
180     98     38     3984
181     68     19     290
182     91     49     1567
183     29     22     1100
184     89     41     1867
185     85     7     3789
186     29     16     877
187     85     36     2216
188     76     20     750
189     38     19     917
190     21     32     629
191     18     24     2922
192     54     7     476
193     1     11     997
194     53     34     1344
195     83     17     529
196     96     36     1621
197     6     21     3885
198     79     37     50
199     70     9     3007
200     91     19     706
