1     89     35     750
2     65     48     2
3     13     5     857
4     95     2     1420
5     39     47     3371
6     45     33     39
7     36     10     1948
8     73     17     955
9     55     43     638
10     2     10     2650
11     75     48     805
12     4     32     1884
13     89     13     1166
14     82     28     288
15     91     3     1262
16     96     28     1264
17     74     43     743
18     1     20     549
19     84     26     1405
20     9     32     1626
21     82     7     2685
22     16     30     818
23     3     11     3698
24     62     36     261
25     3     28     485
26     56     1     656
27     80     29     3138
28     82     44     373
29     68     15     2
30     5     18     3286
31     49     26     111
32     98     28     650
33     14     48     3588
34     47     1     341
35     2     16     349
36     6     8     3350
37     3     6     58
38     25     21     3840
39     59     5     858
40     46     42     1735
41     53     34     3363
42     43     19     615
43     71     46     2918
44     92     6     841
45     17     21     1376
46     30     11     1585
47     58     47     2012
48     87     44     10
49     6     23     3740
50     9     21     787
51     56     32     2073
52     8     15     251
53     16     48     388
54     89     10     2401
55     88     45     511
56     74     8     3482
57     3     40     139
58     68     15     2522
59     12     19     875
60     10     13     2102
61     73     15     415
62     43     33     3588
63     63     41     709
64     55     10     2221
65     20     24     704
66     97     24     3405
67     93     28     381
68     14     28     3844
69     21     19     770
70     24     22     3035
71     99     39     816
72     34     23     1085
73     7     46     2041
74     30     29     247
75     13     19     2703
76     51     7     516
77     32     24     2897
78     22     42     814
79     86     40     6
80     87     29     3717
81     58     4     716
82     35     27     3802
83     13     43     230
84     45     27     296
85     93     3     1180
86     50     5     3393
87     2     8     243
88     2     44     2624
89     3     24     934
90     73     1     1764
91     55     5     3053
92     12     35     363
93     6     34     815
94     55     7     587
95     86     11     18
96     46     46     1528
97     10     38     3697
98     24     6     53
99     16     24     3588
100     37     6     870
101     26     27     2610
102     78     27     664
103     10     23     3094
104     81     11     203
105     12     31     3056
106     24     43     829
107     75     29     2233
108     85     41     655
109     30     31     479
110     81     27     2493
111     42     43     887
112     59     23     1609
113     30     48     314
114     63     39     1822
115     41     9     1181
116     45     42     3039
117     88     37     118
118     64     11     2803
119     21     10     380
120     57     12     3288
121     54     38     168
122     2     37     1143
123     98     46     2402
124     93     40     258
125     85     25     3642
126     79     9     598
127     37     33     1573
128     42     33     3414
129     51     37     773
130     94     30     3301
131     74     21     221
132     71     46     576
133     48     43     375
134     98     12     1994
135     6     20     900
136     68     19     848
137     81     37     3557
138     86     2     551
139     2     26     3258
140     74     14     520
141     83     31     734
142     81     37     1396
143     88     34     2993
144     16     46     50
145     82     30     2928
146     37     28     62
147     18     31     1521
148     88     20     1466
149     96     3     827
150     98     1     714
151     25     40     3152
152     1     13     638
153     32     8     2720
154     77     21     378
155     92     22     300
156     26     49     2632
157     21     21     115
158     65     33     1029
159     2     5     964
160     9     38     2895
161     41     36     550
162     33     45     1924
163     40     26     3435
164     82     12     716
165     14     19     2407
166     39     2     17
167     84     8     914
168     90     46     447
169     3     7     3746
170     46     9     249
171     2     6     3057
172     90     44     616
173     94     49     1844
174     54     39     3113
175     20     11     275
176     38     12     3577
177     76     18     707
178     1     45     1442
179     66     43     2845
180     77     38     898
181     87     27     2457
182     53     24     867
183     16     21     2017
184     2     21     573
185     98     6     1874
186     3     19     2291
187     43     42     315
188     88     9     1096
189     2     33     1626
190     55     32     2935
191     48     13     835
192     84     11     2583
193     70     23     593
194     75     13     2164
195     24     43     342
196     33     46     1792
197     18     5     3683
198     42     44     323
199     33     43     3836
200     61     23     221
