20.017     4242     4038.2
20.012     4230     4038.2
20.012     4230     4038.2
20.017     4242     4038.2
20.017     4230     4038.2
20.017     4230     4038.2
20.017     4242     4038.2
20.012     4230     4038.2
20.012     4230     4038.2
20.012     4230     4038.2
             
3.9     4124     4124
0.863     4124     4124
0.863     4124     4124
3.9     4124     4124
3.9     4124     4124
3.9     4124     4124
3.9     4124     4124
0.863     4124     4124
0.863     4124     4124
0.863     4124     4124
             
0.131     4266     4266
0.141     4266     4266
0.141     4266     4266
0.131     4266     4266
0.141     4266     4266
0.141     4266     4266
0.131     4266     4266
0.141     4266     4266
0.141     4266     4266
0.131     4266     4266
             
20.070     3964     3899
20.068     3968     3899
20.068     3948     3899
20.070     3964     3899
20.070     3948     3899
20.070     3948     3899
20.070     3964     3899
20.068     3948     3899
20.068     3968     3899
20.068     3964     3899
             
20.038     4135     3990
20.023     4120     3990
20.023     4120     3990
20.038     4135     3990
20.038     4120     3990
20.038     4120     3990
20.038     4135     3990
20.023     4120     3990
20.023     4120     3990
20.023     4120     3990
             
20.007     3935     3773.6
20.018     3956     3773.6
20.018     3935     3773.6
20.007     3935     3773.6
20.018     3921     3773.6
20.018     3921     3773.6
20.007     3935     3773.6
20.018     3935     3773.6
20.018     3956     3773.6
20.007     3935     3773.6
             
20.004     4031     3905.2
20.079     4031     3905.2
20.079     4031     3905.2
20.004     4031     3905.2
20.079     4031     3905.2
20.079     4031     3905.2
20.004     4031     3905.2
20.079     4031     3905.2
20.079     4031     3905.2
20.004     4031     3905.2
             
20.042     4220     4082
20.004     4221     4082
20.004     4221     4082
20.042     4234     4082
20.042     4220     4082
20.042     4220     4082
20.042     4234     4082
20.004     4221     4082
20.004     4221     4082
20.004     4220     4082
             
20.024     4141     4064
20.029     4121     4064
20.029     4121     4064
20.024     4131     4064
20.029     4121     4064
20.029     4121     4064
20.024     4131     4064
20.029     4121     4064
20.029     4121     4064
20.024     4121     4064
             
20.061     4252     4114
20.054     4263     4114
20.054     4252     4114
20.061     4252     4114
20.061     4263     4114
20.061     4263     4114
20.061     4252     4114
20.054     4252     4114
20.054     4263     4114
20.054     4252     4114
             
