20.004     4261     4038.2
20.002     4255     4038.2
20.002     4255     4038.2
20.004     4261     4038.2
20.004     4261     4038.2
20.004     4261     4038.2
20.004     4261     4038.2
20.002     4255     4038.2
20.002     4255     4038.2
20.004     4261     4038.2
             
20.001     4128     4124
20.001     4128     4124
20.001     4128     4124
20.001     4128     4124
20.001     4128     4124
20.001     4128     4124
20.001     4128     4124
20.001     4128     4124
20.001     4128     4124
20.001     4128     4124
             
0.083     4266     4266
1.513     4266     4266
1.513     4266     4266
0.083     4266     4266
1.513     4266     4266
1.513     4266     4266
0.083     4266     4266
1.513     4266     4266
1.513     4266     4266
1.513     4266     4266
             
20.003     3966     3899
20.003     3976     3899
20.003     3976     3899
20.003     3966     3899
20.003     3976     3899
20.003     3976     3899
20.003     3966     3899
20.003     3976     3899
20.003     3976     3899
20.003     3976     3899
             
20.003     4123     3990
20.003     4124     3990
20.003     4124     3990
20.003     4123     3990
20.003     4124     3990
20.003     4124     3990
20.003     4123     3990
20.003     4124     3990
20.003     4124     3990
20.003     4124     3990
             
20.002     3949     3773.6
20.001     3952     3773.6
20.001     3952     3773.6
20.002     3949     3773.6
20.002     3952     3773.6
20.002     3952     3773.6
20.002     3949     3773.6
20.001     3952     3773.6
20.001     3952     3773.6
20.002     3952     3773.6
             
20.001     4077     3905.2
20.003     4046     3905.2
20.003     4046     3905.2
20.001     4077     3905.2
20.003     4077     3905.2
20.003     4077     3905.2
20.001     4077     3905.2
20.003     4046     3905.2
20.003     4046     3905.2
20.003     4077     3905.2
             
20.004     4259     4082
20.003     4260     4082
20.003     4260     4082
20.004     4259     4082
20.004     4260     4082
20.004     4260     4082
20.004     4259     4082
20.003     4260     4082
20.003     4260     4082
20.004     4260     4082
             
20.003     4163     4064
20.001     4188     4064
20.001     4188     4064
20.003     4163     4064
20.003     4188     4064
20.003     4188     4064
20.003     4163     4064
20.001     4188     4064
20.001     4188     4064
20.003     4188     4064
             
20.003     4294     4114
20.004     4282     4114
20.004     4282     4114
20.003     4294     4114
20.004     4294     4114
20.004     4294     4114
20.003     4294     4114
20.004     4282     4114
20.004     4282     4114
20.004     4294     4114
             
