20.015     4289     4038.2
20.031     4255     4038.2
20.031     4255     4038.2
20.015     4289     4038.2
20.031     4289     4038.2
20.031     4289     4038.2
20.015     4289     4038.2
20.031     4255     4038.2
20.031     4255     4038.2
20.031     4289     4038.2
             
20.023     4151     4124
20.019     4130     4124
20.019     4130     4124
20.023     4151     4124
20.023     4151     4124
20.023     4151     4124
20.023     4151     4124
20.019     4130     4124
20.019     4130     4124
20.023     4151     4124
             
4.37     4266     4266
7.446     4266     4266
7.446     4266     4266
4.37     4266     4266
7.446     4266     4266
7.446     4266     4266
4.37     4266     4266
7.446     4266     4266
7.446     4266     4266
7.446     4266     4266
             
20.023     3981     3899
20.005     3986     3899
20.005     3986     3899
20.023     3981     3899
20.023     3986     3899
20.023     3986     3899
20.023     3981     3899
20.005     3986     3899
20.005     3986     3899
20.023     3986     3899
             
20.023     4127     3990
20.005     4136     3990
20.005     4136     3990
20.023     4127     3990
20.023     4136     3990
20.023     4136     3990
20.023     4127     3990
20.005     4136     3990
20.005     4136     3990
20.023     4136     3990
             
20.028     3954     3773.6
20.009     3963     3773.6
20.009     3963     3773.6
20.028     3954     3773.6
20.028     3963     3773.6
20.028     3963     3773.6
20.028     3954     3773.6
20.009     3963     3773.6
20.009     3963     3773.6
20.028     3963     3773.6
             
20.033     4048     3905.2
20.019     4065     3905.2
20.019     4065     3905.2
20.033     4048     3905.2
20.033     4065     3905.2
20.033     4065     3905.2
20.033     4048     3905.2
20.019     4065     3905.2
20.019     4065     3905.2
20.033     4065     3905.2
             
20.003     4292     4082
20.001     4271     4082
20.001     4271     4082
20.003     4292     4082
20.003     4292     4082
20.003     4292     4082
20.003     4292     4082
20.001     4271     4082
20.001     4271     4082
20.003     4292     4082
             
20.006     4188     4064
20.022     4190     4064
20.022     4190     4064
20.006     4188     4064
20.022     4190     4064
20.022     4190     4064
20.006     4188     4064
20.022     4190     4064
20.022     4190     4064
20.022     4190     4064
             
20.007     4293     4114
20.013     4262     4114
20.013     4262     4114
20.007     4293     4114
20.013     4293     4114
20.013     4293     4114
20.007     4293     4114
20.013     4262     4114
20.013     4262     4114
20.013     4293     4114
             
