1     73     6     2249
2     75     6     4718
3     71     8     1205
4     51     9     2216
5     74     3     2074
6     93     18     243
7     35     44     4644
8     47     32     1053
9     66     49     2342
10     47     25     2738
11     6     43     107
12     68     35     1211
13     77     14     896
14     36     8     264
15     86     40     1073
16     42     15     4294
17     44     15     406
18     70     17     654
19     19     26     2200
20     72     27     4116
21     3     6     562
22     38     43     2570
23     13     32     704
24     91     32     4864
25     13     14     360
26     68     2     4589
27     87     18     706
28     12     7     1091
29     30     39     4124
30     31     24     16
31     12     46     1413
32     53     34     3841
33     17     8     619
34     40     13     1986
35     19     23     1487
36     28     39     3155
37     10     6     441
38     83     16     1962
39     84     49     4693
40     90     19     730
41     58     39     3936
42     79     18     859
43     55     28     2283
44     39     40     404
45     96     35     2475
46     33     6     1180
47     23     43     4897
48     14     13     475
49     55     41     3465
50     66     25     1049
51     75     39     3501
52     62     30     45
53     66     10     3007
54     64     2     82
55     43     15     1056
56     23     9     4159
57     81     22     961
58     10     23     2019
59     56     20     2037
60     61     23     2545
61     43     16     931
62     23     12     1909
63     35     2     3283
64     48     20     805
65     15     13     1464
66     78     18     0
67     69     26     3611
68     99     37     352
69     65     33     3989
70     43     16     395
71     55     21     3131
72     69     3     1132
73     20     15     1235
74     70     12     2011
75     68     43     1435
76     60     13     4542
77     19     38     873
78     1     11     3933
79     56     11     975
80     45     18     4585
81     88     49     1184
82     84     16     1503
83     36     45     710
84     81     6     1929
85     93     1     1778
86     18     39     926
87     84     17     4824
88     60     35     891
89     6     32     1368
90     77     39     4556
91     31     24     417
92     67     18     1654
93     33     18     4589
94     27     2     362
95     35     9     1806
96     60     7     3012
97     78     17     165
98     26     39     693
99     43     44     272
100     46     43     1055
101     22     25     2860
102     36     14     344
103     29     12     3111
104     14     44     212
105     67     43     4527
106     99     36     733
107     56     26     4826
108     13     4     57
109     81     23     2767
110     49     41     511
111     73     47     1927
112     68     42     3626
113     90     40     1188
114     12     13     411
115     33     27     2811
116     57     22     975
117     54     35     3835
118     91     40     1079
119     86     36     3558
120     56     13     87
121     44     44     3011
122     55     36     563
123     89     10     1539
124     66     43     4240
125     19     44     558
126     6     17     3778
127     32     6     1054
128     58     33     3560
129     29     4     822
130     13     40     1813
131     24     10     308
132     99     18     1124
133     8     20     3036
134     28     30     488
135     67     19     2005
136     5     22     4629
137     10     46     557
138     33     49     4409
139     84     33     43
140     84     44     3208
141     21     37     1103
142     51     10     2924
143     25     11     252
144     9     29     4477
145     87     18     1230
146     81     36     3340
147     74     46     116
148     37     24     2831
149     72     6     356
150     30     49     2058
151     25     18     740
152     17     36     1547
153     23     3     2989
154     66     37     965
155     35     48     1963
156     66     18     1238
157     75     16     847
158     93     13     979
159     54     6     4794
160     78     19     654
161     65     17     3625
162     4     47     890
163     83     37     3623
164     19     25     157
165     80     48     605
166     47     35     4572
167     30     34     684
168     61     34     2195
169     85     40     543
170     56     37     1962
171     41     3     2216
172     23     48     4338
173     60     2     92
174     39     11     3902
175     87     21     541
176     81     37     3797
177     45     3     243
178     27     40     2644
179     6     13     271
180     75     38     4177
181     79     11     259
182     17     22     3700
183     67     6     271
184     57     34     786
185     85     5     1139
186     39     18     4033
187     47     41     683
188     3     18     2672
189     4     33     687
190     22     3     4563
191     44     12     843
192     8     33     2255
193     17     31     4345
194     45     37     635
195     71     21     3194
196     67     16     673
197     41     2     3433
198     13     16     551
199     14     41     2925
200     31     32     291
201     97     35     197
202     72     48     2279
203     8     49     4281
204     14     20     316
205     34     28     3635
206     58     13     113
207     28     44     2480
208     41     23     73
209     74     41     3745
210     11     33     482
211     85     6     884
212     67     40     4534
213     9     23     179
214     45     9     677
215     12     37     350
216     6     14     1143
217     25     37     1886
218     97     38     3821
219     47     27     281
220     91     17     2494
221     88     34     650
222     16     11     678
223     90     41     1340
224     62     45     562
225     55     25     3624
226     17     19     243
227     94     2     4680
228     51     38     973
229     19     36     286
230     82     20     412
231     14     23     1532
232     78     48     23
233     79     28     3267
234     50     35     351
235     17     35     3647
236     98     31     662
237     16     6     4044
238     85     45     628
239     25     35     4131
240     2     6     283
241     64     9     2966
242     57     31     750
243     47     32     2045
244     3     17     4543
245     55     34     683
246     11     4     1644
247     76     5     4812
248     98     33     591
249     17     49     2611
250     9     17     1193
251     15     28     1378
252     48     2     3301
253     18     9     175
254     88     49     1897
255     43     36     4904
256     76     29     1004
257     34     49     162
258     17     6     4025
259     52     15     1162
260     6     15     3462
261     29     14     679
262     49     14     3775
263     75     24     300
264     91     7     2689
265     79     12     812
266     36     13     318
267     54     29     3107
268     33     10     24
269     61     39     2033
270     41     46     433
271     65     9     1705
272     43     28     3387
273     44     5     1031
274     76     7     2154
275     49     28     3753
276     74     5     700
277     90     11     3693
278     67     6     317
279     31     44     3702
280     55     1     1071
281     49     38     3860
282     61     19     46
283     56     22     909
284     47     30     3680
285     34     15     1125
286     65     27     1683
287     98     15     3975
288     91     11     395
289     80     16     3144
290     24     10     293
291     12     3     1542
292     45     5     4100
293     20     15     1032
294     70     45     1703
295     83     27     2462
296     99     41     2521
297     97     30     102
298     44     39     749
299     1     11     3839
300     59     32     149
301     40     27     3869
302     32     35     739
303     67     34     3095
304     32     40     600
305     96     19     3235
306     80     49     307
307     56     24     2575
308     8     2     443
309     30     26     891
310     61     29     2354
311     46     23     3288
312     91     33     259
313     93     18     2741
314     37     29     801
315     89     15     424
316     43     11     2471
317     26     36     1225
318     77     39     2324
319     83     9     2142
320     97     35     3703
321     64     25     907
322     2     9     2103
323     60     49     288
324     34     40     4128
325     9     34     91
326     49     19     4299
327     16     18     1108
328     6     15     2465
329     39     14     3731
330     74     31     800
331     52     22     869
332     68     21     2275
333     63     47     2674
334     89     38     185
335     44     11     173
336     56     44     276
337     58     36     3025
338     1     39     151
339     12     46     1109
340     4     18     2436
341     92     44     1580
342     90     43     4004
343     47     19     674
344     15     7     1697
345     49     25     1583
346     99     9     3491
347     82     8     748
348     80     45     3079
349     96     20     602
350     49     15     2364
351     75     13     2127
352     66     29     4065
353     18     25     20
354     16     41     2946
355     34     24     1035
356     88     37     3327
357     81     30     203
358     45     9     4824
359     48     19     552
360     35     32     402
361     51     43     3991
362     60     33     541
363     69     32     1140
364     60     12     1791
365     29     5     896
366     30     13     2640
367     44     19     396
368     28     5     4438
369     98     20     687
370     61     14     4502
371     35     20     335
372     22     31     1914
373     69     46     2984
374     72     5     554
375     7     42     2058
376     66     30     3957
377     77     37     750
378     50     12     2998
379     36     42     8
380     22     48     1531
381     7     29     3411
382     17     20     760
383     59     13     3037
384     27     29     512
385     86     28     3160
386     28     42     624
387     10     21     935
388     25     29     4444
389     27     5     87
390     93     26     1695
391     55     43     2562
392     57     37     726
393     83     13     3969
394     13     11     618
395     53     17     2591
396     2     40     822
397     20     10     2547
398     45     30     557
399     58     2     2492
400     89     10     129
401     89     36     728
402     92     28     4859
403     48     14     366
404     66     31     991
405     77     33     2123
406     25     28     1887
407     27     26     2007
408     5     1     1720
409     69     35     4026
410     14     36     468
411     21     47     4396
412     97     9     1199
413     91     32     1597
414     13     15     1579
415     60     44     2592
416     64     38     1180
417     4     35     413
418     54     15     3554
419     62     22     436
420     15     35     1879
421     93     47     1331
422     87     30     3096
423     30     30     576
424     78     27     3537
425     2     11     1000
426     25     45     2376
427     14     18     1745
428     2     3     3086
429     21     31     247
430     80     20     1140
431     46     19     1699
432     28     3     4742
433     65     47     78
434     67     32     3255
435     24     49     1149
436     58     3     425
437     58     45     4321
438     8     1     1158
439     3     36     2727
440     10     30     1216
441     8     23     960
442     99     29     4232
443     92     45     1074
444     24     4     4521
445     63     36     511
446     6     48     2917
447     50     23     1045
448     58     12     1418
449     45     32     3013
450     95     15     160
451     36     37     3597
452     48     37     781
453     79     11     4685
454     41     17     292
455     1     32     3232
456     67     46     1102
457     16     19     1439
458     61     16     4480
459     18     19     1018
460     13     21     3531
461     13     30     267
462     14     3     2732
463     92     5     907
464     73     4     2328
465     18     3     1653
466     26     6     2680
467     82     26     443
468     48     36     3051
469     89     7     370
470     76     22     2905
471     83     15     726
472     88     15     417
473     2     27     2161
474     80     4     2533
475     46     26     995
476     71     11     462
477     64     46     2888
478     42     44     67
479     21     21     3948
480     97     26     662
481     27     26     3127
482     52     31     670
483     79     8     3035
484     34     48     613
485     56     33     3615
486     19     26     307
487     31     1     3214
488     44     44     857
489     89     1     2140
490     47     14     1448
491     5     24     2170
492     28     10     4208
493     99     24     1122
494     53     2     1239
495     39     8     2934
496     98     43     970
497     10     30     3660
498     9     39     1167
499     37     15     4292
500     50     40     161
