1     126     101     7055
2     125     44     387
3     90     99     5151
4     166     15     3130
5     199     105     4662
6     129     39     9230
7     5     117     884
8     115     167     4970
9     154     44     934
10     15     114     10558
11     147     40     1457
12     119     186     8100
13     94     141     2364
14     146     64     4696
15     38     48     10399
16     131     64     2368
17     68     193     3092
18     185     170     5393
19     177     194     2200
20     168     170     1650
21     1     89     7930
22     65     41     2223
23     112     99     1359
24     23     147     4069
25     89     189     2118
26     161     146     10394
27     136     163     114
28     31     2     6962
29     195     36     383
30     166     156     5842
31     41     183     1163
32     145     60     7752
33     100     62     482
34     108     194     7752
35     89     159     2430
36     152     196     672
37     83     67     4853
38     162     41     6648
39     129     102     395
40     123     53     388
41     136     176     1778
42     17     192     824
43     8     110     4596
44     97     182     531
45     166     19     5167
46     38     193     5897
47     150     37     1936
48     130     133     1197
49     62     72     9018
50     171     77     2109
51     146     183     1698
52     166     20     3353
53     94     114     9700
54     194     141     134
55     194     171     10405
56     91     135     1776
57     31     166     4255
58     199     25     3257
59     134     82     6684
60     129     61     1705
61     50     135     9014
62     38     78     1530
63     140     175     25
64     62     125     2278
65     178     40     7047
66     190     91     1253
67     49     44     1237
68     103     179     9705
69     63     69     230
70     53     79     1020
71     163     45     4654
72     18     133     769
73     95     41     3845
74     145     71     10361
75     99     101     2423
76     6     93     3447
77     48     48     7445
78     34     23     493
79     61     100     3679
80     57     131     6561
81     101     151     925
82     20     78     1703
83     149     102     2883
84     157     188     9680
85     136     179     471
86     127     6     8212
87     26     174     950
88     99     143     5879
89     146     169     1296
90     166     169     8182
91     112     56     1771
92     41     82     1582
93     129     169     430
94     23     30     9972
95     154     38     1536
96     194     116     10086
97     2     133     255
98     72     15     4979
99     74     179     4568
100     122     136     8149
