10.016     10705     10399
10.016     10667     10399
10.016     10667     10399
10.016     10705     10399
10.016     10705     10399
10.016     10705     10399
10.016     10705     10399
10.016     10667     10399
10.016     10667     10399
10.016     10705     10399
             
10.016     10419     10146
10.016     10426     10146
10.016     10417     10146
10.016     10347     10146
10.016     10417     10146
10.016     10417     10146
10.016     10347     10146
10.016     10417     10146
10.016     10426     10146
10.016     10426     10146
             
10.016     10712     10158
10.016     10712     10158
10.016     10712     10158
10.016     10712     10158
10.016     10712     10158
10.016     10712     10158
10.016     10712     10158
10.016     10712     10158
10.016     10712     10158
10.016     10712     10158
             
10.016     10496     10211
10.016     10470     10211
10.016     10470     10211
10.016     10496     10211
10.016     10496     10211
10.016     10496     10211
10.016     10496     10211
10.016     10470     10211
10.016     10470     10211
10.016     10496     10211
             
10.001     10923     10599
10.016     10933     10599
10.016     10933     10599
10.001     10923     10599
10.016     10933     10599
10.016     10933     10599
10.001     10923     10599
10.016     10933     10599
10.016     10933     10599
10.016     10933     10599
             
10.016     11294     10740.5
10.015     11338     10740.5
10.015     11338     10740.5
10.016     11294     10740.5
10.016     11338     10740.5
10.016     11338     10740.5
10.016     11294     10740.5
10.015     11338     10740.5
10.015     11338     10740.5
10.016     11338     10740.5
             
10.016     10544     9873
10.016     10640     9873
10.016     10640     9873
10.016     10544     9873
10.016     10640     9873
10.016     10640     9873
10.016     10544     9873
10.016     10640     9873
10.016     10640     9873
10.016     10640     9873
             
10.016     10004     9534
10.016     9923     9534
10.016     9923     9534
10.016     10004     9534
10.016     9923     9534
10.016     9923     9534
10.016     10004     9534
10.016     9923     9534
10.016     9923     9534
10.016     9923     9534
             
10.005     11220     10688
10.016     11220     10688
10.016     11220     10688
10.005     11220     10688
10.016     11220     10688
10.016     11220     10688
10.005     11220     10688
10.016     11220     10688
10.016     11220     10688
10.016     11220     10688
             
0     10517     10517
0.016     10517     10517
0.016     10517     10517
0     10517     10517
0.016     10517     10517
0.016     10517     10517
0     10517     10517
0.016     10517     10517
0.016     10517     10517
0.016     10517     10517
             
