1     77     184     1574
2     13     185     404
3     64     69     961
4     34     140     2208
5     80     12     397
6     5     163     471
7     79     155     1851
8     32     55     55
9     12     46     1530
10     76     40     446
11     91     128     2515
12     17     87     488
13     38     96     275
14     64     14     1353
15     21     59     693
16     99     101     2233
17     51     77     164
18     43     142     1860
19     94     97     321
20     11     190     2621
21     4     152     334
22     14     82     2635
23     61     77     153
24     67     50     446
25     92     129     2779
26     93     15     416
27     8     118     2753
28     19     35     19
29     41     56     2016
30     98     60     258
31     18     111     2654
32     32     76     277
33     24     109     2072
34     7     117     722
35     65     148     1297
36     7     17     2042
37     20     143     53
38     28     94     1808
39     35     39     62
40     66     119     1207
41     48     86     1051
42     19     126     818
43     11     136     2265
44     26     174     425
45     63     64     1039
46     3     11     1955
47     58     29     553
48     97     25     726
49     92     5     969
50     25     37     1668
51     19     82     676
52     50     122     399
53     74     73     299
54     64     81     885
55     17     26     90
56     51     189     268
57     67     135     1204
58     35     33     1356
59     47     194     1033
60     25     135     2307
61     57     95     327
62     30     184     1472
63     96     181     1839
64     7     84     144
65     54     173     2660
66     38     2     64
67     41     32     2589
68     8     170     706
69     41     132     2050
70     24     92     589
71     21     91     1215
72     44     137     2123
73     59     14     271
74     39     124     2452
75     31     4     199
76     7     82     436
77     75     61     654
78     71     97     1087
79     50     145     647
80     15     180     1843
81     72     36     549
82     50     150     622
83     48     159     2031
84     62     153     376
85     97     185     87
86     75     113     960
87     84     14     2716
88     93     68     271
89     31     69     577
90     78     154     1660
91     28     93     463
92     73     181     1246
93     72     153     1657
94     25     130     422
95     22     27     252
96     32     158     2730
97     46     156     253
98     75     145     187
99     16     29     1882
100     66     72     514
101     28     174     1776
102     85     56     359
103     36     73     2584
104     3     171     608
105     98     47     1578
106     41     97     600
107     44     77     490
108     3     73     2576
109     1     129     548
110     61     141     1552
111     14     72     547
112     55     88     2263
113     34     152     72
114     64     163     885
115     73     46     2291
116     49     21     659
117     79     106     2166
118     24     43     663
119     46     173     986
120     78     25     669
121     80     185     2335
122     88     115     102
123     36     100     2362
124     75     16     292
125     31     155     170
126     38     29     1952
127     22     146     667
128     10     39     525
129     84     127     788
130     11     61     1371
131     98     84     1801
132     70     171     573
133     84     74     784
134     95     74     1970
135     9     198     139
136     90     123     2125
137     74     174     698
138     5     159     2493
139     24     11     716
140     2     114     2318
141     58     56     387
142     78     78     2478
143     97     158     38
144     78     87     1234
145     34     73     2681
146     11     41     264
147     28     10     1695
148     94     56     8
149     78     134     1346
150     31     196     824
151     26     132     922
152     7     172     2435
153     25     122     378
154     50     124     771
155     76     147     2539
156     65     36     511
157     7     103     327
158     76     120     2898
159     70     20     284
160     86     51     2490
161     32     14     74
162     81     113     892
163     69     41     1432
164     35     87     115
165     32     193     2048
166     26     88     400
167     85     7     1275
168     37     179     927
169     59     62     1244
170     25     66     15
171     55     151     1944
172     71     3     67
173     79     188     1478
174     44     173     114
175     42     186     2653
176     42     52     387
177     83     161     1616
178     32     167     701
179     23     118     2878
180     72     75     519
181     56     139     1318
182     46     168     279
183     21     42     477
184     98     176     1684
185     33     106     624
186     34     49     1079
187     81     87     2219
188     71     8     12
189     72     56     2907
190     88     68     394
191     18     149     2560
192     87     120     303
193     23     198     72
194     89     13     1457
195     94     125     1085
196     9     162     1047
197     29     35     218
198     56     111     937
199     41     164     1939
200     69     29     454
201     79     54     293
202     10     147     336
203     84     76     1534
204     39     36     708
205     72     7     1108
206     27     74     1253
207     73     54     504
208     6     22     156
209     60     74     661
210     53     62     636
211     74     104     2474
212     17     14     675
213     35     198     2362
214     32     60     111
215     18     92     2782
216     38     180     223
217     84     148     871
218     80     52     2266
219     97     181     314
220     65     179     1804
221     38     46     49
222     44     111     1607
223     30     32     498
224     78     111     1853
225     49     67     348
226     70     192     2539
227     61     130     69
228     51     195     2296
229     94     48     216
230     95     168     422
231     43     104     807
232     27     74     329
233     21     46     650
234     81     59     473
235     99     45     1387
236     78     177     10
237     75     149     42
238     22     113     1175
239     38     35     545
240     76     168     317
241     34     20     577
242     13     151     1952
243     14     90     632
244     4     43     288
245     14     158     819
246     84     59     1743
247     10     5     114
248     53     62     1425
249     46     164     2215
250     23     162     266
251     94     64     2650
252     98     82     607
253     49     97     1928
254     68     125     359
255     22     75     1456
256     9     193     1520
257     85     150     221
258     27     55     1465
259     80     107     2833
260     71     70     21
261     40     174     635
262     93     94     1956
263     81     21     348
264     47     60     2623
265     6     8     131
266     52     187     1968
267     87     154     286
268     32     155     1405
269     43     14     1761
270     86     53     682
271     8     103     2518
272     57     144     608
273     33     183     1699
274     44     181     111
275     57     147     1909
276     18     82     235
277     8     78     397
278     80     163     2311
279     17     106     110
280     35     81     1593
281     34     27     519
282     27     118     2663
283     37     124     566
284     45     17     2606
285     23     51     540
286     84     24     997
287     18     191     1330
288     94     24     2727
289     94     137     51
290     33     137     802
291     26     138     2349
292     39     189     700
293     63     45     187
294     45     120     2638
295     34     108     533
296     54     115     2611
297     11     154     88
298     56     21     2116
299     1     55     276
300     96     28     1498
