1     155     125     25998
2     7     165     1864
3     192     173     4636
4     159     64     21926
5     15     105     30368
6     74     127     198
7     39     85     41891
8     25     132     9933
9     66     165     18067
10     187     158     15957
11     156     47     45284
12     96     31     3217
13     47     94     25150
14     172     189     1337
15     143     98     43472
16     154     63     3378
17     137     73     34092
18     42     141     524
19     146     186     14177
20     153     18     32842
21     111     182     1749
22     13     120     38805
23     123     142     7380
24     98     29     15378
25     192     138     41651
26     85     193     11566
27     41     116     27616
28     106     99     10391
29     10     65     46834
30     82     119     371
31     27     35     21571
32     86     44     45559
33     109     190     2250
34     181     54     25188
35     86     47     6249
36     123     40     34805
37     88     38     7000
38     62     44     18619
39     61     33     15331
40     13     87     42789
41     69     100     2106
42     137     169     8330
43     59     106     38772
44     5     160     10353
45     172     84     14373
46     114     151     41246
47     72     143     12084
48     61     42     11258
49     19     134     43186
50     8     99     9243
51     174     122     9582
52     186     125     24586
53     175     17     10055
54     190     149     17962
55     1     189     12938
56     95     40     761
57     149     150     31973
58     141     165     9516
59     128     87     38554
60     136     28     3394
61     23     73     3164
62     125     193     11811
63     15     65     5145
64     196     189     7733
65     126     47     234
66     3     2     16768
67     11     90     36063
68     31     46     10081
69     7     193     39762
70     108     171     7113
71     109     119     21238
72     106     141     1552
73     8     154     1655
74     172     129     9425
75     76     106     22595
76     153     122     10220
77     133     78     23965
78     189     85     42740
79     55     107     840
80     5     38     36077
81     40     54     978
82     61     64     46297
83     140     120     1676
84     46     145     1188
85     29     110     23326
86     82     105     35296
87     114     195     728
88     107     13     3192
89     183     173     7734
90     111     57     4643
91     183     111     35208
92     178     118     9984
93     41     121     17804
94     36     35     5802
95     131     173     42233
96     24     53     4809
97     4     46     3326
98     109     105     33069
99     53     108     10309
100     79     13     26384
101     18     103     382
102     149     41     5495
103     174     174     24962
104     157     122     1462
105     9     148     890
106     4     112     8905
107     53     185     17777
108     132     152     13267
109     199     177     43600
110     48     29     1673
111     75     141     20799
112     37     61     42294
113     177     48     1417
114     148     22     16187
115     4     56     12229
116     110     17     10720
117     125     184     28704
118     41     136     6600
119     93     88     19080
120     173     43     18196
121     183     66     10964
122     26     100     29723
123     33     5     4661
124     140     82     29603
125     152     65     7692
126     181     193     15023
127     131     150     16622
128     177     59     9422
129     170     107     5397
130     25     82     9933
131     7     106     15763
132     155     76     40162
133     130     113     8442
134     64     54     596
135     77     50     38381
136     77     98     11799
137     184     143     39776
138     113     110     8841
139     55     103     36805
140     99     165     11105
141     78     185     45802
142     38     91     6473
143     14     129     14044
144     96     93     38420
145     61     96     5043
146     161     67     27118
147     116     176     5963
148     148     126     39907
149     17     81     4552
150     60     188     4304
151     199     169     36770
152     53     174     1763
153     185     67     13126
154     89     82     8224
155     20     196     32656
156     147     72     2015
157     100     44     34596
158     87     173     8433
159     179     148     24109
160     72     38     1733
161     105     166     5399
162     158     199     34793
163     7     108     9678
164     164     39     25891
165     192     44     12030
166     137     78     27511
167     10     144     6619
168     104     29     12975
169     101     91     33632
170     147     59     2173
171     80     26     19651
172     172     3     27337
173     198     1     1874
174     43     158     12252
175     1     15     41141
176     37     125     8307
177     114     23     48399
178     74     135     9160
179     69     117     40213
180     47     103     754
181     98     32     34783
182     86     101     2085
183     73     153     857
184     63     136     1696
185     175     101     46646
186     24     124     2554
187     101     106     5937
188     126     60     12691
189     110     150     43450
190     86     28     2614
191     61     153     10882
192     83     103     876
193     172     70     22897
194     56     151     5417
195     135     199     10124
196     69     51     25714
197     79     191     11734
198     54     92     4474
199     158     170     47151
200     160     158     2570
201     44     106     357
202     100     34     27616
203     141     139     11621
204     77     169     14245
205     160     177     17859
206     79     189     43218
207     193     72     11699
208     37     144     26876
209     100     116     1302
210     73     4     32899
211     183     169     1275
212     125     140     42758
213     68     90     4363
214     119     53     31802
215     81     128     6688
216     27     138     27312
217     101     126     5824
218     115     32     6535
219     11     185     23250
220     21     126     7210
221     13     127     9038
222     34     85     13848
223     122     28     13532
224     55     4     27755
225     194     170     11803
226     109     18     7067
227     165     152     46183
228     54     165     6574
229     155     93     44516
230     97     178     6845
231     3     177     45515
232     19     50     421
233     185     79     26191
234     22     170     7627
235     40     81     15497
236     199     195     35191
237     180     139     8785
238     81     49     46188
239     102     46     12118
240     119     72     42111
241     178     12     2369
242     48     71     26540
243     71     49     3401
244     9     194     25248
245     67     89     5103
246     49     118     19035
247     98     72     39568
248     14     71     3277
249     57     94     3178
250     176     34     21180
251     47     93     9117
252     195     47     21538
253     174     99     11457
254     176     44     13691
255     111     157     7945
256     193     82     17209
257     90     32     46087
258     157     131     4087
259     175     167     37462
260     112     16     2694
261     9     26     39361
262     45     172     5832
263     82     83     6725
264     196     26     16298
265     175     119     34694
266     93     169     9386
267     59     193     34448
268     89     169     1764
269     11     11     12485
270     108     100     20045
271     70     25     7945
272     82     122     9213
273     79     166     13522
274     145     160     43744
275     18     1     11568
276     40     174     330
277     39     171     47071
278     112     93     8888
279     161     70     26537
280     15     131     5508
281     161     43     4717
282     12     10     43939
283     162     62     9376
284     39     42     42371
285     158     19     9173
286     187     123     29477
287     76     35     11869
288     20     109     24612
289     118     52     9863
290     72     148     3379
291     139     95     22430
292     138     131     16180
293     130     62     38019
294     184     57     10571
295     190     75     12398
296     155     184     35893
297     52     15     561
298     79     97     21336
299     34     99     10042
300     29     126     54
301     139     102     29450
302     144     102     11783
303     144     91     9130
304     158     13     13454
305     111     164     15737
306     162     187     19065
307     5     154     16263
308     173     58     18850
309     16     151     45183
310     13     95     4034
311     42     51     18737
312     9     152     44934
313     107     87     3672
314     33     143     13477
315     49     86     34559
316     4     103     12179
317     135     151     36848
318     112     34     5868
319     121     138     46352
320     59     92     12157
321     92     10     24514
322     156     156     8442
323     75     98     34285
324     123     28     12045
325     57     183     27776
326     113     63     2012
327     184     137     39913
328     111     190     1120
329     191     103     19532
330     68     6     1197
331     156     117     7032
332     181     9     12511
333     24     104     17446
334     56     107     31435
335     197     49     5373
336     191     146     46515
337     74     77     7785
338     160     102     6466
339     154     171     40815
340     4     58     6284
341     48     96     38942
342     17     25     107
343     170     61     30565
344     81     61     11795
345     170     30     22559
346     38     84     37119
347     194     147     5251
348     129     24     26465
349     147     160     10293
350     33     104     24889
351     195     82     5657
352     169     130     30027
353     110     57     564
354     8     168     36872
355     73     98     4296
356     114     184     12780
357     53     185     35990
358     108     108     1162
359     10     13     31778
360     37     19     5490
361     183     159     37509
362     142     12     3165
363     98     186     13004
364     126     149     29472
365     91     103     4690
366     90     92     36906
367     161     82     759
368     28     35     21332
369     176     162     24501
370     72     43     2545
371     154     126     37559
372     39     144     2454
373     68     135     23934
374     27     32     3984
375     28     122     41815
376     68     96     3350
377     114     153     23109
378     84     101     46896
379     134     87     2179
380     129     73     1152
381     167     51     11923
382     43     175     2802
383     164     99     10508
384     100     162     20889
385     12     78     23705
386     9     181     20537
387     105     122     22997
388     135     66     25924
389     123     33     3250
390     115     102     45548
391     194     113     7163
392     178     166     38655
393     179     66     457
394     88     163     31537
395     197     191     2851
396     173     27     23162
397     144     127     39017
398     83     112     7557
399     48     112     6549
400     88     81     33465
401     117     121     8769
402     137     167     44515
403     1     194     5765
404     188     144     17754
405     118     151     47678
406     133     65     9005
407     28     141     28912
408     176     26     2057
409     32     150     33150
410     81     196     11744
411     100     77     9985
412     44     137     14766
413     35     27     17632
414     193     189     12770
415     165     126     45482
416     154     154     10177
417     4     139     34270
418     152     170     1606
419     113     52     48095
420     38     180     4401
421     22     145     5407
422     114     24     34016
423     42     126     7846
424     20     55     556
425     63     71     25051
426     189     37     7517
427     113     58     11852
428     69     163     6035
429     83     115     25034
430     55     157     7911
431     24     140     48292
432     61     125     11045
433     116     122     1062
434     102     50     43278
435     3     199     5319
436     16     160     34450
437     43     141     5164
438     137     90     27913
439     150     186     2867
440     41     144     36968
441     153     98     5372
442     140     13     9787
443     98     78     6442
444     132     57     13721
445     142     194     29222
446     27     170     3669
447     74     184     33840
448     27     145     7140
449     172     36     44564
450     133     72     6998
451     24     48     42036
452     36     59     3216
453     170     184     36867
454     162     98     7307
455     171     156     1761
456     80     105     41722
457     98     55     11394
458     198     116     30299
459     116     56     7149
460     52     96     44998
461     51     138     10300
462     141     42     39417
463     105     96     11312
464     10     45     25469
465     51     133     8784
466     193     145     15595
467     84     120     4845
468     83     182     26062
469     84     155     10573
470     93     24     9224
471     42     128     16169
472     110     58     17315
473     177     108     35025
474     151     138     8729
475     11     156     14691
476     32     88     22756
477     97     163     43777
478     139     93     7114
479     44     34     25529
480     73     61     6867
481     67     89     25629
482     34     171     5500
483     8     134     5953
484     25     46     548
485     171     144     45687
486     62     54     7773
487     86     132     25414
488     123     160     6013
489     187     91     25255
490     69     178     4090
491     129     102     38510
492     108     149     5525
493     154     2     10660
494     124     5     46278
495     91     163     3908
496     141     137     6046
497     31     60     11560
498     46     14     1378
499     89     7     15185
500     126     48     22315
