1     89     7     171
2     34     13     57
3     27     42     15
4     80     47     150
5     24     46     67
6     96     25     272
7     2     3     36
8     11     16     27
9     36     9     166
10     81     8     72
11     39     49     221
12     15     20     55
13     11     6     17
14     17     31     176
15     55     25     63
16     21     32     280
17     62     8     1
18     63     15     164
19     84     29     18
20     12     36     187
21     19     15     34
22     72     35     202
23     14     43     28
24     95     47     227
25     46     48     65
26     13     25     43
27     43     37     132
28     9     24     213
29     46     48     58
30     97     20     215
31     36     12     51
32     92     9     286
33     28     37     55
34     83     40     284
35     68     30     16
36     58     41     286
37     47     41     23
38     48     17     275
39     51     41     55
40     8     40     179
41     14     2     27
42     39     17     76
43     67     37     208
44     35     21     67
45     31     11     258
46     65     20     15
47     47     16     77
48     74     36     71
49     2     19     277
50     93     15     63
