1     25     23     108
2     4     40     39
3     11     37     134
4     32     37     31
5     39     23     47
6     37     27     63
7     40     36     65
8     49     6     65
9     18     12     32
10     29     18     126
11     29     29     27
12     34     26     52
13     39     34     161
14     16     43     13
15     4     48     43
16     42     37     48
17     36     13     39
18     28     33     85
19     22     10     37
20     1     27     153
21     18     24     34
22     18     10     132
23     35     21     7
24     3     32     84
25     46     37     3
26     47     45     140
27     29     47     38
28     27     25     143
29     19     31     28
30     24     39     141
31     7     25     39
32     21     34     123
33     47     9     9
34     11     29     100
35     18     40     32
36     13     7     128
37     6     31     17
38     16     4     36
39     41     31     14
40     46     5     4
41     34     25     104
42     13     44     22
43     31     12     33
44     49     13     157
45     33     31     31
46     23     45     165
47     31     38     30
48     39     11     164
49     22     16     21
50     14     47     64
