1     123     70     25197
2     190     130     10313
3     65     108     27927
4     129     154     4208
5     178     109     1440
6     102     139     45346
7     76     104     8454
8     197     11     6161
9     137     41     7409
10     122     84     25203
11     87     175     11270
12     166     173     5730
13     199     108     34925
14     3     46     8298
15     102     28     9075
16     138     132     41300
17     138     153     9313
18     13     52     46946
19     58     65     41
20     164     119     31071
21     44     37     4735
22     109     75     17214
23     173     47     16014
24     183     186     29898
25     73     56     6577
26     115     44     7141
27     129     125     48175
28     29     51     176
29     118     36     43604
30     2     136     1359
31     41     71     2511
32     143     166     32467
33     62     76     8932
34     33     58     12433
35     142     103     13998
36     116     105     9746
37     64     126     40249
38     184     16     5652
39     6     80     28430
40     33     32     10752
41     156     97     16739
42     86     64     820
43     154     34     45029
44     100     46     4953
45     158     105     46019
46     44     60     7165
47     134     100     28156
48     108     173     1926
49     50     27     4042
50     196     78     36038
51     175     45     2842
52     163     71     30062
53     7     28     11858
54     193     59     6866
55     38     184     39955
56     159     124     8830
57     49     198     12163
58     38     161     23054
59     19     116     31817
60     111     149     9315
61     15     186     36012
62     138     71     840
63     171     60     41081
64     144     132     1023
65     7     165     30823
66     16     76     6439
67     45     51     15706
68     55     121     41289
69     186     51     1592
70     171     193     43558
71     104     169     4432
72     114     2     3871
73     75     86     44377
74     150     10     5838
75     30     33     46155
76     18     144     546
77     156     1     10397
78     43     105     15441
79     187     49     36425
80     43     155     10616
81     30     165     33603
82     86     73     7701
83     124     52     17360
84     15     142     5079
85     176     62     1209
86     96     113     26219
87     69     68     5680
88     189     129     279
89     141     160     31412
90     47     51     10859
91     144     184     34
92     64     168     48031
93     199     73     6954
94     37     89     35730
95     18     180     2590
96     90     118     40884
97     160     103     3021
98     197     141     13766
99     43     190     15224
100     50     101     17234
101     155     159     46364
102     82     60     1593
103     116     123     34169
104     17     121     1131
105     136     19     20406
106     132     53     31088
107     2     15     413
108     115     86     29809
109     46     188     11529
110     61     163     36284
111     93     144     7151
112     176     126     1649
113     184     73     15275
114     140     182     35254
115     147     191     4919
116     102     139     35880
117     147     58     10811
118     6     129     38631
119     172     97     8255
120     29     107     35479
121     123     177     7494
122     49     168     8896
123     89     22     42145
124     11     73     11120
125     155     155     22870
126     65     58     22698
127     22     152     12633
128     67     146     22959
129     137     98     37459
130     8     92     5490
131     10     170     5004
132     94     148     23887
133     104     112     37747
134     154     94     771
135     72     100     41557
136     136     94     3605
137     196     141     9555
138     9     8     1216
139     93     157     10092
140     188     131     46389
141     199     14     3467
142     55     125     33777
143     73     195     4820
144     183     145     17281
145     23     109     10701
146     9     170     29509
147     54     193     630
148     182     141     36533
149     37     8     4170
150     178     130     30487
151     122     20     7708
152     18     191     864
153     70     81     8184
154     71     97     44011
155     115     158     2318
156     196     6     1662
157     99     115     437
158     115     16     43828
159     193     21     4885
160     134     92     15921
161     68     4     138
162     78     91     23890
163     184     107     20373
164     61     157     18778
165     165     175     25770
166     70     86     9412
167     30     177     1135
168     171     155     32497
169     74     90     8412
170     104     80     41899
171     8     44     2022
172     16     92     32822
173     197     85     8085
174     77     167     24133
175     139     73     2258
176     106     21     15405
177     7     9     41302
178     169     15     3757
179     54     129     11724
180     16     173     42095
181     162     103     4694
182     95     158     30334
183     107     150     8790
184     93     160     3667
185     50     154     28236
186     155     35     1305
187     124     46     15539
188     193     114     31317
189     116     59     8171
190     109     31     44372
191     103     114     11232
192     40     65     11941
193     57     32     45160
194     66     41     117
195     56     47     7909
196     169     117     20948
197     4     124     929
198     8     83     20297
199     128     164     41459
200     26     197     9499
201     19     143     33515
202     66     82     10307
203     84     131     40853
204     173     196     1753
205     132     179     2410
206     118     181     20515
207     171     7     32195
208     3     75     488
209     183     19     1414
210     119     40     46025
211     27     177     4718
212     182     58     48599
213     50     68     1511
214     33     51     40533
215     22     18     473
216     134     189     5780
217     114     88     14780
218     28     154     24406
219     101     174     11364
220     154     15     26428
221     71     56     3524
222     138     73     37422
223     189     23     4378
224     50     144     28597
225     68     49     5136
226     36     103     23966
227     22     105     25578
228     157     7     5491
229     23     27     31518
230     145     146     2873
231     55     14     6720
232     36     156     48587
233     98     190     9755
234     77     81     37588
235     189     138     3280
236     20     10     7742
237     126     55     42647
238     136     9     10493
239     171     27     18083
240     197     126     4681
241     52     78     19008
242     166     195     6487
243     50     136     38208
244     139     125     3450
245     120     77     26270
246     32     98     1511
247     87     5     32902
248     92     108     8596
249     167     98     6479
250     113     81     31484
251     172     109     11296
252     147     118     45703
253     12     23     10814
254     120     119     3037
255     181     5     20479
256     1     31     7232
257     93     93     27033
258     150     137     4321
259     118     59     29004
260     136     61     470
261     44     22     48676
262     51     119     3204
263     17     76     28918
264     187     113     4185
265     5     3     2506
266     75     136     7052
267     25     69     190
268     103     55     7623
269     163     173     48413
270     32     13     5988
271     107     56     3469
272     100     198     25259
273     156     128     11766
274     153     15     6599
275     2     102     44838
276     98     197     7140
277     110     112     24142
278     62     132     18377
279     41     90     35009
280     180     36     8232
281     14     49     26067
282     166     135     5678
283     128     39     8295
284     56     67     35524
285     31     48     11096
286     14     168     28841
287     111     42     3076
288     163     172     30929
289     193     23     2235
290     69     43     25638
291     159     159     2127
292     86     128     27816
293     195     118     6583
294     178     60     38167
295     80     67     8425
296     114     152     11688
297     32     175     7650
298     142     140     42280
299     180     168     4091
300     43     140     37016
301     103     137     11222
302     65     10     7822
303     18     29     12574
304     86     157     23040
305     64     48     19517
306     23     193     32313
307     130     135     732
308     84     91     7638
309     21     141     46412
310     131     71     11112
311     74     43     24268
312     142     62     1843
313     82     177     34919
314     103     12     8811
315     106     14     35604
316     62     98     4255
317     46     30     18457
318     87     6     41902
319     143     6     6094
320     61     36     40720
321     80     12     11857
322     76     163     45334
323     20     194     10544
324     157     20     13942
325     104     63     17805
326     104     47     1471
327     15     132     33647
328     138     31     9808
329     166     33     30235
330     89     141     9551
331     97     145     39064
332     58     172     10113
333     117     2     45087
334     98     180     9785
335     107     21     25832
336     153     155     8373
337     87     93     48106
338     114     111     4103
339     28     3     34776
340     164     91     2947
341     99     110     27432
342     173     32     5395
343     180     24     37137
344     6     25     3845
345     50     42     9555
346     5     94     4464
347     8     67     11670
348     147     185     42189
349     32     15     6242
350     166     85     2984
351     139     131     11715
352     39     69     29740
353     36     134     292
354     195     41     35412
355     51     27     10434
356     189     171     7502
357     120     69     15328
358     50     46     15085
359     17     79     35290
360     143     180     9611
361     115     60     1710
362     143     135     4426
363     54     193     36050
364     28     42     4628
365     192     168     42978
366     59     45     9240
367     158     144     32414
368     107     91     11950
369     109     193     15355
370     14     183     5761
371     185     48     8179
372     53     55     41166
373     63     162     6103
374     177     116     36117
375     194     80     1248
376     68     119     4735
377     107     98     41769
378     188     118     8896
379     182     107     35349
380     42     40     6113
381     165     185     42268
382     180     77     8029
383     132     139     8057
384     125     104     5782
385     95     155     27234
386     148     6     3901
387     13     183     21400
388     68     39     23050
389     31     102     36320
390     65     157     9435
391     112     130     338
392     146     107     31815
393     132     119     6958
394     97     22     35082
395     169     147     6804
396     162     51     26415
397     18     154     2033
398     16     49     30323
399     103     58     5527
400     116     20     14862
401     3     161     20086
402     61     34     7390
403     143     89     30538
404     20     176     3480
405     152     147     38005
406     80     23     9368
407     58     22     35780
408     17     161     11231
409     159     48     6913
410     85     56     40177
411     91     145     5233
412     89     160     28003
413     20     119     1747
414     125     110     37111
415     160     33     2981
416     96     157     7244
417     115     142     38867
418     85     166     3423
419     115     92     33712
420     78     188     795
421     125     152     32718
422     118     49     12037
423     1     166     42249
424     4     23     8710
425     17     101     29566
426     85     48     11930
427     108     134     38222
428     192     16     5536
429     46     130     32368
430     25     80     2503
431     8     178     47764
432     54     117     3156
433     64     72     6101
434     65     10     36173
435     48     159     4225
436     197     48     32307
437     132     98     145
438     195     148     23760
439     13     103     1964
440     113     101     38659
441     193     179     1752
442     179     51     11537
443     159     51     8739
444     16     36     28290
445     114     92     2876
446     12     34     3305
447     9     104     28451
448     22     126     7696
449     49     36     29383
450     139     195     333
451     173     185     15777
452     18     167     22630
453     37     176     25056
454     150     23     843
455     146     21     2565
456     84     12     43955
457     10     32     8120
458     132     168     8821
459     103     115     17245
460     102     49     17656
461     42     81     29414
462     106     181     6478
463     114     20     32649
464     67     106     6968
465     122     77     43811
466     102     25     2323
467     118     159     34328
468     66     158     4254
469     160     188     38570
470     170     150     7848
471     28     189     27610
472     135     7     2898
473     87     92     12064
474     27     16     48301
475     110     10     7802
476     82     161     15600
477     169     75     31916
478     2     18     418
479     128     23     6635
480     19     120     18233
481     193     66     22762
482     146     75     18423
483     120     13     43876
484     198     62     899
485     139     43     28208
486     167     164     9267
487     56     96     42301
488     41     143     7860
489     97     45     32255
490     27     46     2551
491     69     28     24189
492     182     192     1416
493     71     156     18215
494     122     199     15502
495     68     127     22890
496     77     87     39259
497     75     73     5654
498     72     1     20288
499     166     6     41472
500     63     12     1697
