50.006     52814     51683
50.112     52814     51683
50.112     52814     51683
50.006     52814     51683
50.112     52814     51683
50.112     52814     51683
50.006     52814     51683
50.112     52814     51683
50.112     52814     51683
50.006     52814     51683
             
50.110     51061     50249
50.074     51160     50249
50.074     51160     50249
50.110     51061     50249
50.110     51061     50249
50.110     51061     50249
50.110     51061     50249
50.074     51061     50249
50.074     51160     50249
50.074     51061     50249
             
50.078     52925     52925
5.464     52925     52925
5.464     52925     52925
50.078     52971     52925
50.078     52925     52925
50.078     52925     52925
50.078     52971     52925
5.464     52925     52925
5.464     52925     52925
5.464     52925     52925
             
50.048     49293     48549
50.029     49293     48549
50.029     49293     48549
50.048     49396     48549
50.048     49293     48549
50.048     49293     48549
50.048     49396     48549
50.029     49293     48549
50.029     49293     48549
50.029     49293     48549
             
50.046     49376     48781
50.105     49458     48781
50.105     49376     48781
50.046     49376     48781
50.105     49458     48781
50.105     49458     48781
50.046     49376     48781
50.105     49376     48781
50.105     49458     48781
50.046     49376     48781
             
50.067     50391     49579
50.035     50490     49579
50.035     50472     49579
50.067     50472     49579
50.067     50391     49579
50.067     50391     49579
50.067     50391     49579
50.035     50472     49579
50.035     50391     49579
50.035     50391     49579
             
50.080     51583     50102.5
50.016     51583     50102.5
50.016     51583     50102.5
50.080     51583     50102.5
50.080     51583     50102.5
50.080     51583     50102.5
50.080     51583     50102.5
50.016     51583     50102.5
50.016     51583     50102.5
50.016     51583     50102.5
             
50.075     51893     50553.5
50.035     51893     50553.5
50.035     51893     50553.5
50.075     51893     50553.5
50.075     51893     50553.5
50.075     51993     50553.5
50.075     51893     50553.5
50.035     51893     50553.5
50.035     51893     50553.5
50.035     51893     50553.5
             
50.083     51485     49918
50.087     51485     49918
50.087     51485     49918
50.083     51485     49918
50.087     51485     49918
50.087     51485     49918
50.083     51485     49918
50.087     51485     49918
50.087     51485     49918
50.083     51485     49918
             
50.039     50380     49146.5
50.022     50390     49146.5
50.022     50390     49146.5
50.039     50380     49146.5
50.039     50390     49146.5
50.039     50390     49146.5
50.039     50380     49146.5
50.022     50390     49146.5
50.022     50390     49146.5
50.022     50390     49146.5
             
