1     181     162     925
2     145     30     111
3     48     136     13
4     55     162     693
5     50     139     198
6     63     151     511
7     113     162     1212
8     167     15     54
9     45     98     792
10     93     145     34
11     52     45     1068
12     1     142     246
13     31     73     632
14     83     132     47
15     126     30     630
16     16     142     1049
17     196     182     13
18     87     37     387
19     102     184     515
20     40     66     485
21     69     98     538
22     157     99     1023
23     129     192     72
24     68     51     1209
25     102     37     253
26     27     2     1260
27     38     20     246
28     112     178     74
29     133     99     772
30     5     123     46
31     24     137     459
32     138     134     793
33     142     86     108
34     111     9     535
35     30     2     158
36     84     30     1205
37     134     49     19
38     176     124     338
39     36     83     122
40     144     127     27
41     40     183     1211
42     63     98     85
43     164     120     227
44     124     193     920
45     116     86     158
46     177     44     724
47     72     192     230
48     187     162     890
49     116     90     300
50     6     82     895
51     165     85     58
52     197     43     138
53     73     183     664
54     10     177     179
55     29     42     776
56     124     76     27
57     1     152     569
58     89     57     577
59     195     181     1013
60     54     11     48
61     34     10     1238
62     65     67     18
63     132     35     147
64     174     113     77
65     80     71     1227
66     46     52     88
67     190     133     1248
68     104     139     304
69     11     148     390
70     78     137     74
71     106     6     1032
72     13     182     251
73     75     111     1003
74     152     95     285
75     27     122     454
76     186     43     1205
77     29     61     270
78     36     179     681
79     132     120     307
80     71     178     907
81     23     104     148
82     129     79     990
83     127     91     252
84     104     193     508
85     113     143     501
86     11     97     301
87     96     69     177
88     110     79     375
89     183     143     969
90     146     166     170
91     50     11     648
92     194     32     19
93     139     50     425
94     2     69     808
95     44     48     278
96     156     177     1097
97     163     131     110
98     172     120     700
99     74     180     118
100     153     60     881
101     121     70     25
102     57     27     331
103     150     57     468
104     113     96     583
105     140     37     260
106     130     65     203
107     175     85     295
108     160     46     1180
109     28     146     69
110     134     31     1194
111     39     8     141
112     103     114     147
113     71     194     1228
114     196     66     37
115     135     12     534
116     51     198     1070
117     162     185     168
118     18     33     859
119     11     140     84
120     75     153     1042
121     161     111     176
122     147     10     284
123     155     60     549
124     176     160     975
125     64     6     202
126     103     119     971
127     35     196     67
128     192     76     144
129     49     74     589
130     137     192     47
131     21     46     776
132     179     166     115
133     129     69     138
134     60     96     216
135     184     130     819
136     169     95     234
137     137     115     854
138     42     163     243
139     94     158     1141
140     4     132     295
141     18     171     1164
142     192     112     101
143     97     126     1
144     132     45     368
145     73     76     370
146     141     24     957
147     179     162     32
148     172     145     1012
149     70     155     210
150     148     180     530
151     106     157     719
152     53     16     43
153     110     98     694
154     1     196     181
155     73     111     80
156     56     101     294
157     118     91     541
158     189     104     895
159     96     54     14
160     54     183     1197
161     81     65     26
162     96     41     434
163     53     196     29
164     100     24     914
165     160     49     125
166     167     76     406
167     180     95     792
168     157     26     249
169     66     113     375
170     177     46     1252
171     41     91     178
172     86     50     1112
173     153     146     23
174     68     97     198
175     82     49     295
176     195     127     421
177     183     64     1136
178     119     97     97
179     18     93     416
180     74     38     1250
181     197     33     153
182     170     134     566
183     179     171     959
184     51     13     1
185     156     148     285
186     29     56     697
187     79     128     82
188     91     100     906
189     42     112     98
190     166     72     728
191     68     170     92
192     116     129     118
193     181     112     605
194     27     38     293
195     24     195     1026
196     77     194     177
197     132     106     917
198     139     183     159
199     90     140     495
200     65     46     591
