1       13        2       50
2        4        5      246
3       14        9      233
4       15        3       49
5       11        1      229
6        8        8      149
7       12        4      273
8       12        1       69
9       11        9      109
10       15        7      117
11        3        3       87
12       11        5      215
13       10        1       55
14       14        6      210
15       10        5      113
16        7        7       10
17       11        6      209
18        6        8      198
19        7        2       24
20       12        5      183
21       11        9      222
22        5        7      200
23        3        1       98
24        8        9       88
25       13        8      111
26       13        1      173
27        9        5      169
28        9        1      175
29        6        3       52
30       12        2      114
31        7        8      243
32        6        6      102
33       12        5        8
34        5        2      176
35        9        2      239
36        9        8       44
37       13        2      185
38        6        8      176
39        4        8      245
40        3        1      245
41        3        9       22
42       10        7      175
43       12        4      219
44       15        7      210
45        3        7      167
46       13        5      190
47        8        2       83
48       13        2      249
49        3        3      164
50       15        8       65
51       14        4      263
52        6        2       89
53       15        9       43
54       15        7      131
55       13        6       86
56        3        5       48
57        9        5       95
58       12        6      170
59        8        8      147
60        9        2      221
61        6        1      225
62       10        2       88
63        9        2      245
64        9        4       87
65       10        1      274
66       15        4      231
67       12        8       65
68        7        3       97
69        4        1      273
70        6        7      189
71        9        4       94
72       11        8       23
73        8        1      137
74       14        5      173
75       14        1      197
76       15        5      201
77       12        8      224
78        8        6      127
79       11        1      208
80        3        1      248
81        7        1      161
82        5        4       88
83       10        8       86
84       12        6      264
85        9        4      187
86        4        1       40
87        4        2      185
88       11        2      254
89       15        5       27
90        6        3      207
91        6        6       76
92       10        6      152
93        8        3       88
94       11        7      103
95       10        1       42
96       13        4       15
97        4        7       77
98        4        6      149
99        3        3      253
100        8        1      241
101        9        1      141
102       13        2      127
103       15        1      172
104       15        5      219
105        5        9      241
106       13        7      162
107        9        3       42
108        3        9      110
109       13        6      214
110        3        7       45
111       15        9      144
112       10        8      202
113       12        8       21
114        9        4       23
115       12        5      165
116        5        7      227
117        4        4       52
118       10        4       20
119       13        6      121
120        4        8      269
121       10        9      255
122       13        8      240
123        9        2       33
124        9        4      124
125        7        5        3
126       12        7      264
127        4        4      112
128        7        2      174
129       15        4      234
130        9        8      214
131        6        9      183
132        6        7      177
133        5        5      273
134        8        1      173
135       10        7       43
136        7        1        7
137        5        8      187
138       10        4       45
139       14        7      162
140       15        2       73
141       12        9       93
142        8        9       20
143        6        1        5
144        8        6      173
145       11        7       52
146       10        1      261
147       13        3       53
148       12        3      218
149       13        9       64
150        5        8       26
151       13        2      270
152       14        4       25
153       12        9      197
154       12        6      263
155        9        6      122
156        9        5       64
157       13        7       67
158       11        5      174
159       13        8      251
160        4        9      122
161        8        5      270
162       14        3       96
163        8        7      176
164        7        6      178
165       11        5       20
166        3        1      117
167       12        7      196
168        4        7      210
169       12        3      100
170        6        2      228
171       15        7      124
172        3        6      251
173       13        6       99
174       10        9      243
175        7        1      177
176        8        6       86
177        6        5      228
178        7        9      132
179       11        4        9
180        9        9      227
181       10        4        6
182        5        3      231
183       10        8      220
184        4        3        3
185       15        5       33
186        6        5      123
187       11        1       93
188       14        6       93
189       10        3      159
190        6        2      187
191       14        3      249
192        5        3      111
193        3        9      200
194        3        2      203
195        5        2      156
196        9        4      182
197       10        6      208
198        7        9      179
199        8        6       60
200        5        3        9
