1     87     6     34
2     178     1     243
3     91     42     74
4     8     41     142
5     125     47     88
6     180     36     176
7     79     20     19
8     196     44     214
9     8     43     61
10     107     21     288
11     67     30     42
12     169     25     12
13     16     34     315
14     112     24     48
15     29     45     199
16     184     32     12
17     196     40     308
18     24     31     23
19     198     46     270
20     79     39     5
21     17     8     235
22     193     42     7
23     63     42     6
24     161     33     239
25     15     35     36
26     184     7     222
27     95     21     40
28     178     3     174
29     51     42     73
30     164     18     29
31     38     22     306
32     192     2     57
33     68     5     104
34     95     8     63
35     174     38     211
36     111     41     35
37     17     26     112
38     158     34     198
39     109     3     38
40     134     21     264
41     63     37     76
42     3     12     83
43     149     7     66
44     135     1     227
45     154     24     26
46     16     34     105
47     102     17     62
48     31     47     295
49     72     8     38
50     165     27     283
