1     175     41     176
2     73     47     66
3     180     4     270
4     81     30     72
5     162     14     178
6     109     10     17
7     168     19     27
8     7     49     206
9     178     24     79
10     80     36     12
11     126     12     26
12     64     18     16
13     53     45     40
14     79     27     66
15     81     41     266
16     107     22     4
17     181     29     334
18     12     37     33
19     130     41     261
20     131     6     7
21     184     39     58
22     6     5     337
23     183     47     17
24     187     27     185
25     14     39     46
26     17     24     186
27     149     39     43
28     153     42     131
29     94     43     140
30     115     43     157
31     181     21     92
32     163     5     53
33     34     19     320
34     148     37     6
35     17     21     306
36     11     10     86
37     60     37     301
38     177     6     1
39     127     36     172
40     108     49     340
41     167     22     13
42     167     21     311
43     144     46     7
44     182     3     4
45     149     15     136
46     33     17     325
47     124     20     15
48     120     43     286
49     141     1     85
50     54     16     137
