5.001       257     246.4
5       257     246.4
5       257     246.4
5       262     246.4
5       260     246.4
5       258     246.4
5       258     246.4
5       262     246.4
5.001       257     246.4
5       257     246.4

5       237     231.2
5       239     231.2
5       235     231.2
5.001       234     231.2
5       238     231.2
5       241     231.2
5       237     231.2
5       240     231.2
5       237     231.2
5       242     231.2

5       216     212.4
5.001       215     212.4
5       219     212.4
5       218     212.4
5.002       221     212.4
5       217     212.4
5       220     212.4
5.001       219     212.4
5       218     212.4
5.001       215     212.4

5       231       222
5.001       229       222
5.001       226       222
5       226       222
5       227       222
5.001       227       222
5.001       226       222
5       232       222
5.001       226       222
5       232       222

5.001       236     223.8
5       237     223.8
5       235     223.8
5.001       231     223.8
5       228     223.8
5       238     223.8
5       234     223.8
5       237     223.8
5.001       232     223.8
5       236     223.8

5       216       205
5.001       215       205
5.001       221       205
5       218       205
5       216       205
5       215       205
5       220       205
5       217       205
5.001       217       205
5       217       205

5.001       263     246.4
5       257     246.4
5.002       262     246.4
5       259     246.4
5       258     246.4
5.001       259     246.4
5       257     246.4
5.001       259     246.4
5       260     246.4
5.001       259     246.4

5.001       257     236.2
5.001       261     236.2
5       255     236.2
5.001       255     236.2
5       255     236.2
5.001       256     236.2
5.001       256     236.2
5       255     236.2
5       255     236.2
5       258     236.2

5       238     227.6
5       239     227.6
5       242     227.6
5       237     227.6
5       240     227.6
5       238     227.6
5       236     227.6
5.001       238     227.6
5       237     227.6
5.002       238     227.6

5       228     217.8
5.001       227     217.8
5.001       227     217.8
5       227     217.8
5.001       228     217.8
5       227     217.8
5       229     217.8
5.001       227     217.8
5.001       227     217.8
5.001       227     217.8

