1     67     31     105
2     18     18     4
3     70     18     19
4     32     1     16
5     30     28     60
6     19     48     159
7     70     20     34
8     71     5     4
9     36     43     82
10     67     45     7
11     36     27     61
12     4     10     167
13     19     36     22
14     61     7     46
15     21     47     104
16     96     19     22
17     89     30     43
18     62     41     35
19     19     37     75
20     22     12     149
21     82     38     37
22     36     6     117
23     91     6     11
24     96     15     98
25     26     28     42
26     46     18     111
27     33     31     0
28     19     25     59
29     84     42     95
30     62     2     11
31     99     34     3
32     10     13     46
33     53     23     116
34     87     14     19
35     14     43     21
36     77     27     89
37     78     30     6
38     95     13     52
39     73     5     119
40     33     47     37
41     45     40     81
42     41     28     109
43     66     48     21
44     4     34     65
45     38     13     140
46     59     36     39
47     56     25     120
48     54     27     38
49     99     16     22
50     99     22     24
