1     22     6     13
2     27     13     28
3     7     12     113
4     3     13     0
5     66     45     24
6     92     47     105
7     82     36     24
8     64     30     54
9     32     42     110
10     65     36     5
11     56     32     16
12     34     12     24
13     36     1     102
14     69     7     36
15     18     37     71
16     15     23     135
17     72     24     36
18     74     6     115
19     98     47     2
20     12     26     140
21     97     14     26
22     19     21     121
23     3     4     36
24     2     49     18
25     21     40     40
26     36     49     28
27     2     42     31
28     66     44     18
29     99     49     65
30     74     37     46
31     40     37     114
32     60     35     30
33     20     28     81
34     94     24     13
35     33     15     69
36     47     32     97
37     81     7     25
38     78     24     65
39     69     8     118
40     63     23     4
41     13     4     110
42     6     2     23
43     11     22     73
44     50     16     12
45     78     22     96
46     64     34     23
47     15     26     105
48     17     29     30
49     44     34     37
50     14     2     69
