10.594     2090     1987.6
10.125     2098     1987.6
10.125     2098     1987.6
10.594     2090     1987.6
10.594     2098     1987.6
10.594     2098     1987.6
10.594     2090     1987.6
10.125     2098     1987.6
10.125     2098     1987.6
10.594     2098     1987.6
             
10.281     2070     1996.8
10.204     2052     1996.8
10.204     2052     1996.8
10.281     2070     1996.8
10.281     2070     1996.8
10.281     2070     1996.8
10.281     2070     1996.8
10.204     2052     1996.8
10.204     2052     1996.8
10.281     2070     1996.8
             
10.438     1792     1747.6
10.531     1779     1747.6
10.531     1779     1747.6
10.438     1792     1747.6
10.531     1792     1747.6
10.531     1792     1747.6
10.438     1792     1747.6
10.531     1779     1747.6
10.531     1779     1747.6
10.531     1792     1747.6
             
10.266     1897     1824.6
10.067     1877     1824.6
10.067     1877     1824.6
10.266     1897     1824.6
10.266     1897     1824.6
10.266     1897     1824.6
10.266     1897     1824.6
10.067     1877     1824.6
10.067     1877     1824.6
10.266     1897     1824.6
             
10.078     2068     1984
10.125     2073     1984
10.125     2073     1984
10.078     2068     1984
10.125     2073     1984
10.125     2073     1984
10.078     2068     1984
10.125     2073     1984
10.125     2073     1984
10.125     2073     1984
             
10.031     2125     2023.6
10.594     2134     2023.6
10.594     2134     2023.6
10.031     2125     2023.6
10.594     2134     2023.6
10.594     2134     2023.6
10.031     2125     2023.6
10.594     2134     2023.6
10.594     2134     2023.6
10.594     2134     2023.6
             
10.344     2076     1965.8
10.641     2047     1965.8
10.641     2047     1965.8
10.344     2076     1965.8
10.641     2076     1965.8
10.641     2076     1965.8
10.344     2076     1965.8
10.641     2047     1965.8
10.641     2047     1965.8
10.641     2076     1965.8
             
10.047     2030     1936.2
10.079     2041     1936.2
10.079     2041     1936.2
10.047     2030     1936.2
10.079     2041     1936.2
10.079     2041     1936.2
10.047     2030     1936.2
10.079     2041     1936.2
10.079     2041     1936.2
10.079     2041     1936.2
             
10.079     2076     1966.2
10.235     2056     1966.2
10.235     2056     1966.2
10.079     2076     1966.2
10.235     2076     1966.2
10.235     2076     1966.2
10.079     2076     1966.2
10.235     2056     1966.2
10.235     2056     1966.2
10.235     2076     1966.2
             
10.563     1855     1790
10.063     1855     1790
10.063     1855     1790
10.563     1855     1790
10.563     1855     1790
10.563     1855     1790
10.563     1855     1790
10.063     1855     1790
10.063     1855     1790
10.563     1855     1790
             
