10.250     2079     1987.6
10.594     2078     1987.6
10.594     2068     1987.6
10.250     2079     1987.6
10.594     2079     1987.6
10.594     2079     1987.6
10.250     2079     1987.6
10.594     2068     1987.6
10.594     2078     1987.6
10.594     2079     1987.6
             
10.079     2043     1996.8
10.438     2040     1996.8
10.438     2047     1996.8
10.079     2043     1996.8
10.438     2043     1996.8
10.438     2043     1996.8
10.079     2043     1996.8
10.438     2047     1996.8
10.438     2040     1996.8
10.438     2043     1996.8
             
10.688     1776     1747.6
10.751     1783     1747.6
10.751     1783     1747.6
10.688     1776     1747.6
10.751     1783     1747.6
10.751     1783     1747.6
10.688     1776     1747.6
10.751     1783     1747.6
10.751     1783     1747.6
10.751     1783     1747.6
             
10.532     1873     1824.6
10.531     1853     1824.6
10.531     1874     1824.6
10.532     1873     1824.6
10.532     1873     1824.6
10.532     1873     1824.6
10.532     1873     1824.6
10.531     1874     1824.6
10.531     1853     1824.6
10.532     1873     1824.6
             
10.422     2056     1984
10.391     2059     1984
10.391     2059     1984
10.422     2056     1984
10.422     2059     1984
10.422     2059     1984
10.422     2056     1984
10.391     2059     1984
10.391     2059     1984
10.422     2059     1984
             
10.704     2114     2023.6
10.797     2111     2023.6
10.797     2129     2023.6
10.704     2114     2023.6
10.797     2114     2023.6
10.797     2114     2023.6
10.704     2114     2023.6
10.797     2129     2023.6
10.797     2111     2023.6
10.797     2114     2023.6
             
10.875     2039     1965.8
10.532     2040     1965.8
10.532     2060     1965.8
10.875     2039     1965.8
10.875     2040     1965.8
10.875     2040     1965.8
10.875     2039     1965.8
10.532     2060     1965.8
10.532     2040     1965.8
10.875     2040     1965.8
             
10.735     2000     1936.2
10.985     1993     1936.2
10.985     1993     1936.2
10.735     2000     1936.2
10.985     2000     1936.2
10.985     2000     1936.2
10.735     2000     1936.2
10.985     1993     1936.2
10.985     1993     1936.2
10.985     2000     1936.2
             
10.990     2038     1966.2
10.376     2039     1966.2
10.376     2036     1966.2
10.990     2038     1966.2
10.990     2038     1966.2
10.990     2038     1966.2
10.990     2038     1966.2
10.376     2036     1966.2
10.376     2039     1966.2
10.990     2039     1966.2
             
10.266     1836     1790
10.282     1839     1790
10.282     1839     1790
10.266     1836     1790
10.282     1839     1790
10.282     1839     1790
10.266     1836     1790
10.282     1839     1790
10.282     1839     1790
10.282     1839     1790
             
