1     140     41     1270
2     195     19     510
3     175     36     306
4     14     12     2338
5     73     12     401
6     188     21     125
7     57     42     1156
8     193     11     791
9     99     44     1457
10     49     45     235
11     123     48     982
12     98     49     1002
13     130     23     295
14     89     40     655
15     146     28     718
16     199     15     1148
17     97     20     1292
18     112     27     430
19     66     43     1268
20     8     20     568
21     21     18     422
22     2     5     2201
23     189     20     331
24     119     13     1463
25     1     32     118
26     22     4     1147
27     21     26     414
28     14     44     1168
29     65     41     319
30     46     8     846
31     121     7     2238
32     83     40     503
33     40     19     1730
34     90     48     331
35     42     25     1184
36     184     45     73
37     86     33     1260
38     13     15     412
39     167     7     2063
40     56     11     348
41     33     49     1706
42     176     29     224
43     72     39     899
44     65     35     82
45     147     24     867
46     66     33     991
47     85     28     1215
48     80     4     301
49     81     16     1949
50     8     17     515
51     177     11     740
52     140     19     1192
53     53     7     67
54     181     17     2025
55     34     20     325
56     188     33     1346
57     167     23     503
58     127     19     2044
59     121     10     104
60     86     48     861
61     153     32     1480
62     65     46     99
63     183     48     621
64     46     47     1583
65     113     35     280
66     7     32     1651
67     103     11     397
68     89     5     1846
69     55     31     242
70     30     14     1827
71     145     45     482
72     118     16     1814
73     15     19     135
74     20     48     2342
75     76     27     545
76     72     31     1287
77     91     20     282
78     144     32     1850
79     7     30     377
80     181     15     950
81     185     7     1022
82     50     15     1232
83     120     17     505
84     131     47     905
85     55     43     1817
86     22     7     465
87     184     8     2118
88     127     5     414
89     122     33     1165
90     172     40     1887
91     143     24     91
92     20     41     584
93     147     17     704
94     27     3     1862
95     20     20     410
96     5     27     106
97     192     31     1458
98     24     47     294
99     170     6     1711
100     42     42     101
