10.002     2539     2439.5
10.001     2539     2439.5
10.001     2539     2439.5
10.002     2539     2439.5
10.002     2539     2439.5
10.002     2539     2439.5
10.002     2539     2439.5
10.001     2539     2439.5
10.001     2539     2439.5
10.002     2539     2439.5
             
10.007     2620     2570.5
10.002     2620     2570.5
10.002     2620     2570.5
10.007     2620     2570.5
10.007     2620     2570.5
10.007     2620     2570.5
10.007     2620     2570.5
10.002     2620     2570.5
10.002     2620     2570.5
10.007     2620     2570.5
             
10.007     2507     2476
10.008     2502     2476
10.008     2502     2476
10.007     2507     2476
10.008     2507     2476
10.008     2507     2476
10.007     2507     2476
10.008     2502     2476
10.008     2502     2476
10.008     2507     2476
             
10.004     2687     2613
10.001     2687     2613
10.001     2687     2613
10.004     2687     2613
10.004     2687     2613
10.004     2687     2613
10.004     2687     2613
10.001     2687     2613
10.001     2687     2613
10.004     2687     2613
             
10.002     2644     2545
10.003     2644     2545
10.003     2644     2545
10.002     2644     2545
10.003     2644     2545
10.003     2644     2545
10.002     2644     2545
10.003     2644     2545
10.003     2644     2545
10.003     2644     2545
             
10.005     2637     2558.5
10.002     2637     2558.5
10.002     2637     2558.5
10.005     2637     2558.5
10.005     2637     2558.5
10.005     2637     2558.5
10.005     2637     2558.5
10.002     2637     2558.5
10.002     2637     2558.5
10.005     2637     2558.5
             
10.005     2429     2378.5
10.006     2429     2378.5
10.006     2429     2378.5
10.005     2429     2378.5
10.006     2429     2378.5
10.006     2429     2378.5
10.005     2429     2378.5
10.006     2429     2378.5
10.006     2429     2378.5
10.006     2429     2378.5
             
10.006     2831     2683
10.001     2821     2683
10.001     2821     2683
10.006     2831     2683
10.006     2831     2683
10.006     2831     2683
10.006     2831     2683
10.001     2821     2683
10.001     2821     2683
10.006     2831     2683
             
10.005     2433     2357.5
10.010     2433     2357.5
10.010     2433     2357.5
10.005     2433     2357.5
10.010     2433     2357.5
10.010     2433     2357.5
10.005     2433     2357.5
10.010     2433     2357.5
10.010     2433     2357.5
10.010     2433     2357.5
             
10.003     2608     2459.5
10.006     2608     2459.5
10.006     2608     2459.5
10.003     2608     2459.5
10.006     2608     2459.5
10.006     2608     2459.5
10.003     2608     2459.5
10.006     2608     2459.5
10.006     2608     2459.5
10.006     2608     2459.5
             
