50.031     3273     3144
50.023     3274     3144
50.023     3274     3144
50.031     3273     3144
50.031     3274     3144
50.031     3274     3144
50.031     3273     3144
50.023     3274     3144
50.023     3274     3144
50.031     3274     3144
             
50.087     3165     3093
50.115     3166     3093
50.115     3166     3093
50.087     3165     3093
50.115     3166     3093
50.115     3166     3093
50.087     3165     3093
50.115     3166     3093
50.115     3166     3093
50.115     3166     3093
             
50.006     3232     3105.5
50.122     3223     3105.5
50.122     3223     3105.5
50.006     3232     3105.5
50.122     3232     3105.5
50.122     3232     3105.5
50.006     3232     3105.5
50.122     3223     3105.5
50.122     3223     3105.5
50.122     3232     3105.5
             
50.135     3214     3138
50.030     3221     3138
50.030     3221     3138
50.135     3214     3138
50.135     3221     3138
50.135     3221     3138
50.135     3214     3138
50.030     3221     3138
50.030     3221     3138
50.135     3221     3138
             
50.104     3290     3208
50.115     3285     3208
50.115     3285     3208
50.104     3290     3208
50.115     3290     3208
50.115     3290     3208
50.104     3290     3208
50.115     3285     3208
50.115     3285     3208
50.115     3290     3208
             
50.059     3179     3054.5
50.098     3175     3054.5
50.098     3175     3054.5
50.059     3179     3054.5
50.098     3179     3054.5
50.098     3179     3054.5
50.059     3179     3054.5
50.098     3175     3054.5
50.098     3175     3054.5
50.098     3179     3054.5
             
50.111     3195     3136
50.050     3195     3136
50.050     3195     3136
50.111     3195     3136
50.111     3195     3136
50.111     3195     3136
50.111     3195     3136
50.050     3195     3136
50.050     3195     3136
50.111     3195     3136
             
50.090     3151     3090
50.019     3150     3090
50.019     3150     3090
50.090     3151     3090
50.090     3151     3090
50.090     3151     3090
50.090     3151     3090
50.019     3150     3090
50.019     3150     3090
50.090     3151     3090
             
50.09     3211     3135
50.018     3212     3135
50.09     3211     3135
50.018     3212     3135
50.018     3212     3135
50.018     3212     3135
50.018     3212     3135
50.09     3211     3135
50.018     3212     3135
50.09     3212     3135
             
50.029     3124     3103
50.029     3124     3103
50.102     3123     3103
50.029     3124     3103
50.102     3123     3103
50.102     3123     3103
50.029     3124     3103
50.102     3123     3103
50.029     3124     3103
50.029     3124     3103
             
