1     46     24     13097
2     33     47     201
3     95     48     9685
4     62     25     2921
5     75     15     10316
6     38     32     327
7     18     8     6122
8     52     1     10223
9     62     5     3371
10     12     32     13606
11     92     41     1766
12     96     34     4377
13     73     29     2044
14     89     29     14210
15     37     26     1515
16     91     28     10168
17     29     24     2602
18     36     27     12357
19     31     32     19
20     66     12     11746
21     66     45     286
22     60     30     3843
23     9     35     13246
24     7     43     2419
25     74     10     1539
26     74     28     7231
27     97     7     6825
28     1     20     12824
29     92     23     2423
30     28     9     2894
31     6     42     5267
32     26     15     9447
33     89     32     1114
34     63     27     14205
35     58     24     151
36     26     38     9961
37     40     6     147
38     73     28     13862
39     39     34     780
40     8     8     10926
41     52     16     526
42     17     11     6233
43     71     37     7010
44     95     45     5561
45     83     8     11174
46     97     32     401
47     61     12     4429
48     71     45     996
49     86     25     12947
50     36     23     291
51     25     36     12911
52     50     30     2881
53     3     41     2558
54     36     26     4873
55     21     37     12588
56     85     38     3373
57     91     21     8950
58     92     24     2948
59     27     22     9039
60     48     44     1946
61     84     6     11894
62     90     2     610
63     38     22     12082
64     87     29     3456
65     6     28     9864
66     57     37     2968
67     43     23     3383
68     39     48     10252
69     80     41     3248
70     59     12     5712
71     40     18     10338
72     74     45     3059
73     18     15     1045
74     56     42     11548
75     22     15     456
76     76     39     13604
77     73     14     3205
78     75     25     12771
79     37     41     3081
80     74     18     12648
81     46     40     2786
82     71     42     4026
83     7     27     5567
84     21     3     9457
85     21     12     1922
86     12     17     1486
87     40     32     227
88     70     26     5069
89     79     29     14685
90     4     13     1462
91     69     36     9046
92     40     17     2062
93     84     26     13657
94     35     26     3342
95     25     16     10918
96     67     5     3383
97     88     29     671
98     80     18     13540
99     96     11     16
100     9     26     11327
101     1     23     712
102     19     37     5019
103     9     19     7119
104     42     23     6690
105     56     46     5498
106     14     1     5555
107     73     29     7050
108     94     24     13429
109     75     24     84
110     79     8     13370
111     18     37     891
112     37     34     8165
113     31     40     3213
114     95     22     11473
115     95     24     3253
116     79     48     3665
117     96     19     638
118     62     37     9461
119     90     3     1766
120     75     13     5440
121     21     21     12692
122     14     21     3528
123     20     1     882
124     4     22     14129
125     80     30     228
126     49     1     9266
127     38     31     49
128     30     24     12026
129     34     45     30
130     46     43     6584
131     57     40     12206
132     44     35     1506
133     82     13     13817
134     96     48     156
135     18     33     4483
136     21     13     11401
137     1     29     1165
138     20     6     6035
139     96     23     3387
140     71     2     7203
141     55     25     8912
142     92     49     841
143     37     11     10130
144     65     45     448
145     1     7     2659
146     44     41     8167
147     47     1     2832
148     18     18     7488
149     64     31     2369
150     26     25     12014
151     69     31     2228
152     10     44     5545
153     14     20     11583
154     49     18     525
155     29     19     3684
156     71     44     14425
157     64     41     376
158     92     2     1928
159     75     11     8294
160     54     30     3003
161     78     22     12192
162     37     10     2738
163     39     41     12630
164     69     16     1078
165     34     44     1613
166     21     32     6067
167     41     8     10414
168     11     10     1079
169     55     29     8714
170     27     19     2677
171     96     4     4550
172     20     40     9656
173     66     24     3358
174     82     40     12264
175     37     13     2969
176     3     15     12429
177     41     25     2053
178     67     38     4448
179     15     15     9089
180     41     48     1231
181     50     22     638
182     36     17     10258
183     61     43     3147
184     86     30     4819
185     84     3     5146
186     44     9     6088
187     60     9     9641
188     79     12     1523
189     94     43     13187
190     94     23     2169
191     43     18     12989
192     26     19     1725
193     10     38     8714
194     94     14     1443
195     84     6     804
196     17     17     5803
197     21     45     5923
198     47     15     1383
199     39     20     3192
200     90     30     3868
201     91     19     6339
202     18     17     8353
203     15     2     2307
204     23     18     12643
205     41     12     70
206     34     47     7339
207     41     23     14542
208     2     27     1439
209     4     30     13074
210     49     40     554
211     80     44     6314
212     91     10     14172
213     23     9     3348
214     85     30     2563
215     28     4     14261
216     80     21     3220
217     64     18     14450
218     84     19     3626
219     22     43     437
220     20     28     709
221     11     25     867
222     1     6     11957
223     74     30     1508
224     77     9     8690
225     40     25     2596
226     14     15     6415
227     75     21     1660
228     58     49     8460
229     87     1     708
230     73     19     2315
231     16     46     4877
232     32     33     2260
233     14     29     417
234     54     46     6676
235     46     49     13622
236     48     26     2389
237     1     21     7329
238     1     29     14584
239     46     42     2230
240     93     11     14635
241     33     19     2684
242     80     42     1540
243     67     28     1002
244     30     19     9473
245     13     26     3348
246     21     23     12876
247     42     28     972
248     81     45     14434
249     95     36     2157
250     28     16     7333
251     8     23     7871
252     45     17     836
253     43     6     1580
254     27     2     4240
255     15     10     3025
256     34     48     13010
257     56     36     1735
258     40     6     7368
259     54     42     3172
260     92     24     8885
261     67     16     1209
262     30     49     12028
263     13     18     591
264     39     39     2781
265     3     37     10805
266     35     14     236
267     24     12     5320
268     25     32     13512
269     1     28     3132
270     45     18     9839
271     30     4     2251
272     10     20     10478
273     38     13     997
274     98     8     7295
275     8     10     9227
276     46     49     1600
277     78     11     3180
278     48     1     11119
279     34     11     734
280     74     42     7102
281     30     17     5071
282     24     23     9113
283     11     2     878
284     88     5     7942
285     94     38     1567
286     64     48     3598
287     32     12     6554
288     42     10     14463
289     88     7     406
290     68     46     8888
291     68     33     1670
292     74     12     6854
293     47     41     6681
294     32     48     5938
295     95     25     6387
296     7     37     10281
297     28     10     2075
298     63     23     8755
299     16     8     2419
300     45     7     35
