1       465     458.5
1       465     458.5
1       465     458.5
1       465     458.5
1       465     458.5
1       465     458.5
1       465     458.5
1       465     458.5
1       465     458.5
1       465     458.5

1       917     706.5
1       917     706.5
1       917     706.5
1       917     706.5
1       917     706.5
1       917     706.5
1       917     706.5
1       917     706.5
1       917     706.5
1       917     706.5

1       555     532.5
1       555     532.5
1       555     532.5
1       555     532.5
1       555     532.5
1       555     532.5
1       555     532.5
1       555     532.5
1       555     532.5
1       555     532.5

1       687       684
1       687       684
1       687       684
1       687       684
1       687       684
1       687       684
1       687       684
1       687       684
1       687       684
1       687       684

1       698       669
1       698       669
1       698       669
1       698       669
1       698       669
1       698       669
1       698       669
1       698       669
1       698       669
1       698       669

1       473     453.5
1       473     453.5
1       473     453.5
1       473     453.5
1       473     453.5
1       473     453.5
1       473     453.5
1       473     453.5
1       473     453.5
1       473     453.5

1       476     472.5
1       476     472.5
1       476     472.5
1       476     472.5
1       476     472.5
1       476     472.5
1       476     472.5
1       476     472.5
1       476     472.5
1       476     472.5

1       592     588.5
1       592     588.5
1       592     588.5
1       592     588.5
1       592     588.5
1       592     588.5
1       592     588.5
1       592     588.5
1       592     588.5
1       592     588.5

1       606       603
1       606       603
1       606       603
1       606       603
1       606       603
1       606       603
1       606       603
1       606       603
1       606       603
1       606       603

1       419     406.5
1       419     406.5
1       419     406.5
1       419     406.5
1       419     406.5
1       419     406.5
1       419     406.5
1       419     406.5
1       419     406.5
1       419     406.5

