1     67     170     1661
2     93     38     639
3     21     8     2091
4     21     168     572
5     50     164     1920
6     29     151     300
7     7     163     1192
8     11     44     1832
9     76     118     1
10     20     150     1201
11     14     177     566
12     98     111     437
13     61     35     588
14     18     162     1938
15     46     146     515
16     20     117     1619
17     75     17     348
18     68     127     1588
19     14     14     213
20     46     8     1101
21     15     34     1973
22     57     179     596
23     47     86     2524
24     40     32     467
25     39     65     1833
26     50     127     523
27     74     65     1215
28     54     175     479
29     73     170     2239
30     55     58     321
31     62     53     1163
32     70     33     173
33     61     84     1368
34     11     109     471
35     48     174     1804
36     37     16     157
37     71     61     2186
38     86     34     80
39     17     85     31
40     41     3     875
41     7     28     882
42     51     14     2745
43     92     139     232
44     44     126     1560
45     1     166     650
46     3     28     526
47     12     99     1252
48     78     17     1671
49     19     85     112
50     70     83     1274
51     31     122     248
52     27     187     408
53     19     38     54
54     77     98     1435
55     29     115     154
56     65     13     1573
57     60     65     3
58     98     68     2028
59     32     73     151
60     28     45     1346
61     84     26     2068
62     43     36     501
63     64     135     1759
64     48     60     23
65     27     98     2259
66     71     107     297
67     68     175     2594
68     60     138     563
69     9     111     863
70     76     4     1950
71     32     21     121
72     64     194     2762
73     95     21     39
74     2     73     2464
75     53     24     199
76     85     186     69
77     12     3     2056
78     48     112     361
79     71     41     1426
80     1     74     379
81     78     82     1637
82     70     149     61
83     28     97     940
84     89     194     1380
85     24     155     650
86     99     137     391
87     87     151     2624
88     10     144     652
89     29     44     259
90     36     133     2599
91     99     134     167
92     64     166     2181
93     19     184     245
94     81     32     1300
95     13     109     1633
96     9     145     88
97     8     25     1425
98     19     183     464
99     3     35     2568
100     34     194     202
101     3     90     1333
102     49     165     395
103     72     91     1682
104     33     195     624
105     5     67     917
106     22     85     2002
107     74     67     542
108     55     191     2719
109     53     86     442
110     47     106     1774
111     57     46     288
112     71     116     2220
113     52     20     161
114     13     86     1985
115     91     178     600
116     28     41     2219
117     63     21     382
118     2     189     826
119     75     9     823
120     42     33     2647
121     74     85     147
122     86     22     1297
123     27     16     538
124     30     112     2773
125     95     100     182
126     18     128     2052
127     43     105     365
128     30     118     1250
129     42     50     2382
130     88     7     636
131     51     178     141
132     59     73     601
133     15     42     1199
134     22     53     2406
135     10     9     592
136     52     100     626
137     56     4     2254
138     8     59     48
139     95     169     2286
140     75     86     272
141     9     54     1594
142     80     130     648
143     36     103     1084
144     15     101     1779
145     67     171     306
146     99     115     676
147     83     21     2355
148     25     188     42
149     78     154     998
150     19     10     125
151     32     6     2040
152     42     113     179
153     24     30     2481
154     14     197     241
155     53     101     2396
156     72     125     30
157     82     180     639
158     18     190     682
159     23     59     2208
160     9     175     145
161     47     97     1901
162     79     70     426
163     48     189     1704
164     57     151     415
165     59     119     1792
166     49     131     292
167     26     139     2375
168     72     151     90
169     66     188     304
170     65     185     1073
171     62     134     1830
172     70     159     586
173     46     122     2215
174     52     54     622
175     94     132     545
176     72     5     882
177     78     171     1266
178     98     100     1624
179     68     197     119
180     91     142     460
181     7     162     2425
182     9     183     234
183     40     45     708
184     96     35     833
185     59     62     2641
186     80     180     500
187     20     156     1520
188     73     55     339
189     1     4     933
190     97     6     2301
191     64     77     502
192     63     78     2125
193     27     92     168
194     50     121     679
195     93     129     1234
196     10     149     2144
197     43     34     30
198     3     92     485
199     63     142     551
200     48     191     1360
201     70     72     1522
202     29     174     39
203     62     116     1869
204     8     157     295
205     21     60     2052
206     69     182     438
207     1     67     944
208     56     111     816
209     9     161     2608
210     69     24     422
211     48     114     63
212     73     24     413
213     41     24     1578
214     64     178     485
215     61     77     850
216     36     146     2397
217     1     181     654
218     57     181     1333
219     60     95     1809
220     17     60     286
221     24     130     1281
222     26     107     220
223     54     82     242
224     66     44     1844
225     11     36     641
226     73     11     1821
227     71     119     519
228     22     92     2720
229     21     99     342
230     26     167     1923
231     32     145     54
232     59     118     1006
233     17     47     2787
234     14     150     83
235     31     2     2162
236     30     60     248
237     71     38     1897
238     25     73     49
239     86     43     515
240     66     28     2220
241     14     112     165
242     69     10     2584
243     79     9     379
244     11     16     1026
245     5     176     358
246     16     34     94
247     12     151     1905
248     96     96     66
249     17     136     1079
250     43     87     109
251     58     74     2280
252     46     139     638
253     45     45     2647
254     67     44     163
255     68     176     2378
256     44     28     601
257     9     173     2503
258     8     142     377
259     57     73     1157
260     57     150     1580
261     71     163     622
262     12     69     27
263     76     174     2388
264     26     58     622
265     9     105     1749
266     69     31     130
267     41     143     620
268     74     52     687
269     89     65     2468
270     76     187     509
271     10     170     1342
272     70     74     2690
273     67     158     127
274     14     93     63
275     10     98     652
276     64     102     1080
277     26     3     2775
278     4     60     79
279     73     92     1480
280     8     66     254
281     53     176     1484
282     74     155     133
283     29     113     1702
284     6     16     508
285     10     12     2653
286     77     198     594
287     18     147     1093
288     74     191     1828
289     17     119     636
290     89     114     989
291     75     183     1493
292     18     125     174
293     76     39     2214
294     86     52     57
295     72     4     160
296     35     67     1243
297     40     82     382
298     79     9     2293
299     42     115     140
300     51     194     296
