1     90     93     2704
2     93     147     470
3     31     67     1708
4     5     18     523
5     52     8     1040
6     35     1     934
7     99     101     1300
8     55     163     251
9     72     132     715
10     86     81     2117
11     70     107     203
12     80     192     271
13     66     14     2692
14     80     12     143
15     1     89     2029
16     28     126     69
17     59     111     2129
18     55     94     118
19     88     107     2335
20     37     129     55
21     96     82     813
22     2     35     874
23     15     15     2056
24     67     174     338
25     59     6     542
26     25     24     489
27     86     21     55
28     50     178     884
29     62     100     1481
30     68     54     293
31     35     165     1075
32     79     39     1549
33     41     152     497
34     10     183     1480
35     14     98     403
36     30     166     1356
37     44     101     238
38     64     163     353
39     9     12     2520
40     41     75     202
41     28     82     1854
42     42     29     47
43     76     127     829
44     54     107     618
45     16     70     1875
46     67     73     484
47     48     179     2748
48     87     71     669
49     25     165     2460
50     41     24     372
51     25     198     1013
52     38     147     1155
53     23     31     854
54     38     37     457
55     19     92     2891
56     13     108     619
57     2     17     1014
58     35     154     2833
59     27     145     309
60     38     79     67
61     83     40     539
62     5     199     1207
63     5     53     680
64     22     186     2084
65     92     73     0
66     47     149     912
67     98     46     2656
68     78     34     561
69     49     65     2289
70     70     124     7
71     56     15     1318
72     24     73     1327
73     42     119     2518
74     26     59     159
75     25     151     1343
76     34     160     389
77     59     6     2559
78     25     37     154
79     29     3     1172
80     96     88     756
81     7     63     684
82     59     176     1596
83     27     18     31
84     33     198     1377
85     81     160     1350
86     19     163     2028
87     66     88     632
88     67     163     2659
89     98     183     704
90     26     88     289
91     39     153     1896
92     65     17     41
93     11     34     2877
94     31     185     60
95     43     32     1766
96     52     62     37
97     45     183     2699
98     50     82     467
99     36     54     1232
100     71     104     1268
101     17     111     1368
102     56     9     982
103     17     54     1416
104     51     180     1203
105     4     112     1007
106     21     76     673
107     79     55     381
108     44     172     1905
109     26     173     413
110     82     79     1932
111     10     157     610
112     94     79     1303
113     7     39     2112
114     72     103     534
115     44     150     2080
116     26     60     129
117     8     189     2266
118     91     175     700
119     58     53     1245
120     47     59     2265
121     40     39     481
122     99     14     102
123     39     131     1246
124     38     76     695
125     57     8     2113
126     39     123     214
127     16     29     2462
128     66     154     514
129     13     62     91
130     51     101     1663
131     39     7     297
132     23     122     438
133     34     181     2074
134     15     93     606
135     84     101     2017
136     52     98     15
137     79     145     822
138     84     96     1015
139     46     30     1387
140     6     90     470
141     14     91     698
142     65     15     1960
143     12     80     543
144     73     76     1389
145     96     34     1396
146     14     42     2604
147     82     52     516
148     60     111     1163
149     46     32     2144
150     25     2     702
151     29     108     2729
152     56     77     608
153     19     26     373
154     12     183     2725
155     65     142     189
156     21     132     1983
157     48     162     654
158     23     183     121
159     16     133     1787
160     86     140     460
161     42     113     506
162     25     114     1545
163     57     134     376
164     92     158     1410
165     90     16     1882
166     68     12     134
167     91     42     990
168     94     109     1982
169     90     183     5
170     19     121     1908
171     35     168     49
172     85     79     2280
173     64     164     171
174     51     83     1736
175     88     198     9
176     90     9     49
177     19     17     1445
178     51     129     1104
179     77     45     1448
180     97     3     1906
181     33     132     319
182     40     94     299
183     64     169     1633
184     67     129     319
185     5     186     2896
186     36     89     416
187     34     153     2557
188     91     170     373
189     31     80     2047
190     83     115     9
191     39     77     2522
192     40     184     348
193     37     45     289
194     84     7     1036
195     20     169     2663
196     50     199     372
197     29     14     2396
198     15     102     394
199     49     92     346
200     47     52     969
201     14     130     1954
202     64     49     20
203     61     172     2700
204     57     73     512
205     24     61     2784
206     67     120     195
207     34     195     1375
208     99     87     349
209     92     150     2588
210     86     105     155
211     56     23     2765
212     3     161     599
213     3     27     956
214     49     103     667
215     19     193     405
216     70     59     2526
217     47     141     713
218     70     20     559
219     49     72     57
220     58     136     360
221     15     176     2717
222     69     191     214
223     55     192     1846
224     49     98     169
225     6     73     1971
226     20     33     15
227     45     175     1982
228     59     141     112
229     20     162     1317
230     26     22     594
231     36     194     1044
232     28     39     1269
233     21     143     1717
234     8     43     38
235     46     178     1668
236     14     171     506
237     77     57     73
238     1     65     1276
239     50     197     1704
240     40     139     420
241     40     153     1263
242     95     128     2015
243     32     85     139
244     16     41     1131
245     85     53     1117
246     69     108     2223
247     73     83     622
248     98     191     1288
249     5     21     1715
250     44     38     461
251     79     41     2748
252     86     145     350
253     16     76     1425
254     56     158     243
255     61     191     2660
256     43     157     587
257     61     31     37
258     5     27     1913
259     29     149     524
260     10     108     283
261     59     29     1389
262     18     104     1761
263     8     151     658
264     45     137     1858
265     94     112     398
266     25     73     284
267     49     98     1530
268     24     194     415
269     44     7     326
270     73     29     2756
271     59     101     521
272     58     85     785
273     58     75     781
274     52     168     696
275     41     10     2208
276     48     160     117
277     69     46     2345
278     23     188     95
279     76     134     340
280     1     198     2021
281     83     43     303
282     66     56     1429
283     71     19     2573
284     29     85     477
285     87     11     1481
286     69     56     370
287     58     157     487
288     91     66     2415
289     96     188     475
290     55     140     304
291     80     82     2785
292     52     115     684
293     31     71     1088
294     34     108     2727
295     29     80     422
296     54     101     2495
297     97     12     108
298     66     57     2837
299     42     191     5
300     87     151     2110
