30.080     5915     5766.6
30.377     5892     5766.6
30.034     5898     5766.6
30.236     5895     5766.6
30.064     5893     5766.6
30.064     5893     5766.6
30.236     5895     5766.6
30.034     5898     5766.6
30.377     5892     5766.6
30.080     5892     5766.6
             
30.019     6027     5874
30.251     6013     5874
30.328     6008     5874
30.004     6008     5874
30.113     6032     5874
30.113     6032     5874
30.004     6008     5874
30.328     6008     5874
30.251     6013     5874
30.019     6013     5874
             
30.113     5876     5702.8
30.019     5888     5702.8
30.049     5900     5702.8
30.126     5902     5702.8
30.126     5888     5702.8
30.126     5888     5702.8
30.126     5902     5702.8
30.049     5900     5702.8
30.019     5888     5702.8
30.019     5876     5702.8
             
30.175     6212     6051.4
30.218     6235     6051.4
30.218     6235     6051.4
30.175     6212     6051.4
30.218     6235     6051.4
30.218     6235     6051.4
30.175     6212     6051.4
30.218     6235     6051.4
30.218     6235     6051.4
30.175     6212     6051.4
             
30.206     5863     5718.6
30.269     5862     5718.6
30.269     5862     5718.6
30.206     5863     5718.6
30.269     5863     5718.6
30.269     5863     5718.6
30.206     5863     5718.6
30.269     5862     5718.6
30.269     5862     5718.6
30.206     5862     5718.6
             
30.269     5798     5659
30.018     5796     5659
30.018     5796     5659
30.269     5798     5659
30.269     5798     5659
30.269     5798     5659
30.269     5798     5659
30.018     5796     5659
30.018     5796     5659
30.018     5796     5659
             
30.097     6099     5888
30.175     6081     5888
30.143     6094     5888
30.065     6080     5888
30.065     6112     5888
30.065     6112     5888
30.065     6080     5888
30.143     6094     5888
30.175     6081     5888
30.097     6081     5888
             
30.220     5996     5844.8
30.004     6033     5844.8
30.004     6033     5844.8
30.220     5996     5844.8
30.220     6033     5844.8
30.220     6033     5844.8
30.220     5996     5844.8
30.004     6033     5844.8
30.004     6033     5844.8
30.004     5996     5844.8
             
30.252     6107     5929.4
30.347     6097     5929.4
30.300     6114     5929.4
30.128     6112     5929.4
30.128     6115     5929.4
30.128     6115     5929.4
30.128     6112     5929.4
30.300     6114     5929.4
30.347     6097     5929.4
30.252     6097     5929.4
             
30.221     5957     5825.4
30.314     5960     5825.4
30.314     5960     5825.4
30.269     5990     5825.4
30.314     5990     5825.4
30.314     5990     5825.4
30.269     5990     5825.4
30.314     5960     5825.4
30.314     5960     5825.4
30.221     5957     5825.4
             
