1     17     183     256
2     5     98     184
3     29     198     1107
4     19     23     76
5     66     142     772
6     91     96     181
7     74     113     971
8     33     164     34
9     17     82     1134
10     42     108     1
11     44     12     364
12     50     66     87
13     89     118     282
14     84     32     584
15     87     158     30
16     61     164     839
17     92     120     264
18     39     127     1113
19     36     183     198
20     89     52     624
21     74     59     260
22     48     20     498
23     68     105     1034
24     7     156     235
25     87     196     1150
26     28     15     63
27     30     186     597
28     31     143     819
29     18     38     194
30     12     101     1016
31     58     128     254
32     84     128     865
33     61     61     303
34     6     46     745
35     94     73     255
36     84     82     1009
37     29     176     127
38     50     161     951
39     84     197     282
40     56     25     490
41     90     35     1187
42     97     117     280
43     57     170     968
44     22     199     290
45     8     183     375
46     96     73     738
47     2     124     229
48     22     38     722
49     91     67     217
50     56     149     247
51     12     45     1224
52     35     183     205
53     58     15     769
54     27     171     131
55     46     16     829
56     79     183     306
57     20     164     967
58     21     178     59
59     2     16     222
60     22     78     112
61     13     66     90
62     4     181     705
63     43     199     275
64     60     18     667
65     66     58     36
66     93     12     681
67     39     51     173
68     46     133     727
69     93     83     252
70     70     76     580
71     64     106     851
72     21     134     39
73     45     6     518
74     25     2     1121
75     92     197     111
76     72     147     1224
77     37     189     169
78     65     188     114
79     74     160     1218
80     49     38     246
81     44     198     557
82     95     159     829
83     14     21     158
84     66     178     43
85     14     95     151
86     84     112     351
87     30     131     731
88     63     122     281
89     23     74     162
90     4     102     543
91     93     59     40
92     73     182     1102
93     76     55     35
94     52     75     742
95     54     185     30
96     4     150     6
97     49     147     1043
98     81     65     162
99     7     17     251
100     64     78     1097
101     36     58     48
102     45     18     989
103     46     150     180
104     26     62     363
105     57     50     461
106     9     88     65
107     94     106     1061
108     81     187     138
109     31     175     487
110     67     38     831
111     81     29     246
112     49     77     873
113     48     158     154
114     21     194     942
115     61     66     29
116     94     9     753
117     58     49     300
118     41     191     438
119     36     160     175
120     43     68     940
121     85     72     101
122     1     88     570
123     15     73     736
124     44     39     162
125     15     148     19
126     29     108     679
127     58     4     2
128     15     58     402
129     83     121     706
130     36     102     141
131     94     66     443
132     69     103     1049
133     17     166     214
134     44     138     1021
135     32     33     245
136     41     17     520
137     38     140     352
138     37     128     918
139     83     132     87
140     21     76     193
141     74     178     938
142     50     149     202
143     41     159     623
144     90     73     83
145     80     83     1201
146     73     33     59
147     6     126     376
148     12     89     1080
149     67     170     47
150     43     96     432
151     51     60     684
152     2     144     45
153     5     65     35
154     56     137     291
155     86     53     386
156     43     29     135
157     41     112     306
158     79     178     32
159     2     169     350
160     50     175     922
161     70     4     23
162     37     89     38
163     62     89     804
164     86     126     186
165     27     26     849
166     13     72     21
167     68     109     967
168     24     124     134
169     50     36     1129
170     14     191     159
171     62     170     896
172     39     161     213
173     75     97     171
174     20     117     293
175     91     74     1225
176     73     82     142
177     12     22     425
178     92     146     1023
179     59     194     247
180     27     86     1120
181     96     125     136
182     88     28     748
183     54     44     231
184     63     83     529
185     52     131     611
186     7     42     313
187     17     55     557
188     1     68     1038
189     28     66     224
190     21     191     123
191     54     182     715
192     90     99     113
193     18     192     139
194     84     70     187
195     24     96     646
196     73     97     107
197     64     163     166
198     65     198     761
199     44     162     183
200     82     173     1178
