1     49     166     2374
2     98     118     829
3     2     39     2006
4     13     121     625
5     42     28     177
6     17     116     337
7     96     36     2109
8     18     111     979
9     45     56     3380
10     51     157     221
11     44     67     2546
12     91     164     526
13     10     116     2483
14     17     77     394
15     85     120     3739
16     64     39     509
17     30     177     1626
18     57     11     1116
19     78     104     3050
20     39     133     620
21     67     183     3593
22     73     77     282
23     30     111     2562
24     3     151     439
25     85     87     2514
26     72     103     908
27     84     86     2366
28     59     82     327
29     1     5     3589
30     52     9     635
31     35     83     1227
32     49     134     3195
33     75     49     726
34     68     18     2913
35     82     145     719
36     78     53     2761
37     97     170     378
38     70     5     3686
39     45     135     559
40     5     78     2811
41     80     10     11
42     32     46     3787
43     45     120     869
44     13     150     3615
45     17     181     693
46     81     42     1253
47     26     94     1829
48     34     86     275
49     99     35     1439
50     50     77     2556
51     60     19     265
52     85     17     824
53     90     30     2473
54     41     116     414
55     3     186     3337
56     44     102     428
57     76     107     3599
58     9     10     694
59     85     109     1233
60     3     51     2458
61     93     154     482
62     43     44     331
63     22     41     4021
64     11     50     563
65     59     4     2462
66     64     179     700
67     30     139     3386
68     15     118     261
69     59     137     818
70     73     157     1656
71     45     51     1962
72     14     141     2012
73     69     24     1873
74     47     172     326
75     63     61     2841
76     62     112     2
77     99     16     1898
78     65     44     2590
79     76     170     925
80     60     12     1076
81     61     11     240
82     87     117     2137
83     4     135     452
84     29     41     3254
85     92     106     993
86     89     58     3510
87     50     172     502
88     82     68     1485
89     69     85     617
90     76     124     633
91     46     170     3143
92     90     111     68
93     5     169     131
94     74     142     1324
95     30     179     3845
96     63     138     818
97     56     72     2947
98     26     168     868
99     75     184     3749
100     78     47     539
101     57     39     2865
102     57     20     215
103     81     3     2341
104     79     2     160
105     90     17     1397
106     60     54     2739
107     40     14     982
108     82     100     1820
109     82     118     666
110     76     45     1394
111     84     71     3610
112     85     154     204
113     17     192     694
114     10     44     2845
115     72     95     446
116     83     41     3548
117     8     157     595
118     35     110     3888
119     27     76     962
120     4     85     3599
121     32     198     971
122     41     34     204
123     71     172     84
124     97     116     3937
125     15     60     739
126     51     172     1356
127     53     52     2765
128     40     131     506
129     99     116     2510
130     63     187     215
131     84     2     1528
132     82     104     1607
133     53     147     2602
134     72     193     584
135     2     194     2546
136     13     30     107
137     12     133     1769
138     33     9     864
139     82     79     3186
140     42     27     786
141     45     46     748
142     27     162     817
143     68     115     1163
144     40     81     2214
145     46     144     261
146     22     124     2709
147     96     48     521
148     58     103     1858
149     4     141     3473
150     45     131     848
151     73     104     3949
152     97     172     557
153     4     167     27
154     85     192     1860
155     58     106     638
156     26     61     2832
157     74     65     729
158     24     78     2399
159     70     78     979
160     60     74     123
161     36     162     967
162     27     129     1988
163     24     199     3447
164     8     99     816
165     49     119     763
166     74     9     1060
167     34     120     1271
168     31     105     1061
169     90     38     3565
170     75     9     353
171     74     8     4030
172     12     20     504
173     18     141     420
174     4     186     1277
175     56     37     3594
176     3     105     896
177     11     136     2147
178     25     147     915
179     30     67     1828
180     5     49     2899
181     72     167     545
182     56     41     3073
183     26     189     109
184     62     5     3829
185     17     61     528
186     28     103     1839
187     10     65     1414
188     3     69     2711
189     3     185     572
190     47     109     2742
191     82     142     818
192     54     184     445
193     61     85     3321
194     86     17     1009
195     68     109     288
196     37     49     1685
197     14     174     2327
198     92     137     165
199     92     9     1231
200     6     166     4019
