20.064     4040     3874
20.032     4032     3874
20.032     4032     3874
20.064     4030     3874
20.064     4032     3874
20.064     4032     3874
20.064     4030     3874
20.032     4032     3874
20.032     4032     3874
20.032     4032     3874
             
20.032     3867     3854
20.063     3858     3854
20.063     3858     3854
20.032     3858     3854
20.063     3866     3854
20.063     3866     3854
20.032     3858     3854
20.063     3858     3854
20.063     3858     3854
20.032     3858     3854
             
20.047     4025     3866
20.001     4007     3866
20.001     4007     3866
20.047     4025     3866
20.047     4007     3866
20.047     4007     3866
20.047     4025     3866
20.001     4007     3866
20.001     4007     3866
20.001     4007     3866
             
20.032     4252     4188
20.047     4251     4188
20.047     4251     4188
20.032     4252     4188
20.047     4252     4188
20.047     4252     4188
20.032     4252     4188
20.047     4251     4188
20.047     4251     4188
20.032     4251     4188
             
0.172     4173     4173
0.297     4173     4173
0.297     4173     4173
0.172     4173     4173
0.297     4173     4173
0.297     4173     4173
0.172     4173     4173
0.297     4173     4173
0.297     4173     4173
0.172     4173     4173
             
0.422     4104     4104
0.703     4104     4104
0.703     4104     4104
0.422     4104     4104
0.703     4104     4104
0.703     4104     4104
0.422     4104     4104
0.703     4104     4104
0.703     4104     4104
0.422     4104     4104
             
1.172     4297     4297
1.125     4297     4297
1.125     4297     4297
1.172     4297     4297
1.172     4297     4297
1.172     4297     4297
1.172     4297     4297
1.125     4297     4297
1.125     4297     4297
1.125     4297     4297
             
20.001     4136     4117
20.063     4145     4117
20.063     4136     4117
20.001     4136     4117
20.063     4145     4117
20.063     4145     4117
20.001     4136     4117
20.063     4136     4117
20.063     4145     4117
20.001     4136     4117
             
20.094     4248     4127
20.063     4243     4127
20.063     4243     4127
20.094     4226     4127
20.094     4243     4127
20.094     4243     4127
20.094     4226     4127
20.063     4243     4127
20.063     4243     4127
20.063     4243     4127
             
20.052     4052     3872.4
20.001     4053     3872.4
20.001     4053     3872.4
20.052     4052     3872.4
20.052     4052     3872.4
20.052     4052     3872.4
20.052     4052     3872.4
20.001     4053     3872.4
20.001     4053     3872.4
20.001     4052     3872.4
             
