1     42     129     366
2     14     112     86
3     46     90     1017
4     3     158     94
5     22     174     889
6     15     112     192
7     17     61     729
8     33     149     50
9     42     128     639
10     18     128     230
11     10     95     626
12     31     186     229
13     32     139     304
14     33     12     66
15     44     163     15
16     29     126     37
17     14     158     613
18     47     9     242
19     44     146     823
20     31     7     13
21     25     97     1012
22     14     151     226
23     39     13     424
24     34     69     172
25     46     9     576
26     23     24     184
27     13     52     801
28     24     127     172
29     39     62     43
30     31     160     184
31     28     177     268
32     43     172     447
33     16     168     222
34     5     50     861
35     8     22     244
36     3     194     187
37     14     148     658
38     30     157     46
39     11     120     229
40     22     87     481
41     9     63     1019
42     1     2     83
43     29     163     217
44     21     10     240
45     28     179     77
46     6     129     950
47     16     48     220
48     43     44     111
49     48     160     127
50     35     148     922
51     15     41     159
52     2     65     574
53     27     13     82
54     48     31     848
55     19     99     220
56     31     109     728
57     9     12     36
58     5     72     954
59     48     197     133
60     19     116     493
61     22     142     456
62     3     13     448
63     17     94     107
64     38     90     281
65     10     48     97
66     37     49     965
67     2     185     146
68     32     47     403
69     31     166     409
70     40     157     525
71     44     36     98
72     30     113     258
73     6     162     790
74     17     49     214
75     14     153     490
76     15     154     165
77     17     25     427
78     4     73     384
79     39     106     681
80     40     168     140
81     37     4     775
82     29     133     42
83     18     57     148
84     35     180     475
85     1     18     125
86     31     62     127
87     21     197     211
88     23     198     160
89     35     99     993
90     44     148     226
91     44     146     117
92     42     122     58
93     43     91     37
94     10     33     180
95     32     61     677
96     36     109     147
97     24     58     873
98     20     189     26
99     30     111     820
100     39     182     151
