1     56     67     160
2     37     73     15
3     13     96     165
4     43     48     59
5     54     8     289
6     1     93     0
7     22     39     182
8     91     35     36
9     61     15     86
10     46     32     35
11     27     7     279
12     34     26     10
13     14     88     138
14     75     3     206
15     42     1     35
16     25     92     224
17     49     68     12
18     73     99     218
19     93     27     66
20     4     18     232
21     15     44     39
22     72     58     5
23     63     65     9
24     39     94     208
25     94     76     19
26     26     73     223
27     1     79     27
28     42     94     145
29     62     67     64
30     90     57     79
31     41     45     19
32     81     97     279
33     45     33     7
34     35     31     17
35     22     33     45
36     47     32     52
37     86     29     60
38     44     1     48
39     80     64     216
40     38     54     6
41     98     36     30
42     1     4     162
43     22     77     49
44     38     91     74
45     22     86     144
46     84     64     106
47     30     89     76
48     65     68     289
49     47     57     38
50     53     18     286
