1     77     10     148
2     48     2     579
3     35     43     184
4     51     40     835
5     96     24     194
6     52     27     52
7     94     12     543
8     31     22     203
9     60     48     528
10     31     35     158
11     48     42     264
12     28     46     9
13     86     4     653
14     98     5     131
15     44     8     213
16     64     43     553
17     22     17     197
18     41     10     509
19     27     40     11
20     45     39     847
21     63     4     1
22     82     26     750
23     58     18     71
24     76     48     518
25     20     37     119
26     81     40     84
27     66     42     282
28     92     13     382
29     10     19     46
30     8     42     597
31     53     19     23
32     48     24     489
33     21     44     78
34     2     42     413
35     57     23     305
36     33     26     142
37     59     40     913
38     38     32     81
39     22     3     679
40     18     21     29
41     72     45     272
42     18     11     555
43     45     5     19
44     1     27     677
45     21     12     36
46     46     42     870
47     55     1     182
48     42     37     1
49     37     31     768
50     45     7     59
51     96     10     195
52     47     39     172
53     51     8     418
54     35     40     157
55     62     8     897
56     48     20     79
57     31     15     28
58     97     38     483
59     74     41     220
60     46     12     135
61     7     18     142
62     67     19     588
63     12     39     151
64     5     21     6
65     3     34     539
66     18     11     58
67     10     19     256
68     57     1     261
69     13     42     677
70     79     27     55
71     54     23     446
72     94     36     409
73     86     28     697
74     23     24     67
75     4     33     628
76     30     43     122
77     26     34     641
78     8     39     32
79     82     35     780
80     57     32     71
81     91     4     75
82     94     43     79
83     7     8     456
84     9     5     655
85     62     44     186
86     14     9     318
87     92     3     129
88     21     4     486
89     43     24     101
90     50     15     773
91     21     30     73
92     16     10     308
93     34     29     502
94     95     37     58
95     84     47     176
96     99     45     64
97     66     30     91
98     61     22     19
99     1     6     562
100     23     12     12
101     29     49     353
102     37     28     905
103     83     42     192
104     63     42     499
105     50     19     145
106     25     4     203
107     70     45     461
108     45     12     188
109     5     29     435
110     64     49     414
111     78     37     162
112     1     23     315
113     79     17     815
114     23     33     194
115     7     31     509
116     31     39     105
117     97     23     515
118     93     35     14
119     10     33     730
120     89     48     220
121     1     15     379
122     65     25     94
123     28     33     323
124     19     43     479
125     38     12     60
126     88     4     66
127     10     42     421
128     72     11     873
129     27     11     2
130     52     21     388
131     16     25     397
132     2     42     335
133     75     15     220
134     86     38     612
135     64     42     10
136     72     22     337
137     60     35     595
138     53     19     56
139     37     43     691
140     67     4     185
141     19     36     514
142     33     34     94
143     71     40     690
144     96     5     30
145     22     32     152
146     17     39     830
147     52     1     30
148     22     32     85
149     89     49     472
150     53     14     165
151     77     13     469
152     68     38     217
153     46     17     714
154     65     26     215
155     47     12     625
156     15     43     193
157     27     47     631
158     1     21     80
159     39     9     367
160     79     1     893
161     31     49     76
162     3     12     744
163     13     38     3
164     51     41     55
165     84     16     873
166     24     41     2
167     39     42     795
168     3     23     86
169     61     29     664
170     77     20     62
171     51     22     840
172     15     16     71
173     63     41     22
174     38     25     547
175     37     15     62
176     87     17     886
177     82     23     105
178     36     35     603
179     30     12     173
180     76     43     652
181     60     23     60
182     42     36     698
183     69     14     125
184     95     15     835
185     3     31     68
186     74     26     688
187     53     8     87
188     52     38     342
189     21     12     441
190     86     29     550
191     92     20     157
192     88     12     805
193     99     21     149
194     37     49     404
195     71     33     224
196     60     5     356
197     83     10     175
198     99     14     248
199     77     23     237
200     73     45     570
201     82     7     134
202     48     44     795
203     10     40     113
204     24     44     897
205     90     41     79
206     70     28     452
207     39     12     497
208     3     17     206
209     32     21     8
210     60     18     368
211     74     35     78
212     20     17     755
213     1     11     14
214     95     33     57
215     69     11     237
216     48     26     28
217     38     46     40
218     73     48     748
219     86     33     179
220     79     18     312
221     46     5     185
222     71     17     353
223     94     35     871
224     61     24     127
225     78     16     488
226     62     4     130
227     12     22     215
228     34     37     596
229     42     8     77
230     69     12     857
231     92     33     135
232     63     38     184
233     84     16     350
234     13     49     491
235     68     31     66
236     5     4     814
237     78     6     209
238     36     9     379
239     90     44     227
240     42     44     881
241     89     36     66
242     20     23     478
243     20     10     18
244     2     46     71
245     74     1     177
246     37     6     319
247     91     20     905
248     32     19     226
249     52     15     463
250     15     18     21
251     51     29     833
252     29     19     130
253     26     4     472
254     31     35     6
255     50     46     382
256     52     4     557
257     5     7     216
258     26     2     903
259     62     41     166
260     36     19     245
261     74     1     695
262     64     6     167
263     41     40     72
264     33     10     425
265     17     47     782
266     61     39     165
267     36     27     285
268     92     9     80
269     70     21     642
270     38     26     131
271     30     6     541
272     52     22     63
273     34     35     215
274     3     4     235
275     37     34     54
276     7     12     441
277     17     19     367
278     94     42     750
279     32     22     82
280     3     31     622
281     70     39     122
282     63     21     753
283     96     4     77
284     35     28     149
285     97     4     744
286     14     31     108
287     63     38     351
288     14     35     108
289     64     49     819
290     63     37     119
291     13     17     364
292     2     46     676
293     38     21     40
294     74     49     564
295     29     20     37
296     86     32     290
297     77     25     847
298     39     40     117
299     85     3     390
300     12     7     799
