1     32     24     1331
2     2     1     43
3     23     22     51
4     43     33     382
5     31     9     108
6     28     4     725
7     30     44     448
8     2     44     780
9     9     25     71
10     33     10     1109
11     38     41     366
12     23     21     1408
13     22     19     273
14     14     33     538
15     48     16     117
16     16     32     1279
17     31     26     462
18     41     42     1297
19     2     4     371
20     39     47     17
21     35     33     220
22     21     36     1425
23     23     11     96
24     21     38     970
25     43     23     1533
26     21     25     178
27     44     33     2047
28     4     45     118
29     6     39     642
30     2     35     1814
31     40     10     440
32     36     39     774
33     26     38     2042
34     44     6     214
35     14     39     1368
36     4     28     114
37     16     33     383
38     21     49     909
39     44     34     530
40     42     47     1054
41     12     6     300
42     31     3     1985
43     17     33     428
44     32     38     1326
45     7     30     468
46     17     18     1767
47     25     8     229
48     35     42     962
49     22     28     646
50     35     31     325
51     21     21     1322
52     16     19     254
53     26     30     526
54     1     49     178
55     45     7     327
56     26     48     761
57     38     9     1773
58     25     27     193
59     23     22     2002
60     19     24     181
61     19     16     63
62     1     4     550
63     13     46     1600
64     34     22     128
65     10     10     1670
66     3     39     425
67     14     23     414
68     8     41     498
69     26     39     350
70     43     49     1063
71     36     41     9
72     19     7     170
73     14     11     1707
74     22     18     250
75     29     13     1266
76     27     12     207
77     18     1     166
78     5     12     690
79     13     5     1466
80     42     42     85
81     49     31     1255
82     27     8     132
83     16     40     1414
84     38     7     57
85     12     30     940
86     38     12     194
87     24     6     1574
88     49     30     101
89     49     25     1552
90     14     26     265
91     44     28     1516
92     2     41     65
93     7     19     425
94     18     2     1481
95     8     30     168
96     43     33     1166
97     26     45     232
98     46     4     1076
99     38     19     235
100     46     29     143
101     24     2     502
102     26     1     1975
103     25     35     167
104     49     15     134
105     34     14     1294
106     45     18     187
107     33     49     712
108     36     30     801
109     38     42     1633
110     2     22     493
111     34     42     337
112     37     41     903
113     31     48     59
114     39     46     1431
115     41     30     223
116     45     49     1469
117     24     35     26
118     5     13     1820
119     37     38     143
120     30     36     327
121     36     14     580
122     24     48     321
123     14     22     120
124     49     27     1486
125     8     48     0
126     49     39     1789
127     48     36     333
128     26     48     552
129     11     11     564
130     43     12     1954
131     17     34     461
132     39     8     781
133     26     18     1294
134     17     5     355
135     39     42     1850
136     19     9     253
137     23     23     487
138     37     20     67
139     4     23     788
140     11     1     1681
141     26     38     142
142     28     10     996
143     2     11     1582
144     9     34     435
145     11     1     919
146     6     20     1656
147     21     28     83
148     36     33     1255
149     15     22     198
150     9     27     1933
151     35     10     94
152     24     19     1980
153     48     49     239
154     23     13     940
155     27     25     838
156     10     44     1223
157     36     18     132
158     34     6     222
159     13     29     584
160     42     42     1549
161     23     20     240
162     5     39     1112
163     30     14     298
164     36     19     1241
165     18     28     472
166     3     40     171
167     39     42     23
168     34     16     362
169     11     38     357
170     5     5     1259
171     39     13     486
172     49     29     1888
173     37     45     265
174     38     18     1302
175     46     47     2
176     37     31     1590
177     11     26     70
178     32     48     1970
179     38     8     24
180     36     29     1587
181     6     16     382
182     8     15     335
183     38     1     859
184     21     34     2027
185     11     37     459
186     15     8     1874
187     47     36     508
188     13     17     273
189     28     4     1840
190     40     15     493
191     7     13     1626
192     23     25     190
193     44     36     1366
194     10     30     512
195     4     1     179
196     32     29     1214
197     10     19     234
198     44     36     1727
199     19     11     312
200     26     42     1935
