1     95     30     561
2     2     38     975
3     33     2     130
4     78     1     1180
5     5     34     71
6     27     8     1922
7     5     36     369
8     9     40     1196
9     72     24     470
10     4     3     1405
11     17     34     298
12     16     16     847
13     89     33     1882
14     99     33     125
15     7     36     1614
16     19     49     484
17     39     45     969
18     67     19     1763
19     83     12     366
20     89     27     1266
21     31     11     54
22     21     45     1169
23     88     10     281
24     31     49     369
25     73     23     1518
26     95     41     134
27     64     24     791
28     45     2     695
29     58     31     1434
30     7     21     247
31     75     46     1569
32     64     42     329
33     6     33     1464
34     49     31     450
35     53     41     829
36     2     19     194
37     34     2     786
38     20     25     1838
39     88     7     399
40     54     42     908
41     26     26     534
42     37     19     290
43     61     31     1009
44     65     11     352
45     65     35     1852
46     71     27     117
47     73     32     1509
48     15     36     469
49     60     1     1655
50     71     4     464
51     78     8     1176
52     37     17     486
53     76     10     107
54     47     2     1344
55     7     15     193
56     76     13     155
57     50     10     1240
58     28     2     227
59     1     10     36
60     48     4     1076
61     60     42     203
62     33     23     188
63     73     31     376
64     77     7     1306
65     57     10     205
66     69     14     857
67     66     49     1707
68     61     31     401
69     2     21     1857
70     30     47     263
71     88     23     1731
72     55     3     201
73     73     38     595
74     81     36     864
75     55     37     1031
76     62     32     478
77     77     16     117
78     26     36     1144
79     78     1     56
80     1     15     434
81     2     7     1298
82     10     12     102
83     24     23     592
84     12     3     30
85     69     39     661
86     28     29     1557
87     89     22     299
88     96     25     1165
89     77     22     66
90     62     38     48
91     52     24     689
92     99     11     1185
93     68     10     110
94     49     32     1505
95     42     21     140
96     20     28     1729
97     63     13     41
98     11     17     539
99     50     14     1139
100     6     5     329
