1     26     19     829
2     84     2     1472
3     72     35     389
4     70     14     1465
5     27     39     244
6     10     22     3
7     58     22     356
8     50     2     690
9     6     3     937
10     43     45     954
11     65     41     245
12     11     12     524
13     93     7     1389
14     3     10     165
15     61     23     1236
16     25     32     201
17     8     42     880
18     48     31     366
19     81     28     538
20     84     31     1884
21     56     24     61
22     84     30     1240
23     94     31     290
24     91     23     827
25     38     29     1892
26     29     6     133
27     76     11     1520
28     45     9     454
29     79     46     592
30     95     19     1405
31     85     9     412
32     90     9     837
33     71     28     893
34     26     25     1345
35     26     35     438
36     45     4     1419
37     24     29     469
38     71     26     1056
39     47     21     436
40     2     35     897
41     49     34     266
42     71     24     1643
43     14     34     290
44     27     25     1697
45     22     20     335
46     6     48     705
47     39     40     1477
48     49     10     294
49     37     36     1128
50     41     47     427
51     37     30     686
52     42     32     1382
53     6     40     241
54     12     6     1664
55     79     26     164
56     49     26     1399
57     80     46     206
58     78     33     1631
59     33     17     204
60     17     1     860
61     15     41     424
62     42     34     1660
63     95     42     426
64     27     41     1146
65     51     34     274
66     53     32     1429
67     18     44     356
68     5     21     1145
69     35     44     230
70     80     2     148
71     95     15     925
72     67     39     110
73     78     15     727
74     96     23     285
75     49     26     915
76     45     48     597
77     13     8     1251
78     29     24     393
79     28     10     1702
80     51     11     8
81     25     36     997
82     52     11     263
83     15     14     512
84     22     18     136
85     23     30     88
86     92     5     255
87     3     6     1632
88     29     5     313
89     87     45     1418
90     60     10     186
91     42     46     922
92     59     36     327
93     20     48     1373
94     68     8     85
95     64     35     1132
96     26     1     164
97     89     19     76
98     27     31     1767
99     16     39     86
100     89     22     1354
