1     26     101     697
2     59     12     218
3     54     78     123
4     30     107     393
5     85     87     874
6     3     15     214
7     66     198     629
8     36     4     144
9     71     35     237
10     97     68     900
11     77     27     11
12     49     124     412
13     94     96     253
14     88     36     383
15     23     60     292
16     17     43     246
17     34     193     38
18     61     2     742
19     28     171     151
20     9     151     212
21     66     182     278
22     4     137     478
23     32     96     154
24     28     120     659
25     13     168     109
26     14     153     283
27     5     86     792
28     8     56     209
29     87     69     206
30     40     83     515
31     11     53     189
32     12     144     316
33     54     150     511
34     12     87     104
35     93     196     56
36     74     151     910
37     28     58     217
38     20     188     85
39     1     180     58
40     79     129     109
41     51     67     695
42     78     110     227
43     22     29     249
44     34     170     487
45     7     101     219
46     37     40     783
47     53     182     74
48     85     54     839
49     44     37     201
50     68     82     97
51     55     81     187
52     41     64     737
53     83     8     77
54     22     109     588
55     21     185     20
56     25     44     113
57     29     187     648
58     11     70     23
59     79     68     501
60     10     17     203
61     81     33     74
62     96     128     710
63     35     99     178
64     97     160     201
65     89     186     165
66     19     61     127
67     31     75     622
68     72     9     60
69     8     66     108
70     72     196     682
71     10     50     115
72     40     22     828
73     1     52     61
74     54     180     60
75     59     53     28
76     29     150     201
77     7     145     184
78     53     139     515
79     40     26     24
80     26     167     71
81     17     80     890
82     89     168     38
83     41     126     625
84     22     88     44
85     76     89     361
86     53     72     16
87     97     68     431
88     64     194     515
89     48     93     168
90     77     155     648
91     39     66     32
92     99     168     294
93     75     52     450
94     52     56     274
95     53     126     862
96     48     4     75
97     89     70     541
98     98     42     145
99     88     169     91
100     72     30     374
101     2     83     468
102     39     148     4
103     62     7     433
104     6     78     892
105     91     9     118
106     95     20     647
107     37     108     86
108     56     34     424
109     24     180     727
110     85     155     192
111     92     58     458
112     4     168     137
113     78     101     507
114     16     97     205
115     72     7     709
116     79     11     19
117     50     158     527
118     5     111     125
119     5     187     354
120     14     79     851
121     11     30     200
122     78     57     628
123     62     143     19
124     34     54     572
125     89     152     7
126     83     34     468
127     68     105     158
128     86     47     158
129     24     193     563
130     70     91     199
131     69     114     303
132     32     42     322
133     65     138     736
134     10     56     197
135     39     183     466
136     79     21     106
137     47     3     1
138     5     62     829
139     90     64     167
140     20     42     652
141     74     38     111
142     62     186     443
143     89     193     563
144     67     73     18
145     32     112     276
146     40     19     221
147     41     125     392
148     71     11     558
149     43     17     143
150     95     73     488
151     84     29     31
152     38     198     33
153     35     5     902
154     63     42     104
155     87     165     153
156     34     158     540
157     18     66     225
158     14     14     820
159     86     45     0
160     13     41     337
161     34     3     700
162     54     66     119
163     15     10     62
164     85     138     566
165     21     95     32
166     63     120     653
167     49     174     110
168     15     16     191
169     51     111     482
170     57     69     97
171     2     79     548
172     95     44     106
173     71     161     706
174     69     86     184
175     27     128     643
176     43     35     69
177     42     87     205
178     53     186     346
179     67     37     197
180     54     171     789
181     5     73     177
182     80     42     570
183     75     126     85
184     53     191     263
185     43     136     117
186     5     56     83
187     24     159     733
188     77     182     180
189     87     166     333
190     81     21     594
191     16     14     4
192     98     158     220
193     7     72     310
194     68     193     233
195     48     51     505
196     83     58     228
197     98     177     113
198     50     45     384
199     64     40     633
200     28     17     156
201     85     161     19
202     59     59     616
203     78     110     167
204     33     183     623
205     61     38     127
206     23     27     259
207     17     154     879
208     41     133     59
209     36     23     616
210     86     42     53
211     25     125     763
212     84     140     173
213     35     146     804
214     60     113     64
215     32     112     91
216     32     187     61
217     53     76     744
218     70     9     46
219     53     32     509
220     29     4     15
221     52     100     464
222     46     155     111
223     63     6     512
224     52     53     196
225     67     106     463
226     52     65     89
227     39     21     746
228     28     145     222
229     12     158     699
230     10     139     15
231     91     123     463
232     71     111     26
233     78     25     126
234     66     197     253
235     60     173     844
236     65     112     109
237     16     10     775
238     8     129     163
239     32     152     155
240     11     114     97
241     22     127     56
242     69     119     858
243     46     158     139
244     63     146     843
245     40     166     225
246     11     195     681
247     82     131     29
248     52     130     458
249     36     156     153
250     76     6     828
251     60     190     50
252     63     55     23
253     12     85     38
254     28     37     782
255     36     130     82
256     7     137     60
257     56     126     178
258     13     95     697
259     63     11     191
260     28     94     166
261     66     103     15
262     56     144     492
263     6     100     207
264     16     109     450
265     34     193     521
266     11     58     213
267     88     4     697
268     91     143     142
269     37     80     863
270     73     33     35
271     23     55     406
272     84     22     727
273     28     96     23
274     34     52     155
275     76     178     812
276     43     50     42
277     20     175     811
278     84     146     66
279     87     50     857
280     52     9     96
281     17     168     3
282     85     53     141
283     12     178     383
284     5     87     362
285     47     2     705
286     73     142     61
287     97     135     146
288     11     99     63
289     77     57     558
290     29     137     96
291     65     5     135
292     48     32     263
293     56     92     820
294     85     16     213
295     54     156     112
296     36     135     691
297     27     198     220
298     45     44     907
299     37     160     217
300     47     144     648
