30.004     3624     3509.38
30.004     3621     3509.38
30.004     3621     3509.38
30.004     3624     3509.38
30.004     3624     3509.38
30.004     3624     3509.38
30.004     3624     3509.38
30.004     3621     3509.38
30.004     3621     3509.38
30.004     3624     3509.38
             
30.003     3719     3568.63
30.001     3708     3568.63
30.003     3723     3568.63
30.003     3723     3568.63
30.003     3723     3568.63
30.003     3723     3568.63
30.003     3723     3568.63
30.003     3723     3568.63
30.001     3708     3568.63
30.003     3719     3568.63
             
30.006     3848     3699.5
30.003     3844     3699.5
30.002     3836     3699.5
30.003     3844     3699.5
30.003     3844     3699.5
30.003     3844     3699.5
30.003     3844     3699.5
30.002     3836     3699.5
30.003     3844     3699.5
30.006     3848     3699.5
             
30.008     3703     3579.63
30.005     3719     3579.63
30.003     3702     3579.63
30.002     3692     3579.63
30.003     3702     3579.63
30.003     3702     3579.63
30.002     3692     3579.63
30.003     3702     3579.63
30.005     3719     3579.63
30.008     3719     3579.63
             
30.006     3760     3647
30.003     3770     3647
30.003     3752     3647
30.002     3761     3647
30.003     3761     3647
30.003     3761     3647
30.002     3761     3647
30.003     3752     3647
30.003     3770     3647
30.006     3770     3647
             
30.002     3898     3721
30.002     3896     3721
30.002     3896     3721
30.002     3898     3721
30.002     3898     3721
30.002     3898     3721
30.002     3898     3721
30.002     3896     3721
30.002     3896     3721
30.002     3898     3721
             
30.007     3812     3612.25
30.004     3798     3612.25
30.004     3798     3612.25
30.007     3812     3612.25
30.007     3812     3612.25
30.007     3812     3612.25
30.007     3812     3612.25
30.004     3798     3612.25
30.004     3798     3612.25
30.007     3812     3612.25
             
30.001     3910     3761.75
30.002     3920     3761.75
30.002     3920     3761.75
30.001     3910     3761.75
30.002     3920     3761.75
30.002     3920     3761.75
30.001     3910     3761.75
30.002     3920     3761.75
30.002     3920     3761.75
30.002     3920     3761.75
             
30.006     3643     3530.5
30.001     3634     3530.5
30.001     3634     3530.5
30.006     3643     3530.5
30.006     3643     3530.5
30.006     3643     3530.5
30.006     3643     3530.5
30.001     3634     3530.5
30.001     3634     3530.5
30.006     3643     3530.5
             
30.005     3958     3815.88
30.002     3982     3815.88
30.002     3982     3815.88
30.005     3958     3815.88
30.005     3982     3815.88
30.005     3982     3815.88
30.005     3958     3815.88
30.002     3982     3815.88
30.002     3982     3815.88
30.005     3982     3815.88
             
