30.000     3693     3509.38
30.002     3706     3509.38
30.002     3706     3509.38
30.004     3692     3509.38
30.004     3706     3509.38
30.004     3706     3509.38
30.004     3692     3509.38
30.002     3706     3509.38
30.002     3706     3509.38
30.002     3706     3509.38
             
30.000     3753     3568.63
30.000     3753     3568.63
30.005     3749     3568.63
30.005     3749     3568.63
30.005     3749     3568.63
30.005     3749     3568.63
30.005     3749     3568.63
30.005     3749     3568.63
30.000     3753     3568.63
30.000     3753     3568.63
             
30.000     3916     3699.5
30.000     3950     3699.5
30.003     3931     3699.5
30.005     3925     3699.5
30.005     3931     3699.5
30.005     3931     3699.5
30.005     3925     3699.5
30.003     3931     3699.5
30.000     3950     3699.5
30.000     3950     3699.5
             
30.000     3763     3579.63
30.000     3760     3579.63
30.004     3745     3579.63
30.003     3755     3579.63
30.004     3755     3579.63
30.004     3755     3579.63
30.003     3755     3579.63
30.004     3745     3579.63
30.000     3760     3579.63
30.000     3763     3579.63
             
30.001     3848     3647
30.000     3848     3647
30.002     3835     3647
30.002     3812     3647
30.002     3835     3647
30.002     3835     3647
30.002     3812     3647
30.002     3835     3647
30.000     3848     3647
30.001     3848     3647
             
30.000     3934     3721
30.001     3943     3721
30.001     3943     3721
30.000     3934     3721
30.001     3943     3721
30.001     3943     3721
30.000     3934     3721
30.001     3943     3721
30.001     3943     3721
30.001     3943     3721
             
30.000     3885     3612.25
30.000     3887     3612.25
30.000     3887     3612.25
30.000     3885     3612.25
30.000     3887     3612.25
30.000     3887     3612.25
30.000     3885     3612.25
30.000     3887     3612.25
30.000     3887     3612.25
30.000     3887     3612.25
             
30.000     3966     3761.75
30.000     3957     3761.75
30.000     3957     3761.75
30.000     3966     3761.75
30.000     3966     3761.75
30.000     3966     3761.75
30.000     3966     3761.75
30.000     3957     3761.75
30.000     3957     3761.75
30.000     3966     3761.75
             
30.000     3726     3530.5
30.001     3746     3530.5
30.001     3746     3530.5
30.000     3726     3530.5
30.001     3746     3530.5
30.001     3746     3530.5
30.000     3726     3530.5
30.001     3746     3530.5
30.001     3746     3530.5
30.001     3746     3530.5
             
30.000     4050     3815.88
30.000     4050     3815.88
30.000     4057     3815.8
30.000     4057     3815.88
30.000     4057     3815.88
30.000     4057     3815.88
30.000     4057     3815.88
30.000     4057     3815.88
30.000     4050     3815.88
30.000     4050     3815.88
             
