30.190     3607     3509.38
30.002     3631     3509.38
30.002     3631     3509.38
30.003     3606     3509.38
30.003     3631     3509.38
30.003     3631     3509.38
30.003     3606     3509.38
30.002     3631     3509.38
30.002     3631     3509.38
30.190     3631     3509.38
             
30.019     3693     3568.63
30.003     3700     3568.63
30.017     3710     3568.63
30.017     3710     3568.63
30.019     3710     3568.63
30.019     3710     3568.63
30.017     3710     3568.63
30.017     3710     3568.63
30.003     3700     3568.63
30.019     3700     3568.63
             
30.024     3821     3699.5
30.000     3844     3699.5
30.063     3841     3699.5
30.018     3826     3699.5
30.063     3841     3699.5
30.063     3841     3699.5
30.018     3826     3699.5
30.063     3841     3699.5
30.000     3844     3699.5
30.024     3844     3699.5
             
30.527     3703     3579.63
30.003     3705     3579.63
30.003     3705     3579.63
30.095     3705     3579.63
30.095     3705     3579.63
30.095     3705     3579.63
30.095     3705     3579.63
30.003     3705     3579.63
30.003     3705     3579.63
30.527     3705     3579.63
             
30.039     3776     3647
30.004     3761     3647
30.004     3761     3647
30.001     3756     3647
30.004     3761     3647
30.004     3761     3647
30.001     3756     3647
30.004     3761     3647
30.004     3761     3647
30.039     3776     3647
             
30.021     3895     3721
30.002     3879     3721
30.002     3879     3721
30.021     3895     3721
30.021     3895     3721
30.021     3895     3721
30.021     3895     3721
30.002     3879     3721
30.002     3879     3721
30.021     3895     3721
             
30.022     3793     3612.25
30.021     3780     3612.25
30.021     3780     3612.25
30.022     3793     3612.25
30.022     3793     3612.25
30.022     3793     3612.25
30.022     3793     3612.25
30.021     3780     3612.25
30.021     3780     3612.25
30.022     3793     3612.25
             
30.022     3921     3761.75
30.011     3930     3761.75
30.011     3930     3761.75
30.022     3921     3761.75
30.022     3930     3761.75
30.022     3930     3761.75
30.022     3921     3761.75
30.011     3930     3761.75
30.011     3930     3761.75
30.022     3930     3761.75
             
30.714     3622     3530.5
30.000     3621     3530.5
30.000     3621     3530.5
30.714     3622     3530.5
30.714     3621     3530.5
30.714     3621     3530.5
30.714     3622     3530.5
30.000     3621     3530.5
30.000     3621     3530.5
30.714     3622     3530.5
             
30.017     3969     3815.88
30.006     3985     3815.88
30.006     3985     3815.88
30.017     3969     3815.88
30.017     3985     3815.88
30.017     3985     3815.88
30.017     3969     3815.88
30.006     3985     3815.88
30.006     3985     3815.88
30.017     3985     3815.88
             
