30.022     3604     3509.38
30.187     3613     3509.38
30.513     3618     3509.38
30.513     3618     3509.38
30.513     3620     3509.38
30.513     3620     3509.38
30.513     3618     3509.38
30.513     3618     3509.38
30.187     3613     3509.38
30.022     3604     3509.38
             
30.067     3709     3568.63
30.936     3712     3568.63
30.936     3712     3568.63
30.017     3698     3568.63
30.936     3712     3568.63
30.936     3712     3568.63
30.017     3698     3568.63
30.936     3712     3568.63
30.936     3712     3568.63
30.067     3709     3568.63
             
30.972     3840     3699.5
30.267     3850     3699.5
30.267     3850     3699.5
30.972     3840     3699.5
30.972     3850     3699.5
30.972     3850     3699.5
30.972     3840     3699.5
30.267     3850     3699.5
30.267     3850     3699.5
30.267     3840     3699.5
             
30.447     3693     3579.63
30.516     3689     3579.63
30.892     3701     3579.63
30.751     3687     3579.63
30.751     3687     3579.63
30.751     3687     3579.63
30.751     3687     3579.63
30.892     3701     3579.63
30.516     3689     3579.63
30.447     3689     3579.63
             
30.416     3759     3647
30.347     3757     3647
30.347     3757     3647
30.441     3761     3647
30.441     3761     3647
30.441     3761     3647
30.441     3761     3647
30.347     3757     3647
30.347     3757     3647
30.347     3757     3647
             
30.473     3879     3721
30.597     3879     3721
30.597     3879     3721
30.473     3879     3721
30.597     3879     3721
30.597     3879     3721
30.473     3879     3721
30.597     3879     3721
30.597     3879     3721
30.473     3879     3721
             
30.388     3737     3612.25
30.477     3737     3612.25
30.477     3737     3612.25
30.388     3758     3612.25
30.477     3737     3612.25
30.477     3737     3612.25
30.388     3758     3612.25
30.477     3737     3612.25
30.477     3737     3612.25
30.388     3737     3612.25
             
30.103     3895     3761.75
30.325     3887     3761.75
30.325     3887     3761.75
30.103     3895     3761.75
30.325     3895     3761.75
30.325     3895     3761.75
30.103     3895     3761.75
30.325     3887     3761.75
30.325     3887     3761.75
30.103     3887     3761.75
             
30.298     3620     3530.5
30.539     3622     3530.5
30.539     3622     3530.5
30.298     3620     3530.5
30.539     3620     3530.5
30.539     3620     3530.5
30.298     3620     3530.5
30.539     3622     3530.5
30.539     3622     3530.5
30.298     3620     3530.5
             
30.268     3974     3815.88
30.440     3957     3815.88
30.440     3957     3815.88
30.268     3974     3815.88
30.440     3957     3815.88
30.440     3957     3815.88
30.268     3974     3815.88
30.440     3957     3815.88
30.440     3957     3815.88
30.268     3957     3815.88
             
