1     18     10     295
2     12     18     188
3     41     25     17
4     23     16     776
5     41     16     5
6     10     27     288
7     48     21     881
8     17     19     97
9     39     41     643
10     17     36     71
11     45     7     30
12     34     31     423
13     34     5     672
14     1     32     17
15     29     23     924
16     20     42     193
17     45     27     515
18     9     27     216
19     33     39     889
20     14     1     77
21     29     26     868
22     39     38     46
23     12     24     664
24     19     2     170
25     23     28     177
26     28     31     6
27     6     17     706
28     14     30     101
29     16     16     586
30     23     39     202
31     19     23     776
32     22     24     7
33     22     35     818
34     46     44     91
35     24     20     320
36     44     24     102
37     15     15     29
38     6     24     805
39     32     2     232
40     15     3     489
41     10     10     47
42     40     39     188
43     2     44     327
44     15     6     71
45     41     25     867
46     37     38     56
47     7     2     428
48     34     26     407
49     9     40     584
50     47     28     9
51     25     6     688
52     34     1     222
53     47     8     577
54     13     3     224
55     26     13     625
56     4     23     141
57     34     27     162
58     7     20     891
59     4     7     189
60     4     23     479
61     45     33     192
62     45     37     163
63     49     9     399
64     47     36     712
65     5     8     110
66     9     8     187
67     15     21     750
68     17     47     159
69     20     23     200
70     36     15     910
71     12     3     208
72     6     36     161
73     18     34     91
74     40     5     643
75     1     11     82
76     28     18     933
77     26     37     78
78     11     46     270
79     42     44     708
80     7     30     222
81     38     24     242
82     27     5     557
83     26     4     218
84     46     34     327
85     5     26     122
86     10     37     262
87     25     6     457
88     21     45     645
89     36     19     41
90     9     25     245
91     2     49     815
92     5     28     26
93     7     29     558
94     40     32     101
95     24     3     193
96     10     32     102
97     5     28     936
98     49     34     35
99     33     7     545
100     48     12     75
101     2     17     582
102     26     34     59
103     9     9     340
104     6     24     892
105     31     23     65
106     4     21     321
107     39     45     393
108     29     4     124
109     29     20     11
110     28     27     728
111     42     48     143
112     26     22     586
113     39     43     218
114     3     32     486
115     21     6     59
116     13     38     214
117     16     9     660
118     28     11     16
119     30     10     558
120     17     27     128
121     18     14     940
122     49     8     163
123     12     35     259
124     30     32     799
125     46     9     166
126     44     29     338
127     18     3     574
128     31     48     148
129     43     46     749
130     32     31     134
131     43     20     304
132     7     14     844
133     2     36     75
134     3     27     386
135     22     48     697
136     4     26     73
137     17     5     801
138     14     44     101
139     9     5     855
140     27     27     203
141     6     17     401
142     35     2     908
143     24     12     210
144     22     23     274
145     4     43     485
146     49     16     74
147     7     27     750
148     26     21     40
149     38     12     416
150     12     30     774
151     46     49     134
152     2     37     914
153     35     27     43
154     23     32     210
155     7     48     419
156     4     44     94
157     4     41     137
158     5     38     37
159     17     5     843
160     7     19     150
161     19     12     748
162     19     24     145
163     19     25     567
164     12     35     174
165     17     6     651
166     36     1     100
167     49     42     467
168     14     29     7
169     26     46     544
170     30     9     41
171     28     39     71
172     13     12     289
173     38     36     232
174     16     30     559
175     42     28     167
176     31     22     879
177     49     30     131
178     36     19     709
179     46     14     82
180     32     21     720
181     31     16     5
182     21     49     135
183     42     37     289
184     9     7     939
185     19     10     198
186     27     3     575
187     32     25     162
188     30     28     901
189     39     13     210
190     18     2     11
191     35     13     875
192     27     44     14
193     1     16     714
194     32     8     57
195     1     22     375
196     33     36     627
197     8     3     83
198     49     31     202
199     28     43     691
200     21     22     232
