1     30     42     105
2     46     10     158
3     29     28     282
4     10     31     112
5     48     33     459
6     33     16     3
7     3     44     16
8     19     48     235
9     34     18     241
10     20     8     20
11     34     32     137
12     27     26     268
13     8     4     56
14     22     24     265
15     48     44     54
16     5     43     154
17     10     28     357
18     41     49     129
19     19     8     415
20     16     11     6
21     42     29     128
22     7     8     139
23     45     32     367
24     43     43     44
25     10     14     61
26     41     36     340
27     13     43     86
28     39     10     28
29     18     7     312
30     19     38     53
31     35     19     527
32     48     29     71
33     44     7     465
34     11     38     19
35     30     10     161
36     19     31     517
37     49     11     28
38     44     1     124
39     29     37     146
40     23     18     444
41     41     22     54
42     34     9     250
43     30     11     104
44     45     24     43
45     21     27     41
46     19     27     189
47     37     18     218
48     10     47     349
49     12     22     113
50     23     8     479
51     2     8     111
52     44     2     469
53     19     20     45
54     39     13     129
55     5     13     227
56     48     24     18
57     13     46     94
58     26     42     291
59     22     42     88
60     2     23     332
61     40     10     15
62     3     41     388
63     33     11     106
64     48     7     423
65     43     5     20
66     28     19     91
67     1     43     100
68     12     29     436
69     20     7     73
70     5     4     369
71     43     30     121
72     40     21     335
73     30     10     54
74     25     21     70
75     32     48     91
76     26     44     274
77     47     27     86
78     22     47     399
79     9     41     3
80     24     22     102
81     28     1     455
82     41     49     72
83     49     2     156
84     35     11     142
85     37     8     458
86     40     49     61
87     40     6     180
88     4     2     511
89     8     38     25
90     14     7     299
91     2     33     41
92     10     44     232
93     45     41     154
94     12     44     408
95     10     31     89
96     34     26     207
97     13     45     157
98     42     16     208
99     17     29     220
100     18     44     406
