1     8     11     84
2     21     2     29
3     12     35     238
4     25     23     12
5     24     15     128
6     33     22     207
7     17     38     84
8     17     44     366
9     12     43     66
10     26     42     64
11     34     18     31
12     24     31     231
13     39     23     200
14     31     30     333
15     48     28     54
16     38     43     466
17     21     29     107
18     13     48     205
19     18     31     417
20     7     21     27
21     17     49     116
22     25     11     473
23     40     18     44
24     45     31     105
25     32     42     230
26     16     3     404
27     31     26     46
28     6     31     46
29     44     2     267
30     19     8     63
31     1     40     301
32     47     41     24
33     26     15     339
34     6     45     39
35     7     44     141
36     28     42     87
37     29     32     185
38     37     26     478
39     48     47     67
40     26     31     235
41     28     3     75
42     42     27     139
43     30     37     260
44     11     29     122
45     3     29     58
46     15     20     10
47     49     47     204
48     32     39     37
49     32     21     372
50     7     9     46
51     41     20     36
52     10     7     459
53     42     46     26
54     34     14     356
55     4     32     115
56     18     18     79
57     17     11     232
58     27     8     389
59     38     15     42
60     5     18     222
61     18     6     241
62     18     26     362
63     32     43     6
64     7     41     354
65     38     5     39
66     7     26     443
67     9     42     92
68     27     19     232
69     14     19     250
70     34     33     98
71     21     25     224
72     23     27     306
73     31     48     98
74     17     22     335
75     46     21     61
76     13     28     248
77     7     37     114
78     9     43     274
79     3     33     49
80     10     24     159
81     35     48     342
82     16     37     67
83     11     20     217
84     46     37     482
85     46     16     61
86     11     18     414
87     20     38     76
88     36     23     142
89     23     23     89
90     1     47     352
91     42     30     79
92     33     9     336
93     39     34     77
94     25     21     465
95     10     8     120
96     46     47     155
97     16     2     25
98     41     28     482
99     43     49     53
100     20     42     259
