1     27     25     609
2     73     31     117
3     66     6     471
4     13     12     58
5     75     5     553
6     38     33     14
7     58     29     466
8     74     37     91
9     20     41     180
10     83     42     534
11     56     4     144
12     74     32     100
13     65     34     78
14     29     32     17
15     31     9     247
16     61     49     396
17     46     33     151
18     75     2     555
19     32     43     122
20     73     32     437
21     12     22     38
22     30     11     112
23     82     9     544
24     37     49     82
25     45     43     207
26     66     2     81
27     2     4     448
28     38     22     26
29     11     9     198
30     24     45     281
31     53     16     289
32     78     37     469
33     34     13     116
34     53     8     611
35     42     31     3
36     47     11     9
37     35     10     322
38     54     29     117
39     39     33     523
40     65     22     68
41     34     30     158
42     39     33     394
43     40     18     98
44     75     27     17
45     5     45     511
46     61     24     0
47     8     19     39
48     45     37     143
49     29     32     566
50     54     28     89
51     86     46     305
52     73     40     106
53     66     36     282
54     15     42     443
55     47     4     25
56     86     40     93
57     55     5     171
58     97     24     628
59     44     5     132
60     88     4     378
61     67     38     15
62     79     35     200
63     47     33     424
64     68     31     111
65     46     31     621
66     69     44     69
67     5     29     359
68     14     24     9
69     21     34     388
70     90     45     42
71     27     15     465
72     80     34     116
73     58     10     491
74     41     38     23
75     39     40     95
76     36     6     527
77     12     22     16
78     23     49     521
79     84     28     88
80     38     34     333
81     92     3     127
82     40     38     517
83     85     24     68
84     78     43     571
85     17     5     14
86     67     13     500
87     97     49     47
88     11     10     423
89     40     21     23
90     67     8     28
91     27     30     469
92     93     14     71
93     81     43     555
94     78     37     55
95     74     26     381
96     75     9     114
97     83     21     497
98     51     38     109
99     75     35     270
100     85     34     117
101     86     15     318
102     89     28     20
103     87     35     266
104     42     43     611
105     76     48     23
106     21     35     429
107     25     20     153
108     98     5     42
109     69     37     190
110     53     12     502
111     16     43     21
112     4     20     494
113     49     15     35
114     83     9     224
115     56     25     143
116     69     7     510
117     17     43     65
118     6     41     137
119     68     43     603
120     29     46     67
121     61     49     201
122     59     11     613
123     65     42     10
124     47     18     92
125     93     34     68
126     70     4     255
127     71     42     549
128     6     48     105
129     26     19     475
130     52     26     40
131     12     31     206
132     86     9     32
133     96     49     407
134     74     24     126
135     84     10     128
136     77     45     174
137     4     7     548
138     23     21     9
139     19     47     268
140     95     3     466
141     26     25     43
142     78     35     426
143     86     30     34
144     48     13     351
145     28     29     1
146     70     24     461
147     14     40     3
148     20     46     168
149     83     5     499
150     90     19     89
151     22     14     600
152     54     12     43
153     60     9     162
154     12     28     441
155     61     29     4
156     39     7     37
157     29     48     284
158     75     3     607
159     22     19     13
160     14     33     229
161     90     45     168
162     5     47     11
163     86     22     131
164     91     17     428
165     60     45     117
166     11     28     164
167     24     10     562
168     16     16     18
169     14     15     313
170     46     10     552
171     21     5     123
172     61     11     63
173     85     34     179
174     12     43     509
175     39     24     70
176     50     4     574
177     5     22     28
178     55     4     596
179     94     5     149
180     8     19     219
181     25     7     213
182     13     18     256
183     15     35     263
184     50     17     157
185     37     48     134
186     24     19     21
187     41     49     300
188     96     47     611
189     37     4     61
190     53     14     552
191     43     41     71
192     56     44     299
193     15     45     372
194     42     11     2
195     43     15     612
196     37     7     89
197     1     6     35
198     93     46     23
199     61     30     231
200     84     38     627
