1     68     5     152
2     35     7     440
3     6     10     125
4     30     31     421
5     81     1     37
6     10     32     145
7     45     41     570
8     96     2     50
9     34     34     560
10     33     5     43
11     32     16     273
12     72     19     479
13     87     32     62
14     63     9     448
15     58     14     38
16     45     30     572
17     24     8     65
18     90     17     204
19     16     42     555
20     39     24     18
21     51     45     486
22     10     11     118
23     34     49     570
24     69     20     122
25     2     13     95
26     99     15     565
27     49     4     45
28     75     9     119
29     90     42     253
30     40     5     295
31     54     31     505
32     20     20     12
33     75     40     54
34     28     45     366
35     74     3     3
36     80     32     15
37     41     35     179
38     82     41     477
39     35     13     108
40     85     33     446
41     65     32     54
42     49     6     483
43     3     31     83
44     57     48     559
45     11     34     114
46     31     26     70
47     64     5     184
48     30     30     155
49     10     39     170
50     81     11     245
51     6     34     528
52     52     26     113
53     63     3     548
54     86     24     7
55     94     22     508
56     51     43     127
57     33     8     588
58     37     29     120
59     23     4     237
60     96     48     20
61     32     14     244
62     41     9     188
63     20     19     0
64     65     11     232
65     92     33     316
66     69     29     18
67     31     45     500
68     12     28     9
69     94     29     210
70     3     15     97
71     37     37     517
72     70     21     111
73     79     25     267
74     9     10     416
75     7     22     12
76     52     34     396
77     6     45     16
78     21     34     515
79     11     45     79
80     14     18     454
81     80     32     16
82     42     26     236
83     45     14     40
84     38     25     250
85     99     16     150
86     5     35     327
87     50     39     29
88     41     14     355
89     54     8     47
90     50     47     273
91     71     38     271
92     32     32     461
93     74     2     102
94     19     25     290
95     94     39     415
96     60     32     137
97     10     49     588
98     82     2     69
99     7     25     360
100     44     25     74
101     11     36     28
102     43     45     293
103     92     31     228
104     86     6     157
105     99     26     493
106     32     24     149
107     42     43     19
108     64     20     447
109     1     10     48
110     10     13     455
111     44     23     71
112     3     3     302
113     63     5     108
114     57     32     219
115     99     17     209
116     52     18     306
117     22     14     139
118     41     11     347
119     30     21     18
120     61     33     376
121     11     17     39
122     39     1     400
123     35     7     39
124     86     18     560
125     57     38     30
126     70     31     284
127     27     25     233
128     14     47     118
129     31     18     224
130     5     6     49
131     79     39     316
132     8     35     19
133     18     44     124
134     84     4     28
135     57     27     601
136     37     4     33
137     71     27     202
138     15     37     491
139     37     33     119
140     80     7     322
141     5     22     108
142     41     16     106
143     48     34     562
144     29     42     88
145     53     27     528
146     75     4     144
147     11     25     285
148     28     16     134
149     83     34     278
150     26     5     483
151     90     33     25
152     60     44     439
153     93     31     59
154     68     39     336
155     93     29     140
156     94     20     413
157     81     49     113
158     76     12     531
159     6     15     137
160     39     16     435
161     85     7     7
162     36     35     384
163     70     42     120
164     51     29     65
165     92     11     175
166     37     27     524
167     53     26     63
168     78     47     548
169     93     22     96
170     96     19     91
171     31     34     186
172     88     26     255
173     32     30     329
174     18     45     68
175     25     18     412
176     53     30     0
177     9     28     549
178     46     43     85
179     59     37     14
180     6     45     173
181     78     8     496
182     15     29     41
183     15     17     189
184     7     10     22
185     37     10     542
186     93     14     65
187     35     36     315
188     87     14     77
189     12     9     251
190     7     12     476
191     95     43     55
192     32     1     516
193     68     20     54
194     8     27     599
195     1     41     31
196     1     1     264
197     72     40     578
198     88     2     141
199     67     27     163
200     79     26     318
