5.007      1280      1255
5.008      1280      1255
5.007      1281      1255
5.008      1280      1255
5.008      1280      1255
5.007      1280      1255
5.008      1280      1255
5.007      1280      1255
5.008      1280      1255
5.008      1280      1255

5.008      1211    1206.5
5.008      1211    1206.5
5.007      1207    1206.5
5.008      1207    1206.5
5.007      1207    1206.5
5.008      1207    1206.5
5.008      1207    1206.5
5.007      1207    1206.5
5.008      1211    1206.5
5.007      1207    1206.5

5.008      1195      1168
5.008      1194      1168
5.007      1194      1168
5.008      1195      1168
5.007      1195      1168
5.008      1195      1168
5.008      1194      1168
5.007      1195      1168
5.008      1194      1168
5.007      1194      1168

5.008      1172      1168
5.007      1169      1168
5.008      1169      1168
5.008      1172      1168
5.007      1172      1168
5.008      1173      1168
5.007      1172      1168
5.004      1169      1168
5.007      1169      1168
5.008      1169      1168

5.008      1094      1068
5.007      1094      1068
5.008      1095      1068
5.001      1094      1068
5.008      1094      1068
5.008      1094      1068
5.007      1095      1068
5.008      1094      1068
5.007      1094      1068
5.008      1094      1068

5.007      1279      1248
5.007      1277      1248
5.008      1279      1248
5.008      1279      1248
5.007      1280      1248
5.008      1279      1248
5.007      1277      1248
5.008      1279      1248
5.008      1277      1248
5.007      1277      1248

5.008      1330    1280.5
5.007      1330    1280.5
5.008      1330    1280.5
5.008      1330    1280.5
5.007      1330    1280.5
5.008      1330    1280.5
5.008      1330    1280.5
5.007      1330    1280.5
5.015      1330    1280.5
5.008      1330    1280.5

5.008      1210    1202.5
5.007      1214    1202.5
5.008      1231    1202.5
5.008      1210    1202.5
5.004      1231    1202.5
5      1210    1202.5
5.007      1231    1202.5
5.008      1214    1202.5
5.008      1231    1202.5
5.007      1214    1202.5

5.008      1168    1136.5
5.009      1168    1136.5
5.008      1168    1136.5
5.008      1168    1136.5
5.007      1168    1136.5
5.008      1168    1136.5
5.007      1168    1136.5
5.008      1168    1136.5
5.008      1171    1136.5
5.007      1168    1136.5

5.007      1260    1209.5
5.008      1260    1209.5
5.008      1260    1209.5
5.007      1260    1209.5
5.008      1260    1209.5
5.007      1260    1209.5
5.008      1260    1209.5
5.008      1260    1209.5
5.007      1260    1209.5
5.009      1260    1209.5

