1     93     30     104
2     78     5     22
3     85     27     133
4     44     46     75
5     15     18     80
6     35     48     107
7     4     14     220
8     83     5     35
9     85     28     295
10     95     21     12
11     53     24     142
12     48     20     274
13     61     5     76
14     65     11     10
15     51     15     24
16     45     31     151
17     1     6     106
18     38     9     212
19     96     28     37
20     96     24     233
21     49     27     26
22     7     8     145
23     61     30     240
24     53     44     35
25     45     21     240
26     98     31     9
27     42     48     130
28     36     15     55
29     19     5     87
30     21     17     84
31     26     20     59
32     20     45     80
33     39     23     57
34     31     11     145
35     32     30     168
36     84     23     81
37     57     20     306
38     97     3     25
39     58     14     241
40     16     21     73
41     88     6     142
42     64     32     40
43     61     2     226
44     67     42     20
45     67     2     135
46     22     41     104
47     95     9     97
48     38     31     176
49     58     43     1
50     49     24     201
51     23     7     4
52     22     7     94
53     63     16     113
54     60     42     186
55     10     6     2
56     28     40     253
57     8     18     57
58     47     32     103
59     15     48     286
60     55     39     10
61     29     7     36
62     82     49     235
63     97     6     19
64     41     33     5
65     72     15     303
66     1     36     54
67     62     19     251
68     34     9     34
69     62     26     28
70     72     28     300
71     78     1     62
72     18     32     47
73     54     49     251
74     44     12     46
75     11     18     93
76     83     19     89
77     37     18     232
78     30     14     63
79     21     40     105
80     73     4     252
81     61     49     79
82     84     35     282
83     73     25     70
84     66     24     244
85     58     5     73
86     80     11     325
87     61     9     11
88     19     3     143
89     86     31     218
90     39     20     27
91     26     12     195
92     11     9     23
93     70     33     37
94     19     37     161
95     57     7     306
96     71     16     47
97     68     44     31
98     98     10     125
99     79     21     271
100     75     14     43
