1     30     15     28
2     68     15     225
3     36     39     24
4     49     8     284
5     7     28     36
6     45     4     95
7     58     9     89
8     84     28     30
9     56     10     265
10     37     1     16
11     15     22     151
12     97     7     62
13     4     19     246
14     22     28     30
15     95     37     106
16     72     45     61
17     1     41     128
18     75     47     14
19     54     29     192
20     14     37     49
21     47     43     26
22     3     37     135
23     68     24     116
24     71     6     160
25     65     10     13
26     92     33     257
27     10     24     4
28     2     8     263
29     84     11     19
30     5     28     220
31     89     33     66
32     50     8     129
33     26     25     153
34     82     23     64
35     3     48     94
36     19     4     185
37     29     32     68
38     35     28     229
39     23     12     41
40     99     47     184
41     44     15     45
42     71     8     17
43     32     14     270
44     67     1     2
45     52     45     60
46     91     1     250
47     41     30     3
48     34     16     292
49     71     2     1
50     55     16     210
51     87     6     36
52     79     39     19
53     43     12     224
54     63     48     15
55     2     9     2
56     32     47     289
57     56     37     65
58     27     48     166
59     37     16     58
60     46     16     66
61     11     5     261
62     82     15     73
63     11     3     281
64     66     21     58
65     15     16     95
66     27     20     204
67     29     4     15
68     78     47     157
69     54     34     30
70     24     32     244
71     97     49     60
72     8     30     11
73     30     42     123
74     39     15     37
75     36     7     110
76     95     6     227
77     41     16     34
78     99     23     170
79     38     15     57
80     54     24     78
81     17     35     188
82     23     11     40
83     33     46     288
84     95     11     38
85     2     9     39
86     84     22     289
87     88     25     56
88     44     44     286
89     20     44     60
90     68     42     275
91     93     3     44
92     87     10     46
93     57     3     10
94     50     7     179
95     33     12     3
96     39     40     95
97     24     36     221
98     19     2     36
99     30     12     175
100     23     26     73
