50.040     10211     9883
50.030     10202     9883
50.030     10202     9883
50.040     10211     9883
50.040     10211     9883
50.040     10211     9883
50.040     10211     9883
50.030     10202     9883
50.030     10202     9883
50.040     10211     9883
             
50.015     10064     9753.6
50.037     10025     9753.6
50.037     10025     9753.6
50.015     10064     9753.6
50.037     10064     9753.6
50.037     10064     9753.6
50.015     10064     9753.6
50.037     10025     9753.6
50.037     10025     9753.6
50.037     10064     9753.6
             
50.018     10350     9971.2
50.049     10363     9971.2
50.049     10363     9971.2
50.018     10350     9971.2
50.049     10363     9971.2
50.049     10363     9971.2
50.018     10350     9971.2
50.049     10363     9971.2
50.049     10363     9971.2
50.049     10363     9971.2
             
50.001     10029     9756.8
50.048     10021     9756.8
50.048     10021     9756.8
50.001     10029     9756.8
50.048     10029     9756.8
50.048     10029     9756.8
50.001     10029     9756.8
50.048     10021     9756.8
50.048     10021     9756.8
50.048     10029     9756.8
             
50.001     10425     10139.6
50.033     10413     10139.6
50.033     10413     10139.6
50.001     10425     10139.6
50.033     10425     10139.6
50.033     10425     10139.6
50.001     10425     10139.6
50.033     10413     10139.6
50.033     10413     10139.6
50.033     10425     10139.6
             
50.052     10169     9905.8
50.056     10165     9905.8
50.056     10165     9905.8
50.052     10169     9905.8
50.056     10169     9905.8
50.056     10169     9905.8
50.052     10169     9905.8
50.056     10165     9905.8
50.056     10165     9905.8
50.056     10169     9905.8
             
50.066     10005     9758
50.056     9989     9758
50.056     9989     9758
50.066     10005     9758
50.066     9989     9758
50.066     9989     9758
50.066     10005     9758
50.056     9989     9758
50.056     9989     9758
50.066     9989     9758
             
50.042     10188     9840
50.009     10258     9840
50.009     10258     9840
50.042     10188     9840
50.042     10258     9840
50.042     10258     9840
50.042     10188     9840
50.009     10258     9840
50.009     10258     9840
50.042     10258     9840
             
50.011     10325     10000.8
50.059     10364     10000.8
50.059     10364     10000.8
50.011     10325     10000.8
50.059     10364     10000.8
50.059     10364     10000.8
50.011     10325     10000.8
50.059     10364     10000.8
50.059     10364     10000.8
50.059     10364     10000.8
             
50.054     10045     9747.2
50.005     10020     9747.2
50.005     10020     9747.2
50.054     10045     9747.2
50.054     10045     9747.2
50.054     10045     9747.2
50.054     10045     9747.2
50.005     10020     9747.2
50.005     10020     9747.2
50.054     10045     9747.2
             
