1     78     10     4328
2     41     120     1230
3     33     77     5639
4     81     46     747
5     33     152     3815
6     9     20     227
7     96     21     5157
8     4     57     25
9     42     113     4135
10     58     20     78
11     37     194     4896
12     58     47     1360
13     41     67     5361
14     80     119     1191
15     4     95     2074
16     90     52     394
17     38     103     4846
18     74     9     1253
19     38     118     564
20     69     50     511
21     16     186     379
22     95     66     5310
23     10     132     126
24     67     128     3990
25     11     104     1158
26     46     11     4152
27     17     74     121
28     42     97     4894
29     67     135     1360
30     26     168     2759
31     42     164     4674
32     76     102     59
33     19     93     2594
34     12     2     5036
35     57     123     876
36     39     179     887
37     99     139     4531
38     43     162     1329
39     29     169     1052
40     28     70     4784
41     16     42     637
42     9     106     5089
43     73     30     585
44     44     41     1714
45     49     37     3708
46     98     34     1417
47     6     189     3942
48     57     198     526
49     39     89     712
50     8     26     2218
51     70     111     2873
52     32     158     945
53     87     140     1021
54     67     156     2033
55     25     123     2492
56     60     176     4122
57     60     141     674
58     28     19     1074
59     86     79     912
60     28     19     3727
61     57     129     170
62     75     23     5408
63     48     44     1155
64     98     114     5063
65     12     73     1204
66     55     98     2630
67     38     78     2488
68     83     199     2904
69     49     108     354
70     83     118     873
71     96     30     4358
72     75     32     336
73     71     166     4490
74     33     83     1390
75     93     58     3337
76     73     132     79
77     82     25     2590
78     51     145     4576
79     54     118     1214
80     63     66     3025
81     99     67     1332
82     81     14     5381
83     8     169     452
84     11     151     5182
85     86     1     1115
86     68     103     4062
87     35     195     895
88     47     104     5236
89     23     177     1225
90     55     111     3951
91     21     141     174
92     91     50     5642
93     15     198     990
94     58     9     1776
95     68     156     2290
96     32     71     5621
97     2     27     902
98     66     84     5638
99     88     179     1239
100     3     168     4510
101     58     37     1230
102     71     54     4901
103     25     116     910
104     93     56     4673
105     87     133     1016
106     48     182     1362
107     45     37     222
108     68     110     4446
109     69     140     442
110     15     13     4983
111     19     75     822
112     46     2     2929
113     7     194     1406
114     52     5     3074
115     94     178     356
116     74     151     4372
117     49     101     444
118     67     5     1030
119     32     189     3665
120     92     103     1207
121     30     193     5432
122     25     197     767
123     14     35     4200
124     23     133     1122
125     2     76     4085
126     73     198     586
127     92     40     3087
128     22     113     603
129     45     8     5489
130     3     141     485
131     9     122     954
132     11     56     2036
133     54     197     4810
134     42     51     7
135     55     84     3129
136     73     198     154
137     32     128     5205
138     50     156     583
139     10     51     2340
140     93     137     3223
141     36     96     161
142     56     147     1589
143     9     22     3958
144     55     51     253
145     37     120     279
146     33     114     5382
147     82     176     635
148     39     197     5118
149     8     166     1209
150     90     120     2742
151     93     54     1845
152     54     31     2631
153     38     134     116
154     52     96     1944
155     28     132     5184
156     88     157     1423
157     38     56     1225
158     71     73     4109
159     57     176     1300
160     40     83     1342
161     74     36     4425
162     35     49     1113
163     14     91     2025
164     35     42     4887
165     23     77     1167
166     2     56     2293
167     54     99     4701
168     31     105     601
169     68     54     2063
170     95     91     3533
171     90     91     1329
172     76     124     5539
173     2     43     1174
174     5     85     2484
175     14     114     2045
176     36     42     3437
177     58     157     835
178     43     139     2250
179     49     161     4884
180     86     188     822
181     43     71     3432
182     70     72     1384
183     49     61     195
184     2     25     3348
185     72     160     943
186     47     151     429
187     35     150     1313
188     31     108     1141
189     54     76     1725
190     52     124     2116
191     49     4     1967
192     18     102     1240
193     11     141     4436
194     36     145     1248
195     5     158     153
196     92     129     6
197     84     142     4074
198     80     82     218
199     38     42     1895
200     16     31     1965
201     58     7     4919
202     2     103     48
203     50     124     3016
204     2     167     1117
205     19     143     305
206     37     139     3202
207     39     116     854
208     98     13     3129
209     68     100     348
210     75     80     4398
211     63     156     1074
212     17     110     2050
213     49     191     4169
214     12     78     645
215     11     168     2296
216     95     7     3292
217     27     190     703
218     16     76     4282
219     40     138     173
220     73     77     4175
221     47     195     312
222     79     193     5467
223     32     114     116
224     45     138     3376
225     63     168     296
226     85     160     5695
227     57     29     1119
228     13     27     4683
229     59     3     743
230     76     35     109
231     62     59     4832
232     71     84     1156
233     48     69     900
234     61     11     4986
235     2     19     724
236     24     78     4717
237     24     130     841
238     58     79     938
239     77     26     1156
240     15     162     2032
241     55     83     1706
242     45     107     2181
243     10     98     742
244     65     87     2302
245     63     137     1166
246     14     29     2081
247     25     123     4320
248     29     111     395
249     72     5     1835
250     91     113     1055
251     2     24     4096
252     52     164     1426
253     82     172     148
254     89     69     3783
255     65     19     367
256     18     118     1547
257     35     109     5472
258     66     67     1228
259     27     160     3541
260     94     49     155
261     25     24     2292
262     33     171     4598
263     32     82     1080
264     44     79     3797
265     61     99     486
266     8     87     2798
267     32     54     905
268     11     110     3154
269     44     124     1421
270     36     190     1303
271     64     124     549
272     11     22     3604
273     92     128     305
274     42     87     134
275     35     191     3447
276     86     194     306
277     3     129     2093
278     40     134     154
279     70     70     1742
280     63     11     2333
281     35     19     3721
282     41     37     165
283     4     84     5462
284     38     103     1072
285     17     133     5473
286     79     40     1144
287     95     99     4783
288     74     29     738
289     59     111     5124
290     73     63     1163
291     19     176     4298
292     83     195     183
293     91     34     4042
294     11     114     932
295     88     122     3171
296     15     57     172
297     15     146     3637
298     48     142     173
299     13     159     2895
300     8     1     542
