1     29     87     754
2     91     51     249
3     8     5     918
4     29     12     263
5     93     28     1171
6     81     4     130
7     81     63     655
8     4     46     67
9     61     81     75
10     22     73     497
11     21     26     1104
12     28     44     120
13     67     21     185
14     7     8     17
15     65     99     649
16     63     99     37
17     21     11     58
18     66     39     256
19     75     72     992
20     13     80     17
21     53     50     566
22     57     7     709
23     97     15     132
24     64     52     758
25     80     53     25
26     60     83     415
27     93     49     773
28     75     98     312
29     90     18     803
30     77     8     117
31     21     81     1169
32     11     38     158
33     9     57     235
34     14     29     464
35     38     1     209
36     49     14     678
37     59     14     259
38     54     87     945
39     27     79     309
40     26     3     1221
41     56     69     118
42     42     56     125
43     49     3     113
44     64     38     1077
45     46     50     106
46     40     53     306
47     26     52     20
48     80     67     774
49     45     43     173
50     78     61     306
