1     16     163     230
2     36     148     55
3     31     26     391
4     20     126     99
5     27     40     308
6     48     170     102
7     27     113     129
8     21     39     268
9     28     128     8
10     36     59     135
11     49     143     452
12     7     177     68
13     35     51     275
14     20     110     94
15     28     84     486
16     27     31     34
17     27     163     51
18     13     110     239
19     47     85     298
20     29     183     66
21     7     82     281
22     33     58     34
23     38     158     396
24     27     140     33
25     36     145     276
26     6     25     112
27     19     138     391
28     19     153     86
29     30     102     201
30     30     78     299
31     12     1     49
32     4     149     122
33     3     143     457
34     44     141     25
35     45     11     495
36     2     61     117
37     16     62     475
38     1     48     83
39     7     130     436
40     17     64     91
41     19     172     290
42     46     115     68
43     5     78     372
44     6     43     46
45     19     35     122
46     45     75     31
47     29     123     239
48     4     122     218
49     14     176     241
50     39     91     339
51     24     9     21
52     34     156     249
53     15     176     186
54     39     117     332
55     29     129     81
56     10     15     29
57     21     151     305
58     29     60     15
59     21     40     388
60     48     137     73
61     28     132     348
62     32     8     6
63     16     149     343
64     42     37     120
65     22     43     133
66     47     39     201
67     16     36     25
68     30     18     483
69     2     84     62
70     21     91     269
71     7     141     26
72     24     89     109
73     47     110     66
74     21     191     25
75     49     32     291
76     42     94     64
77     30     172     351
78     4     77     60
79     2     62     46
80     37     159     118
81     35     154     453
82     2     52     29
83     14     115     267
84     43     161     43
85     22     125     9
86     38     97     73
87     46     98     34
88     8     7     462
89     3     47     14
90     10     21     99
91     31     16     52
92     24     102     51
93     20     82     73
94     2     41     328
95     43     27     96
96     37     23     248
97     23     131     395
98     35     192     111
99     24     162     313
100     27     186     52
101     14     136     1
102     18     95     38
103     3     67     275
104     32     29     22
105     8     24     151
106     27     2     154
107     21     42     337
108     40     80     77
109     34     34     320
110     14     95     95
111     46     170     274
112     43     190     92
113     46     146     162
114     15     36     475
115     39     24     3
116     16     28     433
117     29     24     51
118     18     195     176
119     32     69     275
120     22     95     25
121     20     133     428
122     14     59     43
123     16     73     35
124     30     71     437
125     30     186     48
126     48     152     161
127     6     40     231
128     12     95     22
129     8     103     335
130     14     127     19
131     25     167     125
132     48     94     252
133     23     36     4
134     35     61     282
135     13     197     21
136     33     36     282
137     2     99     78
138     24     154     87
139     39     117     176
140     31     58     188
141     1     179     352
142     14     164     77
143     11     23     271
144     24     78     76
145     9     36     451
146     44     68     96
147     44     148     178
148     44     14     378
149     16     63     7
150     29     4     33
151     16     14     240
152     39     34     269
153     24     50     67
154     45     163     417
155     49     186     107
156     49     179     87
157     11     24     328
158     45     50     120
159     17     3     176
160     12     171     308
161     18     187     92
162     22     63     333
163     43     15     109
164     47     92     260
165     4     113     27
166     10     23     112
167     1     162     353
168     33     184     34
169     19     178     57
170     21     121     169
171     6     152     158
172     18     108     467
173     15     35     2
174     42     170     175
175     36     110     46
176     35     120     479
177     14     68     56
178     29     197     103
179     13     122     428
180     25     75     96
181     11     116     379
182     4     13     90
183     32     46     125
184     38     3     90
185     35     143     307
186     48     176     15
187     12     198     82
188     48     31     253
189     32     162     100
190     19     60     384
191     17     57     57
192     41     150     89
193     9     156     301
194     44     158     87
195     32     134     468
196     2     137     69
197     40     173     168
198     22     22     439
199     27     168     65
200     45     120     347
