20.012     2093     1995.2
20.013     2108     1995.2
20.013     2108     1995.2
20.012     2093     1995.2
20.013     2108     1995.2
20.013     2108     1995.2
20.012     2093     1995.2
20.013     2108     1995.2
20.013     2108     1995.2
20.013     2108     1995.2
             
20.015     2049     1952.4
20.014     2053     1952.4
20.014     2053     1952.4
20.015     2049     1952.4
20.015     2053     1952.4
20.015     2053     1952.4
20.015     2049     1952.4
20.014     2053     1952.4
20.014     2053     1952.4
20.015     2053     1952.4
             
20.013     1970     1864.6
20.009     1985     1864.6
20.009     1985     1864.6
20.013     1970     1864.6
20.013     1985     1864.6
20.013     1985     1864.6
20.013     1970     1864.6
20.009     1985     1864.6
20.009     1985     1864.6
20.013     1985     1864.6
             
20.002     2026     1912.6
20.011     2015     1912.6
20.011     2015     1912.6
20.002     2026     1912.6
20.011     2026     1912.6
20.011     2026     1912.6
20.002     2026     1912.6
20.011     2015     1912.6
20.011     2015     1912.6
20.011     2026     1912.6
             
20.013     2095     1951
20.001     2093     1951
20.001     2093     1951
20.013     2095     1951
20.013     2095     1951
20.013     2095     1951
20.013     2095     1951
20.001     2093     1951
20.001     2093     1951
20.013     2095     1951
             
20.009     1991     1901.8
20.005     2002     1901.8
20.005     2002     1901.8
20.009     1991     1901.8
20.009     2002     1901.8
20.009     2002     1901.8
20.009     1991     1901.8
20.005     2002     1901.8
20.005     2002     1901.8
20.009     2002     1901.8
             
20.007     2045     1917.6
20.010     2030     1917.6
20.010     2030     1917.6
20.007     2045     1917.6
20.010     2045     1917.6
20.010     2045     1917.6
20.007     2045     1917.6
20.010     2030     1917.6
20.010     2030     1917.6
20.010     2045     1917.6
             
20.013     2145     2002.8
20.005     2133     2002.8
20.005     2133     2002.8
20.013     2145     2002.8
20.013     2145     2002.8
20.013     2145     2002.8
20.013     2145     2002.8
20.005     2133     2002.8
20.005     2133     2002.8
20.013     2145     2002.8
             
20.018     2021     1914.4
20.002     2014     1914.4
20.002     2014     1914.4
20.018     2021     1914.4
20.018     2021     1914.4
20.018     2021     1914.4
20.018     2021     1914.4
20.002     2014     1914.4
20.002     2014     1914.4
20.018     2021     1914.4
             
20.001     2100     1982.8
20.004     2098     1982.8
20.004     2098     1982.8
20.001     2100     1982.8
20.004     2100     1982.8
20.004     2100     1982.8
20.001     2100     1982.8
20.004     2098     1982.8
20.004     2098     1982.8
20.004     2100     1982.8
             
