20.190     2040     1995.2
20.038     2051     1995.2
20.038     2040     1995.2
20.190     2040     1995.2
20.190     2042     1995.2
20.190     2042     1995.2
20.190     2040     1995.2
20.038     2040     1995.2
20.038     2051     1995.2
20.038     2040     1995.2
             
20.082     2004     1952.4
20.028     2014     1952.4
20.028     2004     1952.4
20.082     2004     1952.4
20.082     2006     1952.4
20.082     2006     1952.4
20.082     2004     1952.4
20.028     2004     1952.4
20.028     2014     1952.4
20.028     2004     1952.4
             
20.165     1917     1864.6
20.051     1919     1864.6
20.051     1919     1864.6
20.165     1917     1864.6
20.165     1919     1864.6
20.165     1919     1864.6
20.165     1917     1864.6
20.051     1919     1864.6
20.051     1919     1864.6
20.051     1917     1864.6
             
20.118     1965     1912.6
20.155     1961     1912.6
20.155     1967     1912.6
20.118     1965     1912.6
20.155     1961     1912.6
20.155     1961     1912.6
20.118     1965     1912.6
20.155     1967     1912.6
20.155     1961     1912.6
20.118     1961     1912.6
             
20.025     2053     1951
20.206     2051     1951
20.206     2051     1951
20.025     2053     1951
20.206     2053     1951
20.206     2053     1951
20.025     2053     1951
20.206     2051     1951
20.206     2051     1951
20.025     2051     1951
             
20.166     1936     1901.8
20.040     1949     1901.8
20.040     1936     1901.8
20.166     1936     1901.8
20.166     1947     1901.8
20.166     1947     1901.8
20.166     1936     1901.8
20.040     1936     1901.8
20.040     1949     1901.8
20.040     1936     1901.8
             
20.107     1980     1917.6
20.222     1982     1917.6
20.222     1982     1917.6
20.107     1980     1917.6
20.222     1982     1917.6
20.222     1982     1917.6
20.107     1980     1917.6
20.222     1982     1917.6
20.222     1982     1917.6
20.107     1980     1917.6
             
20.085     2088     2002.8
20.126     2085     2002.8
20.126     2085     2002.8
20.085     2088     2002.8
20.126     2088     2002.8
20.126     2088     2002.8
20.085     2088     2002.8
20.126     2085     2002.8
20.126     2085     2002.8
20.085     2085     2002.8
             
20.037     1967     1914.4
20.100     1982     1914.4
20.100     1967     1914.4
20.037     1967     1914.4
20.100     1979     1914.4
20.100     1979     1914.4
20.037     1967     1914.4
20.100     1967     1914.4
20.100     1982     1914.4
20.037     1967     1914.4
             
20.123     2046     1982.8
20.070     2056     1982.8
20.070     2046     1982.8
20.123     2046     1982.8
20.123     2046     1982.8
20.123     2046     1982.8
20.123     2046     1982.8
20.070     2046     1982.8
20.070     2056     1982.8
20.070     2046     1982.8
             
