1     99     185     1668
2     3     43     410
3     34     71     977
4     40     32     367
5     17     109     1428
6     11     161     320
7     41     95     774
8     67     80     1393
9     5     131     306
10     45     171     1068
11     40     181     302
12     81     147     1899
13     9     117     181
14     4     16     1578
15     23     159     33
16     60     132     1006
17     44     61     26
18     5     190     1117
19     73     52     482
20     89     158     110
21     28     91     247
22     92     52     1081
23     58     179     307
24     74     45     298
25     39     97     1503
26     12     79     214
27     95     193     553
28     5     160     602
29     97     191     1001
30     63     86     274
31     82     191     448
32     87     189     1189
33     20     65     145
34     58     163     490
35     95     99     470
36     52     46     267
37     27     49     347
38     70     150     1577
39     85     2     234
40     50     85     379
41     5     118     1126
42     60     65     268
43     45     157     1375
44     13     173     100
45     95     197     190
46     38     54     490
47     36     4     1258
48     98     109     141
49     92     84     662
50     11     100     876
51     75     106     994
52     73     42     114
53     83     4     924
54     97     14     1636
55     26     62     147
56     44     84     1716
57     86     62     146
58     95     26     1924
59     25     161     412
60     32     25     1738
61     87     95     355
62     98     194     7
63     92     191     159
64     9     83     1121
65     96     152     84
66     43     136     947
67     54     179     1274
68     79     121     7
69     99     122     137
70     9     79     837
71     74     141     1
72     82     42     1731
73     83     154     478
74     65     167     1846
75     83     69     425
76     35     18     1837
77     37     92     252
78     3     198     1514
79     40     77     132
80     29     65     1363
81     3     51     6
82     63     52     1452
83     52     111     107
84     67     106     1723
85     47     65     388
86     15     69     375
87     94     162     1898
88     36     33     344
89     14     7     332
90     60     72     169
91     26     74     148
92     13     107     558
93     46     105     563
94     75     81     633
95     96     121     964
96     22     47     230
97     68     148     1722
98     98     194     7
99     4     182     1499
100     94     70     125
101     10     165     1087
102     17     5     297
103     42     26     924
104     96     102     718
105     94     65     1820
106     11     136     37
107     39     47     1295
108     92     185     192
109     82     188     937
110     28     160     1743
111     70     67     214
112     31     77     635
113     30     14     587
114     98     145     1208
115     89     179     3
116     46     62     94
117     46     114     1125
118     23     199     160
119     38     47     145
120     43     67     1593
121     37     4     140
122     18     139     325
123     40     98     1923
124     74     183     20
125     5     13     1707
126     26     188     150
127     91     69     423
128     89     56     1437
129     3     118     65
130     62     30     746
131     89     133     1106
132     67     181     60
133     43     55     618
134     18     49     1902
135     27     52     38
136     21     19     726
137     87     48     1214
138     67     184     166
139     36     77     1284
140     27     131     279
141     17     41     1813
142     50     72     70
143     39     140     1134
144     55     129     234
145     83     63     26
146     49     132     784
147     87     90     1303
148     39     22     109
149     71     44     698
150     73     31     755
151     72     17     1610
152     52     159     159
153     22     137     819
154     68     90     662
155     10     147     156
156     87     145     535
157     21     51     1760
158     31     178     274
159     92     2     1526
160     29     36     414
161     47     25     666
162     62     4     244
163     34     99     1737
164     14     116     343
165     53     142     29
166     22     136     822
167     70     108     840
168     89     52     29
169     51     178     328
170     86     174     99
171     68     193     323
172     69     187     1738
173     60     113     25
174     86     130     1036
175     68     166     137
176     62     55     827
177     84     100     709
178     73     82     165
179     1     118     163
180     22     72     1372
181     17     15     104
182     21     37     93
183     31     82     1773
184     52     64     26
185     51     12     1529
186     35     189     122
187     9     163     1315
188     24     194     121
189     86     199     1168
190     36     81     398
191     33     59     700
192     60     18     692
193     94     132     1231
194     57     90     125
195     56     125     957
196     45     146     1020
197     80     51     219
198     92     98     1603
199     93     84     403
200     43     25     418
201     92     82     884
202     25     16     1272
203     9     154     162
204     43     118     1903
205     91     35     205
206     57     73     1541
207     18     118     198
208     35     103     213
209     9     22     144
210     4     183     1117
211     43     70     191
212     19     16     426
213     38     180     917
214     94     111     347
215     14     47     1903
216     83     98     147
217     74     29     879
218     98     152     912
219     73     146     549
220     82     102     944
221     85     36     1140
222     56     98     262
223     28     46     1074
224     63     179     208
225     87     112     1279
226     11     3     271
227     68     190     930
228     43     82     1322
229     69     25     163
230     46     59     979
231     85     178     25
232     25     135     633
233     58     125     1621
234     8     107     226
235     25     72     1572
236     5     112     371
237     29     161     1673
238     36     89     358
239     43     80     274
240     23     59     1796
241     93     81     108
242     13     71     212
243     33     39     220
244     39     116     719
245     53     130     669
246     48     182     1847
247     12     110     479
248     74     92     1135
249     82     72     0
250     72     42     469
251     35     53     595
252     80     22     995
253     13     196     459
254     44     161     407
255     34     193     115
256     26     52     555
257     11     29     1698
258     44     99     268
259     32     153     300
260     57     184     1468
261     67     82     377
262     51     162     567
263     72     30     1435
264     4     151     305
265     64     133     96
266     61     89     1847
267     73     163     254
268     98     75     150
269     36     63     1379
270     14     196     325
271     34     37     545
272     70     51     500
273     47     43     1123
274     7     65     272
275     41     124     682
276     97     168     60
277     1     190     1864
278     51     95     222
279     51     25     1665
280     37     21     431
281     12     67     836
282     81     65     230
283     95     116     82
284     49     115     825
285     26     93     146
286     66     125     670
287     98     73     244
288     80     165     371
289     41     27     461
290     94     143     531
291     96     120     625
292     48     131     1053
293     51     36     255
294     46     119     1800
295     58     126     377
296     78     135     1149
297     84     66     177
298     49     55     1908
299     18     147     370
300     58     52     641
