30.001     3827     3668.13
30.001     3826     3668.13
30.001     3810     3668.13
30.001     3817     3668.13
30.001     3827     3668.13
30.001     3827     3668.13
30.001     3817     3668.13
30.001     3810     3668.13
30.001     3826     3668.13
30.001     3827     3668.13
             
30.001     3927     3772.5
30.001     3920     3772.5
30.001     3944     3772.5
30.001     3914     3772.5
30.006     3904     3772.5
30.006     3904     3772.5
30.001     3914     3772.5
30.001     3944     3772.5
30.001     3920     3772.5
30.001     3927     3772.5
             
30.001     3791     3634.88
30.001     3800     3634.88
30.006     3804     3634.88
30.001     3774     3634.88
30.001     3792     3634.88
30.001     3792     3634.88
30.001     3774     3634.88
30.006     3804     3634.88
30.001     3800     3634.88
30.001     3800     3634.88
             
30.007     3820     3697.88
30.001     3843     3697.88
30.001     3810     3697.88
30.001     3837     3697.88
30.001     3810     3697.88
30.001     3810     3697.88
30.001     3837     3697.88
30.001     3810     3697.88
30.001     3843     3697.88
30.007     3843     3697.88
             
30.001     3745     3596.25
30.001     3750     3596.25
30.001     3724     3596.25
30.001     3761     3596.25
30.002     3736     3596.25
30.002     3736     3596.25
30.001     3761     3596.25
30.001     3724     3596.25
30.001     3750     3596.25
30.001     3750     3596.25
             
30.001     3708     3579.38
30.002     3723     3579.38
30.001     3702     3579.38
30.001     3704     3579.38
30.001     3707     3579.38
30.001     3707     3579.38
30.001     3704     3579.38
30.001     3702     3579.38
30.002     3723     3579.38
30.002     3723     3579.38
             
30.001     3790     3655.75
30.001     3797     3655.75
30.002     3813     3655.75
30.004     3826     3655.75
30.002     3821     3655.75
30.002     3821     3655.75
30.004     3826     3655.75
30.002     3813     3655.75
30.001     3797     3655.75
30.001     3797     3655.75
             
30.001     3814     3647.75
30.007     3781     3647.75
30.001     3796     3647.75
30.001     3808     3647.75
30.001     3810     3647.75
30.001     3810     3647.75
30.001     3808     3647.75
30.001     3796     3647.75
30.007     3781     3647.75
30.007     3814     3647.75
             
30.001     3943     3793
30.001     3953     3793
30.001     3966     3793
30.001     3982     3793
30.001     3967     3793
30.001     3967     3793
30.001     3982     3793
30.001     3966     3793
30.001     3953     3793
30.001     3953     3793
             
30.001     3866     3694.63
30.001     3847     3694.63
30.001     3859     3694.63
30.001     3860     3694.63
30.001     3862     3694.63
30.001     3862     3694.63
30.001     3860     3694.63
30.001     3859     3694.63
30.001     3847     3694.63
30.001     3866     3694.63
             
