1        4        2       19
2        6        7       25
3        8        8       98
4        6        8       83
5        4        9       48
6        6        4       17
7       12        7       87
8        7        7       95
9        4        7       31
10       13        8       61
11       12        1        7
12       10        6       41
13        5        7       74
14       11        8       64
15        8        8      108
16        9        3       57
17       13        2       96
18       13        5       81
19        5        7       55
20       11        5       11
21        4        8      117
22       13        8       59
23       10        7       89
24        5        9       68
25        6        9       80
26       11        2       69
27       11        3       19
28        7        7       22
29        4        6       66
30        7        9       75
31       13        3      115
32        9        4       25
33        3        9       83
34        7        2       77
35        9        5       39
36       11        7        2
37       10        7      103
38        3        1       71
39       15        7      103
40        7        5       24
41       14        6       25
42        8        9       73
43       14        7       38
44        6        9       36
45        4        7       87
46        4        5      103
47       12        3      105
48        6        2       89
49        8        8       62
50       14        2       75
51       12        5       20
52        8        4       21
53        3        2        7
54        5        4        1
55        5        4       25
56        7        8       30
57        6        3       82
58       15        7       60
59       14        6      114
60       11        9       32
61        4        6       42
62        9        6       23
63       13        4       89
64       10        7        6
65        6        4       66
66       14        2       39
67        6        3       78
68       12        6       16
69        9        5       14
70       12        9       63
71        4        2      113
72       11        3      116
73       13        7       37
74       10        2       60
75        9        7       80
76       15        4      103
77        3        1       85
78        4        4       34
79        5        3       91
80        8        9      117
81        7        7      111
82       10        7       86
83       15        4      110
84       10        7       56
85       14        3       68
86       12        9       30
87        3        1       15
88       11        3        6
89        9        4       41
90        7        1       93
91        7        2       64
92        4        5      110
93        4        5      103
94       15        7      108
95       10        5      119
96        7        2       52
97       15        7       95
98       14        6       21
99       14        5       37
100        5        8       83
