1     55     44     2223
2     50     88     308
3     95     11     279
4     34     49     230
5     27     90     679
6     12     88     2729
7     80     11     619
8     78     10     1288
9     44     35     2294
10     97     20     687
11     95     61     383
12     39     61     438
13     40     32     2062
14     34     79     95
15     75     34     1690
16     55     61     102
17     1     50     469
18     87     71     2575
19     57     96     523
20     56     32     1898
21     38     15     557
22     29     28     1106
23     95     79     370
24     76     2     992
25     72     78     2648
26     82     90     318
27     49     82     1103
28     74     30     1805
29     40     94     473
30     91     32     166
31     91     4     2359
32     17     76     227
33     61     25     1261
34     92     47     1802
35     41     2     383
36     84     66     866
37     94     2     1258
38     53     75     502
39     46     18     1150
40     11     47     538
41     62     45     1129
42     21     1     1193
43     49     42     303
44     88     39     1811
45     40     31     489
46     91     72     1095
47     48     63     96
48     39     38     1003
49     2     56     1447
50     21     23     226
