1     91     80     1629
2     12     60     424
3     17     12     1785
4     72     50     461
5     41     23     149
6     71     79     827
7     99     63     1341
8     35     9     31
9     49     66     1556
10     95     72     257
11     34     10     1292
12     20     37     524
13     85     8     915
14     14     24     1740
15     19     40     525
16     7     13     1759
17     67     19     602
18     92     86     385
19     66     53     2250
20     42     32     307
21     57     46     788
22     95     39     1084
23     31     92     358
24     43     66     2412
25     31     11     94
26     41     40     24
27     47     40     600
28     88     86     843
29     44     86     544
30     42     8     934
31     75     36     1099
32     28     87     857
33     87     75     1162
34     8     83     1158
35     33     57     504
36     34     23     711
37     1     63     556
38     95     65     1282
39     37     76     599
40     3     36     1430
41     73     56     280
42     23     35     297
43     77     43     1149
44     58     58     1260
45     46     43     560
46     29     95     1256
47     49     67     590
48     36     99     2319
49     83     84     4
50     55     80     1083
