1     58     37     4781
2     25     36     1734
3     13     16     5255
4     31     26     644
5     60     26     4779
6     94     22     1384
7     34     11     130
8     11     43     6612
9     17     16     728
10     48     9     2514
11     25     40     5364
12     16     22     1290
13     45     10     1943
14     54     9     7924
15     75     11     1138
16     20     28     5589
17     80     17     1203
18     14     27     7944
19     42     7     912
20     74     45     4705
21     7     11     1552
22     66     38     454
23     74     14     8813
24     96     26     2322
25     17     22     6291
26     46     32     121
27     96     35     8358
28     57     25     1070
29     64     9     2895
30     16     36     4404
31     59     27     2999
32     72     28     7313
33     56     46     1926
34     25     1     8475
35     95     45     2195
36     56     30     379
37     20     38     6203
38     98     35     2191
39     82     8     1837
40     66     27     6211
41     47     16     557
42     29     1     956
43     81     11     5226
44     46     14     1799
45     41     28     2020
46     14     27     3327
47     49     33     5035
48     93     48     1919
49     35     7     1220
50     29     4     3764
51     27     47     3642
52     87     28     5443
53     35     42     723
54     77     28     1763
55     7     24     9306
56     76     36     1405
57     71     39     7320
58     46     27     2087
59     49     11     3884
60     29     49     452
61     54     28     5462
62     91     38     1269
63     39     37     317
64     4     18     1608
65     41     14     5359
66     72     36     60
67     40     8     6503
68     37     29     725
69     89     40     8978
70     28     24     950
71     57     36     9481
72     86     24     79
73     32     15     1620
74     96     41     6365
75     27     23     692
76     9     29     5839
77     48     44     2196
78     53     18     3471
79     27     33     7783
80     55     24     1618
81     44     31     7886
82     79     3     615
83     9     10     7310
84     24     45     1640
85     50     1     8622
86     1     21     1793
87     58     49     9487
88     74     36     2332
89     16     45     8683
90     96     29     938
91     51     9     8587
92     83     46     375
93     16     31     2783
94     86     22     3565
95     80     30     8538
96     52     5     2275
97     31     31     8936
98     53     28     1694
99     1     34     5613
100     97     42     2206
101     60     18     4638
102     58     13     5658
103     29     43     2324
104     4     22     7107
105     94     16     1945
106     90     40     4321
107     2     43     7393
108     21     5     75
109     55     14     2153
110     55     31     5173
111     44     37     2183
112     5     34     3277
113     99     22     4246
114     71     30     5472
115     15     1     1898
116     9     27     3985
117     67     33     3328
118     78     42     3066
119     2     33     6523
120     49     35     1814
121     33     6     1136
122     13     2     8367
123     34     29     2175
124     29     40     4885
125     4     4     1462
126     93     35     4519
127     74     22     3047
128     24     47     6317
129     54     1     678
130     4     10     3306
131     39     17     2927
132     79     46     1355
133     82     10     3216
134     48     30     4517
135     41     24     4159
136     64     19     4587
137     14     24     1886
138     77     20     2455
139     96     42     740
140     97     27     7187
141     58     21     1980
142     10     14     1186
143     22     7     8330
144     23     12     762
145     96     17     3029
146     85     27     7245
147     53     39     68
148     5     5     7228
149     19     12     2112
150     74     8     4590
151     87     45     7830
152     79     11     1904
153     2     15     1091
154     42     28     1349
155     29     33     8590
156     88     31     1951
157     38     17     3155
158     87     17     9223
159     17     39     2108
160     28     18     2894
161     53     2     4193
162     82     17     3682
163     47     37     2222
164     94     20     1672
165     20     22     1114
166     3     25     2667
167     77     27     2290
168     24     3     6365
169     23     22     68
170     15     23     8097
171     36     37     1216
172     15     45     2489
173     8     21     8717
174     7     18     1191
175     60     40     7548
176     21     9     883
177     39     24     3807
178     10     5     1928
179     55     37     8969
180     6     21     245
181     6     11     6136
182     50     14     1294
183     24     43     2066
184     75     15     1020
185     33     29     1662
186     17     14     1504
187     89     2     1260
188     84     2     4355
189     86     29     2272
190     47     22     1868
191     72     21     5532
192     3     23     1766
193     2     34     8975
194     77     43     700
195     80     46     7298
196     55     14     934
197     52     10     8677
198     30     14     701
199     70     29     8737
200     79     27     2011
