50.382      6679      6509
50.878      6679      6509
50.831      6679      6509
50.587      6679      6509
50.893      6679      6509
50.382      6679      6509
50.878      6679      6509
50.831      6679      6509
50.587      6679      6509
50.893      6679      6509

50.565      6539    6431.5
50.159      6533    6431.5
50.649      6563    6431.5
50.768      6546    6431.5
50.159      6533    6431.5
50.565      6539    6431.5
50.159      6533    6431.5
50.649      6546    6431.5
50.768      6546    6431.5
50.159      6533    6431.5

50.601      6429    6390.5
50.268      6433    6390.5
50.143      6419    6390.5
50.737      6431    6390.5
50.244      6421    6390.5
50.601      6429    6390.5
50.268      6429    6390.5
50.143      6419    6390.5
50.737      6431    6390.5
50.244      6421    6390.5

50.362      6721      6570
50.143      6722      6570
50.534      6721      6570
50.382      6721      6570
50.018      6721      6570
50.362      6721      6570
50.143      6722      6570
50.534      6721      6570
50.382      6721      6570
50.018      6721      6570

50.675      6545      6453
50.242      6545      6453
50.768      6545      6453
50.065      6560      6453
50.081      6560      6453
50.675      6560      6453
50.242      6545      6453
50.768      6545      6453
50.065      6560      6453
50.081      6560      6453

50.664      6646    6480.5
50.502      6631    6480.5
50.674      6631    6480.5
50.213      6646    6480.5
50.518      6646    6480.5
50.664      6646    6480.5
50.502      6631    6480.5
50.674      6631    6480.5
50.213      6631    6480.5
50.518      6631    6480.5

50.753      6600      6523
50.55      6599      6523
50.65      6600      6523
50.19      6606      6523
50.816      6611      6523
50.753      6600      6523
50.55      6599      6523
50.65      6600      6523
50.19      6606      6523
50.816      6600      6523

50.041      6285      6207
50.19      6285      6207
50.081      6286      6207
50.159      6286      6207
50.836      6285      6207
50.041      6285      6207
50.19      6285      6207
50.081      6289      6207
50.159      6286      6207
50.836      6285      6207

50.815      6776      6573
50.252      6764      6573
50.284      6776      6573
50.85      6761      6573
50.612      6776      6573
50.815      6776      6573
50.252      6764      6573
50.284      6776      6573
50.85      6761      6573
50.612      6776      6573

50.097      6683      6528
50.335      6668      6528
50.221      6668      6528
50.362      6668      6528
50.627      6683      6528
50.097      6683      6528
50.335      6668      6528
50.221      6668      6528
50.362      6668      6528
50.627      6683      6528

