50.038      6694      6509
50.034      6679      6509
50.065      6679      6509
50.055      6679      6509
50.034      6679      6509
50.038      6694      6509
50.034      6694      6509
50.065      6679      6509
50.055      6679      6509
50.034      6679      6509

50.096      6567    6431.5
50.065      6593    6431.5
50.024      6608    6431.5
50.018      6593    6431.5
50.034      6593    6431.5
50.096      6567    6431.5
50.065      6593    6431.5
50.024      6608    6431.5
50.018      6593    6431.5
50.034      6563    6431.5

50.096      6466    6390.5
50.007      6451    6390.5
50.034      6481    6390.5
50.112      6481    6390.5
50.053      6467    6390.5
50.096      6466    6390.5
50.007      6481    6390.5
50.034      6481    6390.5
50.112      6481    6390.5
50.053      6467    6390.5

50.08      6736      6570
50.128      6738      6570
50.002      6737      6570
50.038      6723      6570
50.049      6738      6570
50.08      6736      6570
50.128      6738      6570
50.002      6737      6570
50.038      6737      6570
50.049      6738      6570

50.096      6575      6453
50.008      6575      6453
50.003      6575      6453
50.127      6560      6453
50.065      6560      6453
50.096      6575      6453
50.008      6575      6453
50.003      6575      6453
50.127      6560      6453
50.065      6560      6453

50.038      6631    6480.5
50.018      6631    6480.5
50.034      6646    6480.5
50.033      6631    6480.5
50.054      6646    6480.5
50.038      6646    6480.5
50.018      6631    6480.5
50.034      6646    6480.5
50.033      6631    6480.5
50.054      6631    6480.5

50.034      6688      6523
50.002      6688      6523
50.039      6703      6523
50.018      6703      6523
50.05      6689      6523
50.034      6688      6523
50.002      6688      6523
50.039      6703      6523
50.018      6674      6523
50.05      6689      6523

50.002      6309      6207
50.101      6294      6207
50.003      6294      6207
50.096      6294      6207
50.022      6309      6207
50.002      6309      6207
50.101      6294      6207
50.003      6294      6207
50.096      6294      6207
50.022      6309      6207

50.097      6779      6573
50.002      6784      6573
50.128      6784      6573
50.007      6769      6573
50.003      6779      6573
50.097      6779      6573
50.002      6779      6573
50.128      6784      6573
50.007      6779      6573
50.003      6779      6573

50.065      6713      6528
50.081      6668      6528
50.131      6690      6528
50.018      6679      6528
50.065      6669      6528
50.065      6713      6528
50.081      6679      6528
50.131      6690      6528
50.018      6679      6528
50.065      6669      6528

