20.006     10573     10016.5
20.008     10475     10016.5
20.008     10475     10016.5
20.006     10573     10016.5
20.008     10573     10016.5
20.008     10573     10016.5
20.006     10573     10016.5
20.008     10475     10016.5
20.008     10475     10016.5
20.008     10573     10016.5
             
20.001     10429     10041
20.008     10367     10041
20.008     10367     10041
20.001     10429     10041
20.008     10429     10041
20.008     10429     10041
20.001     10429     10041
20.008     10367     10041
20.008     10367     10041
20.008     10429     10041
             
20.017     10567     10168
20.017     10530     10168
20.017     10530     10168
20.017     10567     10168
20.017     10567     10168
20.017     10567     10168
20.017     10567     10168
20.017     10530     10168
20.017     10530     10168
20.017     10567     10168
             
20.014     10327     9776
20.010     10274     9776
20.010     10274     9776
20.014     10327     9776
20.014     10327     9776
20.014     10327     9776
20.014     10327     9776
20.010     10274     9776
20.010     10274     9776
20.014     10327     9776
             
20.010     10497     10334
20.003     10432     10334
20.003     10432     10334
20.010     10497     10334
20.010     10497     10334
20.010     10497     10334
20.010     10497     10334
20.003     10432     10334
20.003     10432     10334
20.010     10497     10334
             
0.022     10327     10327
0.022     10327     10327
0.022     10327     10327
0.022     10327     10327
0.022     10327     10327
0.022     10327     10327
0.022     10327     10327
0.022     10327     10327
0.022     10327     10327
0.022     10327     10327
             
20.013     10454     10041
20.015     10458     10041
20.015     10458     10041
20.013     10454     10041
20.015     10458     10041
20.015     10458     10041
20.013     10454     10041
20.015     10458     10041
20.015     10458     10041
20.015     10458     10041
             
20.002     10363     9726.5
20.021     10322     9726.5
20.021     10322     9726.5
20.002     10363     9726.5
20.021     10363     9726.5
20.021     10363     9726.5
20.002     10363     9726.5
20.021     10322     9726.5
20.021     10322     9726.5
20.021     10363     9726.5
             
20.003     10394     10128
20.004     10394     10128
20.004     10394     10128
20.003     10394     10128
20.004     10394     10128
20.004     10394     10128
20.003     10394     10128
20.004     10394     10128
20.004     10394     10128
20.004     10394     10128
             
20.018     10535     10451
20.008     10535     10451
20.008     10535     10451
20.018     10535     10451
20.018     10535     10451
20.018     10535     10451
20.018     10535     10451
20.008     10535     10451
20.008     10535     10451
20.018     10535     10451
             
