30.001     15065     14767.5
30.035     15114     14767.5
30.035     15114     14767.5
30.001     15065     14767.5
30.035     15114     14767.5
30.035     15114     14767.5
30.001     15065     14767.5
30.035     15114     14767.5
30.035     15114     14767.5
30.035     15114     14767.5
             
30.189     15897     15443.5
30.098     15894     15443.5
30.098     15894     15443.5
30.189     15897     15443.5
30.189     15894     15443.5
30.189     15894     15443.5
30.189     15897     15443.5
30.098     15894     15443.5
30.098     15894     15443.5
30.189     15897     15443.5
             
30.002     15102     14747
30.034     15053     14747
30.034     15053     14747
30.002     15102     14747
30.034     15102     14747
30.034     15102     14747
30.002     15102     14747
30.034     15053     14747
30.034     15053     14747
30.034     15102     14747
             
30.005     15377     15118.5
30.048     15377     15118.5
30.048     15377     15118.5
30.005     15377     15118.5
30.048     15377     15118.5
30.048     15377     15118.5
30.005     15377     15118.5
30.048     15377     15118.5
30.048     15377     15118.5
30.048     15377     15118.5
             
30.003     15324     14876.5
30.738     15324     14876.5
30.738     15324     14876.5
30.003     15324     14876.5
30.738     15324     14876.5
30.738     15324     14876.5
30.003     15324     14876.5
30.738     15324     14876.5
30.738     15324     14876.5
30.738     15324     14876.5
             
30.050     15077     14775
30.016     15127     14775
30.016     15127     14775
30.050     15077     14775
30.050     15077     14775
30.050     15077     14775
30.050     15077     14775
30.016     15127     14775
30.016     15127     14775
30.050     15127     14775
             
30.035     15104     14749
30.033     15146     14749
30.033     15146     14749
30.035     15104     14749
30.035     15146     14749
30.035     15146     14749
30.035     15104     14749
30.033     15146     14749
30.033     15146     14749
30.035     15146     14749
             
30.034     15128     14825.5
30.003     15106     14825.5
30.003     15106     14825.5
30.034     15128     14825.5
30.034     15128     14825.5
30.034     15128     14825.5
30.034     15128     14825.5
30.003     15106     14825.5
30.003     15106     14825.5
30.034     15128     14825.5
             
30.005     15814     15514
30.019     15863     15514
30.019     15768     15514
30.005     15814     15514
30.019     15814     15514
30.019     15814     15514
30.005     15814     15514
30.019     15768     15514
30.019     15863     15514
30.019     15863     15514
             
30.020     15966     15515.5
30.004     15916     15515.5
30.004     15916     15515.5
30.020     15966     15515.5
30.020     15966     15515.5
30.020     15966     15515.5
30.020     15966     15515.5
30.004     15916     15515.5
30.004     15916     15515.5
30.020     15966     15515.5
             
