1     118     48     2195
2     144     5     1453
3     110     38     5712
4     104     44     11326
5     124     34     733
6     66     46     6163
7     58     24     11938
8     17     44     1305
9     145     18     6443
10     180     43     3350
11     89     7     6439
12     140     30     10979
13     170     26     2255
14     116     40     4301
15     99     48     885
16     197     38     7118
17     112     11     414
18     122     1     7736
19     68     1     2233
20     151     7     4593
21     117     36     10152
22     103     2     730
23     178     15     12415
24     107     2     1834
25     131     18     12449
26     181     20     330
27     105     15     8769
28     181     2     461
29     169     13     8808
30     36     6     41
31     5     47     12668
32     12     24     1887
33     134     17     12820
34     98     12     2498
35     80     49     8931
36     80     31     3191
37     97     25     4539
38     199     42     1052
39     93     38     9634
40     6     27     961
41     3     25     12365
42     7     1     1866
43     72     37     9681
44     172     19     3194
45     53     27     7678
46     146     40     1188
47     59     41     427
48     121     8     4135
49     10     22     6448
50     171     3     12193
51     182     42     2038
52     3     6     3663
53     126     18     7681
54     192     23     742
55     168     42     3811
56     67     1     7762
57     63     1     2951
58     57     24     3495
59     117     24     7693
60     137     12     1943
61     151     23     6059
62     139     10     4589
63     58     48     3194
64     60     42     9262
65     75     7     911
66     199     25     12828
67     41     20     2739
68     142     17     7606
69     47     47     38
70     6     25     11996
71     116     27     2065
72     20     47     12647
73     134     39     3089
74     22     18     905
75     138     46     8530
76     198     28     2935
77     18     46     3682
78     128     36     4458
79     143     26     6010
80     100     1     11774
81     186     23     3126
82     135     47     7496
83     157     32     2311
84     161     17     3509
85     35     43     9109
86     139     33     2115
87     138     14     3656
88     27     5     8211
89     111     30     1010
90     16     47     4583
91     118     28     11433
92     44     38     2677
93     31     5     10560
94     161     42     1897
95     54     17     9152
96     141     13     568
97     134     10     8467
98     169     44     2598
99     154     42     5829
100     129     2     10836
101     62     30     704
102     101     45     3699
103     84     40     10841
104     189     17     153
105     180     13     6301
106     177     11     451
107     81     26     7325
108     147     42     226
109     67     25     3729
110     85     38     12286
111     140     36     3055
112     106     25     3873
113     160     6     11001
114     83     32     1551
115     28     42     10065
116     117     16     3175
117     165     32     12412
118     10     40     1450
119     168     11     4834
120     60     7     4496
121     139     28     3638
122     197     18     4946
123     187     8     799
124     132     11     730
125     199     30     7770
126     3     21     111
127     103     35     6945
128     60     31     2485
129     14     13     7557
130     194     33     155
131     142     38     1927
132     27     25     2551
133     82     12     2474
134     169     43     7826
135     162     40     2354
136     111     44     7634
137     108     20     87
138     109     5     10590
139     167     28     2575
140     118     18     7806
141     140     27     2580
142     40     15     12537
143     5     31     668
144     20     45     6311
145     198     8     1234
146     33     29     48
147     179     18     7807
148     51     17     803
149     158     30     255
150     100     44     9300
151     104     9     2131
152     122     19     12641
153     129     11     2441
154     98     34     723
155     125     8     4029
156     97     32     3661
157     138     20     6190
158     119     33     8377
159     195     23     1034
160     42     38     5181
161     155     28     11383
162     166     37     1225
163     163     12     10891
164     16     37     3048
165     70     41     8763
166     166     26     491
167     150     23     45
168     85     8     4191
169     99     21     1378
170     4     33     594
171     125     22     1144
172     44     43     8079
173     5     42     321
174     98     40     9778
175     9     13     735
176     128     8     377
177     198     12     7470
178     97     17     766
179     159     42     9820
180     196     27     312
181     133     5     7689
182     198     22     104
183     22     31     12407
184     74     7     748
185     101     4     12115
186     2     27     1465
187     13     49     6851
188     185     25     324
189     13     3     286
190     15     21     3083
191     175     26     10401
192     69     27     3012
193     79     33     11689
194     41     41     537
195     195     23     56
196     71     25     11583
197     140     12     767
198     1     20     7120
199     86     46     2163
200     87     49     10958
201     128     48     2023
202     41     13     9841
203     16     35     540
204     171     7     2808
205     67     1     9164
206     39     42     174
207     179     45     12270
208     120     49     2112
209     5     40     2731
210     128     4     3999
211     167     42     1042
212     20     26     7877
213     7     17     3194
214     100     5     10280
215     7     26     1237
216     87     3     2496
217     55     7     5461
218     136     12     1952
219     116     33     2946
220     95     11     9416
221     153     41     2233
222     5     11     1263
223     80     35     2223
224     96     20     11704
225     69     40     2
226     68     40     7212
227     6     8     1192
228     11     47     12619
229     24     5     734
230     142     8     12321
231     37     17     2038
232     109     36     1630
233     60     5     12204
234     118     39     1622
235     198     2     4804
236     159     25     11650
237     138     20     2429
238     59     40     3500
239     12     4     12596
240     82     31     1471
241     145     37     1758
242     45     15     10871
243     187     12     586
244     199     41     5418
245     21     8     1928
246     39     4     389
247     105     48     9555
248     38     44     1435
249     58     34     8979
250     156     5     1819
251     131     3     3054
252     31     33     8286
253     25     30     141
254     88     45     9882
255     159     26     2918
256     167     1     296
257     134     37     63
258     145     32     3304
259     40     14     8511
260     147     16     1796
261     168     32     1270
262     137     36     9157
263     17     24     1123
264     67     8     12279
265     146     23     706
266     183     31     1848
267     51     15     6880
268     65     3     2475
269     18     9     348
270     63     9     6503
271     126     45     2977
272     95     2     11960
273     6     42     2968
274     10     5     8587
275     41     1     2756
276     99     22     7395
277     138     31     39
278     163     16     4777
279     41     29     6060
280     190     33     8107
281     80     33     2830
282     72     11     6715
283     140     27     168
284     123     40     6944
285     148     9     2377
286     14     32     11727
287     101     42     1054
288     191     2     10994
289     85     18     2972
290     129     20     9597
291     106     22     1101
292     51     46     461
293     16     42     3194
294     74     43     10290
295     75     25     1176
296     61     19     8582
297     71     33     3126
298     65     40     6870
299     30     7     163
300     105     30     2482
301     179     29     7678
302     22     32     811
303     14     32     694
304     84     11     2181
305     120     16     4168
306     89     8     9908
307     168     37     27
308     127     17     8645
309     131     28     2401
310     37     40     1652
311     161     45     9292
312     91     23     438
313     149     48     10059
314     77     25     994
315     37     9     11335
316     12     39     494
317     199     32     5910
318     109     8     2269
319     99     11     6349
320     187     39     1107
321     185     24     1195
322     36     11     1726
323     89     49     3909
324     128     10     8799
325     189     38     1816
326     9     18     5931
327     107     13     4253
328     86     12     5799
329     23     38     6153
330     86     23     1788
331     153     35     6330
332     158     1     4070
333     153     46     9679
334     137     47     414
335     63     9     6837
336     103     46     1626
337     5     17     125
338     107     4     12724
339     138     20     2319
340     197     32     9649
341     71     3     2346
342     192     26     9478
343     153     7     776
344     171     39     1946
345     44     1     7574
346     72     6     3001
347     133     13     9264
348     70     18     2394
349     150     6     12716
350     118     12     466
351     151     48     7482
352     92     13     2598
353     72     17     5849
354     185     2     10001
355     79     33     2168
356     38     48     9982
357     7     20     1225
358     133     6     5153
359     139     26     3524
360     125     27     2681
361     50     5     4496
362     192     13     381
363     122     8     3824
364     112     40     510
365     100     33     7686
366     56     34     888
367     187     37     6101
368     142     43     3614
369     108     41     1539
370     120     7     1387
371     135     49     5513
372     5     37     8473
373     81     8     1043
374     182     42     11816
375     87     49     3125
376     175     3     1666
377     155     23     4274
378     34     31     9882
379     174     6     2674
380     130     42     7725
381     159     5     3206
382     117     23     4140
383     106     49     7083
384     170     14     2717
385     179     5     7028
386     89     11     1953
387     115     33     5910
388     63     24     4694
389     11     47     9598
390     1     21     311
391     170     32     7014
392     57     21     438
393     94     25     223
394     199     38     8749
395     151     41     92
396     115     37     10699
397     103     7     537
398     192     44     3663
399     113     2     1961
400     108     18     6015
401     91     3     2165
402     20     12     6793
403     114     49     693
404     141     6     2309
405     92     17     8905
406     124     38     95
407     40     32     8172
408     42     9     1935
409     23     9     6435
410     174     16     3770
411     61     29     482
412     119     21     655
413     119     36     1787
414     179     49     7300
415     182     12     584
416     47     48     1336
417     164     7     6862
418     53     47     864
419     173     14     721
420     56     35     9579
421     126     5     909
422     112     20     11841
423     29     12     2435
424     158     24     11689
425     88     28     237
426     111     35     7297
427     78     22     3024
428     51     9     7293
429     182     46     17
430     47     38     2006
431     90     30     8166
432     24     9     1280
433     156     15     5610
434     198     18     10844
435     62     43     509
436     181     26     2878
437     118     49     5748
438     60     25     5139
439     146     17     5589
440     134     9     6951
441     133     47     1544
442     88     17     4975
443     187     17     4942
444     134     48     9166
445     71     18     1298
446     156     6     1978
447     58     39     7413
448     171     14     1535
449     125     8     2516
450     180     7     11952
451     86     7     2587
452     69     32     10401
453     5     49     459
454     177     40     3154
455     48     42     7407
456     119     16     595
457     184     20     251
458     3     19     3337
459     158     28     1583
460     39     45     9738
461     62     10     2706
462     32     23     1995
463     172     25     3217
464     131     48     3295
465     120     35     1417
466     106     42     4098
467     147     5     10205
468     70     29     554
469     192     32     5617
470     111     29     8744
471     104     22     1566
472     124     23     10858
473     86     47     2666
474     183     45     7658
475     73     11     6
476     16     34     11627
477     196     25     3016
478     80     34     1704
479     131     35     5901
480     70     15     10563
481     16     11     297
482     180     17     5200
483     60     4     10523
484     144     12     555
485     178     39     7440
486     152     22     69
487     54     30     12589
488     120     21     3213
489     60     15     2340
490     132     41     4042
491     28     25     964
492     61     30     10946
493     175     2     2495
494     42     18     4474
495     36     35     1337
496     84     9     10185
497     88     25     2376
498     151     41     10084
499     15     9     939
500     152     43     7883
