1     51     49     685
2     26     119     157
3     199     65     635
4     31     24     106
5     141     190     971
6     100     19     273
7     66     81     1125
8     155     138     136
9     13     69     1204
10     124     110     299
11     81     168     869
12     145     136     312
13     128     54     556
14     129     183     422
15     165     189     373
16     135     153     534
17     91     107     469
18     55     118     337
19     41     131     561
20     125     154     182
21     199     20     1159
22     180     33     163
23     89     105     209
24     106     162     376
25     158     156     1158
26     74     4     297
27     182     62     635
28     92     2     78
29     77     150     1134
30     181     116     262
31     123     132     638
32     151     181     77
33     91     42     1140
34     178     28     166
35     103     28     119
36     86     62     344
37     195     173     175
38     72     180     395
39     177     174     948
40     35     137     141
41     185     131     171
42     22     32     1073
43     71     88     173
44     4     71     555
45     138     195     823
46     148     107     26
47     112     190     324
48     198     11     13
49     23     112     83
50     197     193     876
51     96     113     129
52     112     128     951
53     51     198     82
54     126     34     151
55     21     130     90
56     95     14     625
57     27     161     698
58     44     104     222
59     185     168     697
60     28     161     70
61     180     112     574
62     64     16     586
63     105     82     250
64     134     87     634
65     127     7     227
66     25     74     398
67     13     145     920
68     194     15     71
69     27     154     445
70     69     18     1189
71     7     95     60
72     82     143     478
73     27     159     131
74     6     5     870
75     18     12     146
76     5     52     702
77     56     150     308
78     99     177     971
79     174     79     40
80     51     165     750
81     193     69     201
82     153     13     221
83     151     29     414
84     79     5     482
85     75     128     942
86     44     105     142
87     19     10     1115
88     141     95     160
89     34     195     1004
90     62     18     292
91     66     62     108
92     34     146     1091
93     64     22     266
94     152     146     980
95     190     79     47
96     115     97     969
97     77     22     38
98     125     192     536
99     81     12     1130
100     105     128     302
101     114     127     553
102     111     142     471
103     188     145     711
104     94     39     307
105     130     12     110
106     12     54     346
107     165     164     334
108     148     174     1066
109     112     69     31
110     164     197     845
111     192     47     43
112     92     104     536
113     143     108     706
114     31     69     26
115     188     154     696
116     195     81     32
117     89     124     456
118     105     133     458
119     141     155     338
120     13     11     365
121     177     13     184
122     88     7     859
123     67     16     79
124     41     164     897
125     62     139     309
126     100     51     1047
127     129     177     221
128     36     62     414
129     62     35     553
130     59     172     526
131     75     111     855
132     56     108     265
133     155     15     729
134     115     196     279
135     179     145     1239
136     148     27     241
137     92     194     501
138     65     173     1161
139     175     193     255
140     56     65     246
141     148     118     1231
142     32     126     29
143     67     95     735
144     160     43     2
145     64     26     673
146     89     67     167
147     154     15     546
148     148     160     277
149     63     135     979
150     185     142     132
151     143     191     217
152     27     84     1046
153     122     166     150
154     150     149     132
155     197     69     484
156     193     182     700
157     18     80     14
158     93     137     73
159     179     172     900
160     171     103     129
161     180     84     608
162     35     88     992
163     36     143     154
164     70     78     819
165     28     119     257
166     67     71     1218
167     129     176     275
168     17     164     37
169     8     15     138
170     110     104     274
171     23     37     146
172     6     51     509
173     18     103     1241
174     158     8     191
175     195     160     988
176     159     80     86
177     23     51     1077
178     162     121     249
179     13     95     73
180     72     194     487
181     141     175     1000
182     3     166     118
183     132     128     190
184     136     94     1119
185     18     140     8
186     100     93     797
187     49     3     310
188     153     112     329
189     89     88     1214
190     171     121     280
191     95     134     940
192     124     75     213
193     146     184     450
194     176     77     1200
195     163     10     166
196     46     9     730
197     11     191     70
198     82     132     26
199     12     70     379
200     198     126     1064
