1     194     98     1235
2     36     118     18
3     109     131     229
4     59     31     710
5     9     33     64
6     195     150     145
7     172     6     808
8     136     111     252
9     58     157     1039
10     111     111     1
11     14     139     995
12     69     157     61
13     193     72     307
14     69     53     541
15     81     199     143
16     172     65     43
17     98     145     505
18     184     104     934
19     151     159     246
20     63     26     440
21     153     16     545
22     167     127     481
23     113     183     651
24     77     8     313
25     120     19     65
26     80     172     147
27     80     46     321
28     61     150     791
29     177     134     44
30     84     42     479
31     124     104     1019
32     33     137     167
33     54     196     784
34     141     28     48
35     74     17     225
36     125     118     568
37     2     83     774
38     141     106     306
39     108     103     39
40     197     7     408
41     1     151     911
42     137     59     4
43     120     191     498
44     99     177     658
45     193     47     259
46     168     163     545
47     43     127     1152
48     5     193     117
49     44     121     666
50     67     121     218
51     129     102     1034
52     26     110     39
53     125     146     611
54     76     42     236
55     198     15     988
56     170     147     305
57     16     107     1214
58     177     32     106
59     150     180     764
60     108     19     234
61     124     71     275
62     29     186     369
63     10     25     215
64     58     86     755
65     88     198     99
66     115     46     1124
67     77     2     235
68     62     184     635
69     161     109     70
70     38     9     702
71     9     100     293
72     70     48     1192
73     60     14     195
74     183     57     862
75     157     171     45
76     172     79     379
77     185     42     625
78     181     144     406
79     14     3     109
80     9     128     525
81     131     148     389
82     117     104     99
83     177     69     75
84     150     13     568
85     67     20     1122
86     15     124     13
87     161     67     500
88     165     107     4
89     148     42     700
90     164     25     213
91     66     75     768
92     48     6     175
93     177     179     309
94     35     149     328
95     174     37     537
96     72     72     411
97     140     179     705
98     72     8     43
99     13     80     114
100     165     194     1084
101     123     82     54
102     99     171     741
103     137     140     172
104     121     98     765
105     103     194     200
106     31     8     165
107     28     165     708
108     157     153     7
109     110     117     722
110     162     136     277
111     37     7     993
112     73     108     103
113     88     65     187
114     134     198     122
115     108     198     384
116     49     25     758
117     171     167     106
118     110     170     732
119     154     109     53
120     101     114     756
121     85     176     264
122     130     181     1121
123     162     52     219
124     75     109     1001
125     61     79     182
126     38     15     141
127     43     57     133
128     150     60     627
129     60     15     722
130     129     28     65
131     129     137     1177
132     109     100     53
133     154     53     547
134     128     88     347
135     75     170     500
136     84     12     35
137     137     17     234
138     171     40     398
139     110     159     757
140     105     42     218
141     197     184     583
142     71     55     592
143     150     1     6
144     199     22     614
145     73     198     657
146     194     188     226
147     75     2     865
148     195     16     71
149     35     190     711
150     194     167     186
151     129     199     150
152     9     61     734
153     96     29     26
154     199     191     1070
155     68     60     243
156     15     93     996
157     22     50     109
158     138     59     1137
159     14     69     25
160     23     191     1198
161     11     183     174
162     39     116     122
163     158     104     390
164     47     154     902
165     122     44     75
166     76     96     775
167     99     126     199
168     24     72     257
169     74     37     45
170     75     103     1007
171     144     105     179
172     18     92     1021
173     146     190     208
174     159     186     14
175     189     181     557
176     80     56     200
177     168     184     130
178     144     189     1260
179     123     67     234
180     48     32     401
181     19     1     864
182     178     10     4
183     132     3     710
184     23     51     173
185     12     192     754
186     12     151     315
187     121     114     6
188     10     73     1072
189     114     78     8
190     132     112     917
191     161     150     105
192     155     1     323
193     69     177     368
194     22     169     344
195     11     19     285
196     43     22     1051
197     75     47     61
198     197     194     1202
199     45     9     311
200     88     20     822
