5     979     915.6
5.001     979     915.6
5     981     915.6
5     981     915.6
5.001     979     915.6
5.001     979     915.6
5     981     915.6
5     981     915.6
5.001     979     915.6
5.001     979     915.6
             
5.001     927     877.8
5     929     877.8
5     923     877.8
5     923     877.8
5.001     929     877.8
5.001     929     877.8
5     923     877.8
5     923     877.8
5     929     877.8
5.001     929     877.8
             
5     982     928.8
5     981     928.8
5.001     982     928.8
5.001     982     928.8
5     982     928.8
5     982     928.8
5.001     982     928.8
5.001     982     928.8
5     981     928.8
5     982     928.8
             
5     974     916.2
5     975     916.2
5.001     978     916.2
5.001     978     916.2
5     975     916.2
5     975     916.2
5.001     978     916.2
5.001     978     916.2
5     975     916.2
5     975     916.2
             
5     946     895.8
5     944     895.8
5.001     937     895.8
5.001     937     895.8
5     946     895.8
5     946     895.8
5.001     937     895.8
5.001     937     895.8
5     944     895.8
5     946     895.8
             
5     993     920.4
5     988     920.4
5.001     987     920.4
5.001     987     920.4
5     993     920.4
5     993     920.4
5.001     987     920.4
5.001     987     920.4
5     988     920.4
5     993     920.4
             
5     1007     939.8
5     969     939.8
5.001     990     939.8
5.001     990     939.8
5     969     939.8
5     969     939.8
5.001     990     939.8
5.001     990     939.8
5     969     939.8
5     969     939.8
             
5.001     955     872.4
5     953     872.4
5     957     872.4
5     957     872.4
5.001     955     872.4
5.001     955     872.4
5     957     872.4
5     957     872.4
5     953     872.4
5.001     955     872.4
             
5     925     851.8
5.001     918     851.8
5     935     851.8
5     935     851.8
5.001     925     851.8
5.001     925     851.8
5     935     851.8
5     935     851.8
5.001     918     851.8
5.001     925     851.8
             
5     1159     1082
5.001     1143     1082
5     1146     1082
5     1146     1082
5.001     1159     1082
5.001     1159     1082
5     1146     1082
5     1146     1082
5.001     1143     1082
5.001     1159     1082
             
