1     3     21     1057
2     30     37     238
3     57     13     808
4     98     22     195
5     7     22     457
6     5     5     888
7     32     44     104
8     87     48     782
9     3     20     288
10     92     32     127
11     2     22     449
12     80     6     393
13     62     48     643
14     83     22     54
15     55     27     520
16     95     29     1154
17     33     18     248
18     22     7     354
19     88     24     509
20     53     37     165
21     54     17     1096
22     72     15     142
23     78     30     838
24     4     5     199
25     17     37     429
26     20     42     300
27     82     27     561
28     85     49     455
29     72     10     1085
30     13     21     208
31     60     2     454
32     29     49     1152
33     40     27     112
34     49     19     1055
35     72     18     139
36     17     25     363
37     16     10     491
38     75     26     113
39     64     45     664
40     44     20     105
41     2     7     481
42     43     49     128
43     82     34     964
44     13     2     254
45     92     13     51
46     8     2     200
47     46     29     92
48     14     5     574
49     57     27     959
50     14     21     6
