5.001      2634    2435.5
5      2634    2435.5
5      2634    2435.5
5      2634    2435.5
5.001      2634    2435.5
5      2634    2435.5
5      2634    2435.5
5.007      2634    2435.5
5      2634    2435.5
5      2634    2435.5

5      2303    2245.5
5      2303    2245.5
5.001      2303    2245.5
5      2303    2245.5
5      2303    2245.5
5      2255    2245.5
5.001      2303    2245.5
5      2303    2245.5
5      2303    2245.5
5      2303    2245.5

5      2765    2566.5
5      2815    2566.5
5      2765    2566.5
5.001      2819    2566.5
5      2819    2566.5
5      2765    2566.5
5      2765    2566.5
5.001      2815    2566.5
5      2815    2566.5
5      2815    2566.5

5      2974      2848
5      2974      2848
5.001      2974      2848
5      2974      2848
5      2974      2848
5.001      2974      2848
5      2974      2848
5      2974      2848
5      2974      2848
5      2974      2848

5      2186    2183.5
5      2187    2183.5
5.001      2218    2183.5
5      2186    2183.5
5.007      2236    2183.5
5      2236    2183.5
5      2186    2183.5
5      2186    2183.5
5.001      2186    2183.5
5      2236    2183.5

5      2567      2464
5      2567      2464
5.001      2567      2464
5      2567      2464
5      2567      2464
5      2567      2464
5.001      2567      2464
5      2567      2464
5      2567      2464
5      2567      2464

5.001      2345      2305
5      2345      2305
5      2345      2305
5      2345      2305
5.001      2345      2305
5      2345      2305
5      2345      2305
5      2377      2305
5.001      2345      2305
5      2345      2305

5.001      2686      2585
5      2686      2585
5      2686      2585
5      2686      2585
5.001      2686      2585
5      2735      2585
5      2735      2585
5      2694      2585
5.001      2686      2585
5      2686      2585

5      2414      2360
5.001      2460      2360
5      2460      2360
5      2414      2360
5      2415      2360
5.001      2460      2360
5      2460      2360
5      2420      2360
5      2460      2360
5.001      2460      2360

5      2306    2304.5
5      2306    2304.5
5.001      2306    2304.5
5      2322    2304.5
5      2310    2304.5
5      2306    2304.5
5.001      2306    2304.5
5.004      2306    2304.5
5.001      2306    2304.5
5      2306    2304.5

