1     65     28     2140
2     27     14     412
3     23     30     889
4     51     1     1525
5     89     3     872
6     60     8     1459
7     28     44     2228
8     64     21     130
9     73     15     1066
10     68     40     2966
11     90     6     34
12     17     10     1787
13     45     18     72
14     30     7     339
15     33     12     2767
16     13     34     789
17     65     10     2072
18     87     33     653
19     93     25     1436
20     5     6     3106
21     87     38     136
22     57     35     1026
23     21     1     1050
24     64     40     1982
25     56     27     609
26     41     31     2773
27     36     12     101
28     26     16     2261
29     41     27     645
30     56     6     812
31     92     17     1646
32     27     43     335
33     5     30     2316
34     15     34     779
35     53     46     1385
36     44     35     165
37     39     1     355
38     81     18     1312
39     19     44     1079
40     40     19     526
41     91     28     2070
42     88     5     509
43     58     5     1898
44     34     40     706
45     63     3     1687
46     58     6     333
47     34     9     1547
48     26     49     1993
49     8     34     378
50     62     20     1797
51     7     22     367
52     71     16     1647
53     19     17     258
54     9     45     914
55     12     23     1294
56     17     24     1397
57     68     23     1600
58     55     8     424
59     48     1     1324
60     27     31     1623
61     40     17     354
62     50     33     1604
63     58     44     32
64     57     2     3156
65     86     10     447
66     30     11     162
67     98     27     890
68     32     17     934
69     65     37     1396
70     38     1     2245
71     76     23     285
72     63     20     426
73     53     46     2950
74     21     33     474
75     72     25     1301
76     97     10     456
77     37     38     608
78     98     47     2837
79     94     48     519
80     73     27     111
81     13     48     1182
82     29     17     60
83     66     46     2652
84     93     26     303
85     95     5     2331
86     28     35     49
87     52     28     1373
88     91     19     2571
89     91     27     511
90     92     17     1161
91     83     10     2159
92     64     39     790
93     20     14     335
94     13     26     2409
95     49     22     714
96     93     27     3085
97     54     2     290
98     84     43     799
99     44     17     3039
100     51     44     472
101     9     32     3134
102     80     22     71
103     61     16     2476
104     89     17     45
105     33     48     2687
106     24     37     360
107     65     26     1924
108     23     49     318
109     14     33     2459
110     47     44     619
111     25     4     19
112     34     24     2879
113     11     40     562
114     96     47     999
115     88     36     2463
116     59     3     105
117     45     47     1202
118     24     23     1803
119     53     11     421
120     92     8     61
121     41     6     304
122     70     38     1537
123     56     3     878
124     4     43     1419
125     71     42     1389
126     81     44     701
127     66     14     2424
128     22     26     591
129     12     29     2715
130     35     32     436
131     48     20     1164
132     53     14     1823
133     53     14     31
134     32     46     3117
135     81     39     386
136     72     30     3094
137     67     8     703
138     96     42     2563
139     57     6     565
140     17     39     713
141     72     26     569
142     76     6     3044
143     7     33     354
144     20     16     2425
145     90     23     600
146     58     5     1561
147     79     4     2458
148     80     3     619
149     79     3     2541
150     29     32     447
151     37     18     309
152     24     7     397
153     77     42     2159
154     71     12     41
155     16     43     145
156     15     30     2321
157     47     25     632
158     18     46     431
159     96     10     1626
160     2     41     313
161     55     20     1915
162     72     16     147
163     65     10     1634
164     37     17     518
165     60     4     1859
166     68     15     750
167     87     19     642
168     85     3     1985
169     61     9     585
170     96     26     1019
171     25     29     1742
172     56     1     146
173     69     49     1481
174     92     1     252
175     93     21     1463
176     23     41     444
177     35     9     1684
178     76     37     576
179     24     32     1530
180     16     18     373
181     42     2     2112
182     23     39     792
183     18     26     942
184     40     13     1715
185     1     17     776
186     30     48     2039
187     5     25     550
188     15     2     1058
189     14     14     1985
190     20     34     273
191     85     15     2737
192     85     14     113
193     33     8     1113
194     85     2     3001
195     42     37     93
196     31     4     391
197     17     9     661
198     68     31     1772
199     98     18     229
200     39     30     180
201     68     43     1066
202     18     22     1605
203     30     11     220
204     18     27     783
205     34     10     2668
206     92     23     775
207     91     24     2789
208     13     28     521
209     59     36     896
210     45     26     2513
211     38     7     607
212     33     41     2236
213     82     42     413
214     27     4     1514
215     36     45     1610
216     28     12     520
217     67     12     1781
218     37     16     789
219     94     37     2325
220     65     39     701
221     65     38     1866
222     84     26     465
223     92     43     63
224     86     44     1225
225     96     36     467
226     45     36     62
227     6     32     1837
228     58     44     462
229     96     6     42
230     11     26     120
231     76     48     1211
232     77     47     2992
233     59     23     98
234     19     48     2768
235     74     46     291
236     60     19     2922
237     86     4     78
238     67     23     1865
239     6     21     280
240     78     43     956
241     68     17     2097
242     23     10     521
243     49     30     2615
244     16     34     426
245     51     6     1116
246     55     26     3168
247     58     43     498
248     99     3     1517
249     44     1     2735
250     90     13     551
251     84     18     2649
252     57     31     549
253     89     27     2338
254     8     43     413
255     13     44     1127
256     89     37     1167
257     9     42     2053
258     41     42     130
259     87     22     406
260     7     22     1654
261     26     48     397
262     36     25     489
263     84     9     2476
264     58     36     23
265     99     25     2037
266     68     25     208
267     31     21     2603
268     9     5     754
269     95     36     452
270     89     49     41
271     67     13     1437
272     96     20     1645
273     50     21     477
274     61     36     1186
275     58     8     241
276     13     22     602
277     62     34     1336
278     71     6     443
279     28     10     3050
280     33     25     150
281     98     2     2889
282     99     28     173
283     27     17     2964
284     43     7     236
285     9     30     2537
286     33     18     24
287     93     19     438
288     95     43     93
289     16     21     1828
290     78     45     539
291     41     18     44
292     90     27     2004
293     73     29     685
294     53     8     1034
295     63     8     703
296     44     15     544
297     42     46     232
298     98     23     3159
299     3     25     384
300     93     32     2621
301     44     1     748
302     39     46     1601
303     54     23     314
304     56     44     1047
305     31     44     3024
306     31     19     649
307     74     46     2885
308     23     38     370
309     9     7     225
310     40     6     2241
311     60     3     440
312     27     11     2469
313     25     27     153
314     10     8     2930
315     63     24     318
316     3     16     714
317     31     35     1560
318     93     13     1017
319     58     29     1303
320     68     27     2097
321     12     37     8
322     8     10     546
323     86     4     707
324     79     15     2469
325     26     37     386
326     75     16     2440
327     77     25     358
328     44     45     444
329     82     36     2207
330     72     35     717
331     25     28     1391
332     6     20     245
333     64     5     695
334     9     20     2637
335     53     24     272
336     55     43     2819
337     39     18     392
338     90     31     277
339     15     18     1479
340     35     18     2131
341     62     2     287
342     30     1     2655
343     4     24     207
344     77     35     2860
345     93     18     573
346     14     14     280
347     18     48     1714
348     71     13     330
349     22     25     1704
350     19     33     235
351     15     15     1123
352     34     22     681
353     10     2     2953
354     45     37     573
355     29     9     386
356     77     45     702
357     13     23     2509
358     11     2     374
359     30     31     265
360     34     7     2781
361     41     46     603
362     2     48     2512
363     43     17     533
364     6     18     3127
365     64     19     698
366     30     48     1122
367     10     1     1168
368     26     45     1645
369     63     13     69
370     80     24     3072
371     75     15     99
372     76     6     197
373     60     27     1188
374     40     25     3156
375     4     45     655
376     26     36     1088
377     85     42     703
378     59     21     2272
379     48     9     10
380     18     29     613
381     49     44     2441
382     23     21     178
383     26     4     73
384     28     41     1654
385     16     5     45
386     40     7     2845
387     65     20     526
388     12     29     1945
389     61     22     294
390     62     41     3016
391     20     23     285
392     59     14     2087
393     66     44     295
394     36     35     1028
395     58     49     2255
396     58     7     510
397     90     42     1879
398     88     6     661
399     5     30     1380
400     75     12     2439
401     57     38     11
402     36     20     1243
403     93     8     2460
404     2     43     62
405     85     40     1210
406     75     34     2994
407     84     42     101
408     91     22     2576
409     86     22     199
410     38     48     19
411     38     15     2875
412     67     36     704
413     14     44     302
414     20     35     646
415     95     40     2103
416     78     49     209
417     4     19     614
418     70     4     2042
419     91     46     506
420     30     34     2810
421     78     21     212
422     10     42     1640
423     72     31     198
424     76     14     51
425     1     38     1942
426     98     17     319
427     49     16     812
428     37     21     1855
429     33     8     491
430     59     45     2224
431     95     31     795
432     33     34     1446
433     38     48     2626
434     60     28     32
435     92     32     2002
436     67     38     277
437     76     12     2572
438     73     32     400
439     92     46     238
440     57     38     615
441     83     5     695
442     41     36     129
443     65     6     1485
444     29     27     2214
445     34     16     86
446     81     41     578
447     36     38     1861
448     61     23     702
449     92     47     2147
450     20     20     102
451     45     39     2062
452     98     25     130
453     95     24     3106
454     55     44     361
455     1     6     2273
456     28     24     20
457     12     26     1878
458     75     21     589
459     9     28     2979
460     61     44     672
461     49     1     1777
462     26     9     85
463     52     45     1428
464     6     44     150
465     85     48     947
466     56     39     3173
467     99     37     310
468     85     1     28
469     41     25     2755
470     84     38     217
471     10     23     2061
472     18     13     674
473     91     35     149
474     42     9     254
475     40     23     1192
476     8     3     2965
477     18     30     417
478     49     49     1603
479     50     25     314
480     69     3     2275
481     18     38     216
482     32     12     1083
483     75     10     2227
484     45     26     280
485     55     31     2576
486     78     3     642
487     32     37     2833
488     63     3     31
489     35     26     1157
490     98     1     738
491     69     9     2874
492     53     10     30
493     61     22     702
494     3     40     1105
495     1     43     754
496     77     10     1031
497     25     20     716
498     97     18     695
499     56     22     2675
500     27     40     106
