20.745     2473     2326.88
20.747     2434     2326.88
20.973     2442     2326.88
20.123     2433     2326.88
20.668     2437     2326.88
20.668     2437     2326.88
20.123     2433     2326.88
20.973     2442     2326.88
20.747     2434     2326.88
20.747     2473     2326.88
             
20.233     2734     2581.63
20.000     2751     2581.63
20.095     2755     2581.63
20.095     2755     2581.63
20.095     2755     2581.63
20.095     2755     2581.63
20.095     2755     2581.63
20.095     2755     2581.63
20.000     2751     2581.63
20.233     2751     2581.63
             
20.510     2484     2337.38
20.000     2482     2337.38
20.000     2482     2337.38
20.510     2484     2337.38
20.510     2484     2337.38
20.510     2484     2337.38
20.510     2484     2337.38
20.000     2482     2337.38
20.000     2482     2337.38
20.510     2484     2337.38
             
20.100     2498     2365
20.903     2533     2365
20.853     2523     2365
20.264     2507     2365
20.853     2523     2365
20.853     2523     2365
20.264     2507     2365
20.853     2523     2365
20.903     2533     2365
20.903     2533     2365
             
20.897     2587     2423.75
20.060     2608     2423.75
20.000     2578     2423.75
20.331     2605     2423.75
20.331     2605     2423.75
20.331     2605     2423.75
20.331     2605     2423.75
20.000     2578     2423.75
20.060     2608     2423.75
20.897     2608     2423.75
             
20.207     2530     2387.25
20.000     2537     2387.25
20.000     2552     2387.25
20.102     2553     2387.25
20.988     2553     2387.25
20.988     2553     2387.25
20.102     2553     2387.25
20.000     2552     2387.25
20.000     2537     2387.25
20.207     2537     2387.25
             
20.000     2538     2388.5
20.907     2547     2388.5
20.000     2551     2388.5
20.000     2553     2388.5
20.498     2553     2388.5
20.498     2553     2388.5
20.000     2553     2388.5
20.000     2551     2388.5
20.907     2547     2388.5
20.907     2547     2388.5
             
20.354     2590     2445.63
20.000     2581     2445.63
20.993     2593     2445.63
20.787     2583     2445.63
20.993     2593     2445.63
20.993     2593     2445.63
20.787     2583     2445.63
20.993     2593     2445.63
20.000     2581     2445.63
20.354     2590     2445.63
             
20.922     2467     2348.13
20.922     2471     2348.13
20.922     2471     2348.13
20.000     2458     2348.13
20.922     2471     2348.13
20.922     2471     2348.13
20.000     2458     2348.13
20.922     2471     2348.13
20.922     2471     2348.13
20.922     2471     2348.13
             
20.584     2534     2429.25
20.675     2580     2429.25
20.124     2596     2429.25
20.691     2612     2429.25
20.691     2612     2429.25
20.691     2612     2429.25
20.691     2612     2429.25
20.124     2596     2429.25
20.675     2580     2429.25
20.675     2580     2429.25
             
