1     43     78     30
2     28     32     100
3     48     33     12
4     19     41     99
5     37     78     31
6     47     86     21
7     44     74     84
8     44     95     26
9     16     33     90
10     33     36     13
11     13     3     56
12     21     63     74
13     16     14     3
14     19     86     14
15     11     57     95
16     3     23     9
17     1     21     29
18     21     77     64
19     27     47     94
20     22     23     29
21     3     50     81
22     44     95     22
23     41     11     108
24     7     29     12
25     24     87     0
26     16     34     23
27     36     14     76
28     31     3     10
29     12     43     48
30     2     45     42
31     27     59     57
32     13     68     58
33     22     84     123
34     48     13     3
35     9     49     129
36     28     97     9
37     11     97     45
38     43     37     42
39     19     83     51
40     44     1     32
41     8     72     64
42     37     18     7
43     39     53     59
44     32     11     17
45     35     22     64
46     41     4     51
47     4     81     113
48     24     45     27
49     42     11     79
50     35     45     20
