5     510     481.4
5     510     481.4
5     512     481.4
5     512     481.4
5     510     481.4
5     510     481.4
5     512     481.4
5     512     481.4
5     510     481.4
5     510     481.4
             
5     444     426.2
5     443     426.2
5     441     426.2
5     441     426.2
5     444     426.2
5     444     426.2
5     441     426.2
5     441     426.2
5     443     426.2
5     444     426.2
             
5     505     477.6
5     496     477.6
5     511     477.6
5     511     477.6
5     505     477.6
5     505     477.6
5     511     477.6
5     511     477.6
5     496     477.6
5     505     477.6
             
5     496     459.8
5     494     459.8
5     497     459.8
5     497     459.8
5     496     459.8
5     496     459.8
5     497     459.8
5     497     459.8
5     494     459.8
5     496     459.8
             
5     434     407.6
5.002     437     407.6
5     442     407.6
5     442     407.6
5.002     437     407.6
5.002     437     407.6
5     442     407.6
5     442     407.6
5.002     437     407.6
5.002     437     407.6
             
5     495     476.2
5     496     476.2
5     491     476.2
5     491     476.2
5     496     476.2
5     496     476.2
5     491     476.2
5     491     476.2
5     496     476.2
5     496     476.2
             
5     468     450.6
5.002     468     450.6
5     473     450.6
5     473     450.6
5.002     468     450.6
5.002     468     450.6
5     473     450.6
5     473     450.6
5.002     468     450.6
5.002     468     450.6
             
5     456     431.8
5     458     431.8
5     457     431.8
5     457     431.8
5     458     431.8
5     458     431.8
5     457     431.8
5     457     431.8
5     458     431.8
5     458     431.8
             
5     407     388.2
5     410     388.2
5     407     388.2
5     407     388.2
5     410     388.2
5     410     388.2
5     407     388.2
5     407     388.2
5     410     388.2
5     410     388.2
             
5     471     444.2
5     469     444.2
5     468     444.2
5     468     444.2
5     471     444.2
5     471     444.2
5     468     444.2
5     468     444.2
5     469     444.2
5     471     444.2
             
