5.001     280     258.5
5     280     258.5
5     279     258.5
5     279     258.5
5.001     280     258.5
5.001     280     258.5
5     279     258.5
5     279     258.5
5     280     258.5
5.001     280     258.5
             
5.001     287     263.375
5     283     263.375
5     282     263.375
5     282     263.375
5.001     287     263.375
5.001     287     263.375
5     282     263.375
5     282     263.375
5     283     263.375
5.001     287     263.375
             
5.001     298     281.125
5.002     302     281.125
5     303     281.125
5     303     281.125
5.002     302     281.125
5.002     302     281.125
5     303     281.125
5     303     281.125
5.002     302     281.125
5.002     302     281.125
             
5.002     282     262.125
5.002     284     262.125
5     288     262.125
5     288     262.125
5.002     284     262.125
5.002     284     262.125
5     288     262.125
5     288     262.125
5.002     284     262.125
5.002     284     262.125
             
5     254     230.5
5.002     254     230.5
5.001     249     230.5
5.001     249     230.5
5.002     254     230.5
5.002     254     230.5
5.001     249     230.5
5.001     249     230.5
5.002     254     230.5
5.002     254     230.5
             
5.002     300     268.625
5.001     287     268.625
5     297     268.625
5     297     268.625
5.002     300     268.625
5.002     300     268.625
5     297     268.625
5     297     268.625
5.001     287     268.625
5.002     300     268.625
             
5.001     261     240
5     258     240
5     259     240
5     259     240
5.001     261     240
5.001     261     240
5     259     240
5     259     240
5     258     240
5.001     261     240
             
5     283     266.375
5     286     266.375
5.001     289     266.375
5.001     289     266.375
5     286     266.375
5     286     266.375
5.001     289     266.375
5.001     289     266.375
5     286     266.375
5     286     266.375
             
5.001     257     242.625
5     262     242.625
5     270     242.625
5     270     242.625
5.001     262     242.625
5.001     262     242.625
5     270     242.625
5     270     242.625
5     262     242.625
5.001     262     242.625
             
5     284     251.875
5     281     251.875
5     277     251.875
5     277     251.875
5     284     251.875
5     284     251.875
5     277     251.875
5     277     251.875
5     281     251.875
5     284     251.875
             
