5     289     258.5
5     284     258.5
5     275     258.5
5     275     258.5
5     289     258.5
5     289     258.5
5     275     258.5
5     275     258.5
5     284     258.5
5     289     258.5
             
5     285     263.375
5     284     263.375
5     289     263.375
5     289     263.375
5     285     263.375
5     285     263.375
5     289     263.375
5     289     263.375
5     284     263.375
5     285     263.375
             
5     301     281.125
5     308     281.125
5     303     281.125
5     303     281.125
5     308     281.125
5     308     281.125
5     303     281.125
5     303     281.125
5     308     281.125
5     308     281.125
             
5     285     262.125
5     287     262.125
5     287     262.125
5     287     262.125
5     287     262.125
5     287     262.125
5     287     262.125
5     287     262.125
5     287     262.125
5     287     262.125
             
5     254     230.5
5     258     230.5
5     260     230.5
5     260     230.5
5     258     230.5
5     258     230.5
5     260     230.5
5     260     230.5
5     258     230.5
5     258     230.5
             
5     300     268.625
5     295     268.625
5     301     268.625
5     301     268.625
5     300     268.625
5     300     268.625
5     301     268.625
5     301     268.625
5     295     268.625
5     300     268.625
             
5     266     240
5     265     240
5     262     240
5     262     240
5     266     240
5     266     240
5     262     240
5     262     240
5     265     240
5     266     240
             
5     290     266.375
5     288     266.375
5     300     266.375
5     300     266.375
5     290     266.375
5     290     266.375
5     300     266.375
5     300     266.375
5     288     266.375
5     290     266.375
             
5     272     242.625
5     263     242.625
5     266     242.625
5     266     242.625
5     272     242.625
5     272     242.625
5     266     242.625
5     266     242.625
5     263     242.625
5     272     242.625
             
5     293     251.875
5     277     251.875
5     280     251.875
5     280     251.875
5     293     251.875
5     293     251.875
5     280     251.875
5     280     251.875
5     277     251.875
5     293     251.875
             
