1     23     42     913
2     14     18     30
3     10     19     714
4     15     24     141
5     49     42     1207
6     31     43     246
7     33     48     999
8     20     15     257
9     29     12     22
10     19     15     957
11     18     11     312
12     8     29     1196
13     44     1     295
14     40     5     690
15     27     4     198
16     49     39     821
17     15     2     293
18     18     1     791
19     37     48     85
20     30     25     410
21     40     36     1122
22     34     4     201
23     7     20     872
24     31     17     75
25     34     44     368
26     9     3     231
27     6     24     538
28     41     20     724
29     29     15     163
30     21     21     236
31     23     42     615
32     47     46     476
33     24     39     866
34     14     19     222
35     11     8     409
36     37     26     952
37     17     4     63
38     20     38     769
39     43     29     216
40     21     41     493
41     4     13     957
42     32     22     196
43     18     45     960
44     47     3     180
45     32     17     375
46     5     19     776
47     9     45     266
48     35     33     888
49     10     9     234
50     40     44     616
51     6     32     69
52     44     14     792
53     29     5     217
54     43     3     1128
55     48     9     222
56     13     36     527
57     39     34     114
58     41     14     1131
59     38     31     245
60     4     43     325
61     27     21     469
62     14     12     58
63     4     28     102
64     12     46     1035
65     42     37     255
66     10     42     20
67     46     49     968
68     42     34     136
69     25     40     417
70     18     37     576
71     22     30     448
72     26     4     200
73     47     3     265
74     46     19     895
75     2     45     237
76     11     36     171
77     11     14     112
78     39     45     1092
79     43     34     101
80     12     49     1115
81     1     4     105
82     8     2     642
83     29     43     204
84     26     21     648
85     27     3     232
86     28     15     41
87     45     29     954
88     18     36     256
89     23     18     1130
90     4     20     222
91     5     38     601
92     5     16     1011
93     16     15     67
94     24     37     167
95     31     14     812
96     24     49     125
97     19     7     1110
98     3     1     35
99     7     2     221
100     9     2     914
101     30     49     166
102     4     13     402
103     2     15     240
104     13     39     754
105     1     7     62
106     46     8     1234
107     47     14     289
108     2     21     651
109     13     46     291
110     43     30     129
111     32     46     755
112     43     4     158
113     13     11     544
114     32     48     143
115     12     19     262
116     15     17     302
117     33     26     1034
118     37     17     24
119     43     34     1205
120     17     29     11
121     33     21     324
122     42     5     884
123     42     36     79
124     31     39     1230
125     22     29     191
126     25     4     628
127     2     38     67
128     24     31     4
129     36     27     107
130     18     43     397
131     34     44     798
132     4     45     34
133     25     28     402
134     46     22     888
135     35     7     74
136     15     45     75
137     14     35     869
138     37     44     244
139     41     45     423
140     15     29     234
141     1     16     1122
142     19     42     302
143     19     14     269
144     14     4     828
145     48     35     25
146     30     45     1148
147     11     44     247
148     30     25     402
149     37     21     1110
150     48     47     6
151     20     49     1005
152     48     44     140
153     8     8     1195
154     1     44     6
155     32     4     673
156     46     34     48
157     29     49     536
158     12     7     1232
159     24     17     125
160     23     3     347
161     25     30     1129
162     40     45     182
163     30     20     649
164     4     15     230
165     13     2     165
166     32     28     1103
167     34     30     128
168     7     40     495
169     17     15     405
170     36     38     22
171     36     26     791
172     46     42     144
173     7     11     897
174     23     13     176
175     40     38     42
176     11     19     711
177     48     40     290
178     38     16     926
179     8     7     121
180     46     23     138
181     42     4     729
182     22     15     23
183     41     9     859
184     27     35     158
185     45     43     372
186     49     46     86
187     11     13     1045
188     25     3     116
189     1     48     973
190     21     15     302
191     25     31     77
192     1     17     906
193     23     36     82
194     32     49     869
195     32     39     236
196     42     30     1217
197     2     26     87
198     5     1     197
199     27     3     373
200     39     34     6
