5     1004     960
5.001     1021     960
5.001     1025     960
5.001     1025     960
5.001     1021     960
5.001     1021     960
5.001     1025     960
5.001     1025     960
5.001     1021     960
5.001     1021     960
             
5     946     904.4
5.001     968     904.4
5.001     957     904.4
5.001     957     904.4
5.001     968     904.4
5.001     968     904.4
5.001     957     904.4
5.001     957     904.4
5.001     968     904.4
5.001     968     904.4
             
5.002     1006     945.6
5     1004     945.6
5.001     1008     945.6
5.001     1008     945.6
5.002     1006     945.6
5.002     1006     945.6
5.001     1008     945.6
5.001     1008     945.6
5     1004     945.6
5.002     1006     945.6
             
5.001     1046     975.6
5     1046     975.6
5.002     1049     975.6
5.002     1049     975.6
5.001     1046     975.6
5.001     1046     975.6
5.002     1049     975.6
5.002     1049     975.6
5     1046     975.6
5.001     1046     975.6
             
5.002     902     824.6
5     895     824.6
5.001     895     824.6
5.001     895     824.6
5.002     902     824.6
5.002     902     824.6
5.001     895     824.6
5.001     895     824.6
5     895     824.6
5.002     902     824.6
             
5.001     1115     1034.4
5     1102     1034.4
5.001     1125     1034.4
5.001     1125     1034.4
5.001     1115     1034.4
5.001     1115     1034.4
5.001     1125     1034.4
5.001     1125     1034.4
5     1102     1034.4
5.001     1115     1034.4
             
5.001     908     868.2
5.002     914     868.2
5     903     868.2
5     903     868.2
5.002     914     868.2
5.002     914     868.2
5     903     868.2
5     903     868.2
5.002     914     868.2
5.002     914     868.2
             
5     870     817.2
5     872     817.2
5     875     817.2
5     875     817.2
5     872     817.2
5     872     817.2
5     875     817.2
5     875     817.2
5     872     817.2
5     872     817.2
             
5     879     865
5.001     896     865
5     886     865
5     886     865
5.001     896     865
5.001     896     865
5     886     865
5     886     865
5.001     896     865
5.001     896     865
             
5.002     1015     947.4
5     1014     947.4
5.003     1014     947.4
5.003     1014     947.4
5.002     1015     947.4
5.002     1015     947.4
5.003     1014     947.4
5.003     1014     947.4
5     1014     947.4
5.002     1015     947.4
             
