5     1017     960
5     1023     960
5     1009     960
5     1009     960
5     1023     960
5     1023     960
5     1009     960
5     1009     960
5     1023     960
5     1023     960
             
5     967     904.4
5     972     904.4
5     968     904.4
5     968     904.4
5     972     904.4
5     972     904.4
5     968     904.4
5     968     904.4
5     972     904.4
5     972     904.4
             
5     1008     945.6
5     1021     945.6
5     1016     945.6
5     1016     945.6
5     1021     945.6
5     1021     945.6
5     1016     945.6
5     1016     945.6
5     1021     945.6
5     1021     945.6
             
5     1047     975.6
5     1051     975.6
5     1055     975.6
5     1055     975.6
5     1051     975.6
5     1051     975.6
5     1055     975.6
5     1055     975.6
5     1051     975.6
5     1051     975.6
             
5     892     824.6
5     902     824.6
5     901     824.6
5     901     824.6
5     902     824.6
5     902     824.6
5     901     824.6
5     901     824.6
5     902     824.6
5     902     824.6
             
5     1122     1034.4
5     1109     1034.4
5     1122     1034.4
5     1122     1034.4
5     1122     1034.4
5     1122     1034.4
5     1122     1034.4
5     1122     1034.4
5     1109     1034.4
5     1122     1034.4
             
5     909     868.2
5     906     868.2
5     904     868.2
5     904     868.2
5     909     868.2
5     909     868.2
5     904     868.2
5     904     868.2
5     906     868.2
5     909     868.2
             
5     880     817.2
5     880     817.2
5     894     817.2
5     894     817.2
5     880     817.2
5     880     817.2
5     894     817.2
5     894     817.2
5     880     817.2
5     880     817.2
             
5     903     865
5     905     865
5     887     865
5     887     865
5     905     865
5     905     865
5     887     865
5     887     865
5     905     865
5     905     865
             
5     1019     947.4
5     1019     947.4
5     1025     947.4
5     1025     947.4
5     1019     947.4
5     1019     947.4
5     1025     947.4
5     1025     947.4
5     1019     947.4
5     1019     947.4
             
