1     25     63     14
2     12     58     7
3     20     40     126
4     35     93     17
5     18     55     4
6     5     79     128
7     22     31     13
8     15     73     5
9     1     62     69
10     29     45     31
11     26     61     117
12     17     93     24
13     29     74     46
14     8     90     50
15     46     58     74
16     6     19     22
17     44     98     11
18     34     53     84
19     13     50     13
20     28     94     36
21     21     65     101
22     30     50     6
23     28     5     9
24     3     29     78
25     45     74     19
26     43     12     24
27     38     46     105
28     5     16     20
29     48     15     89
30     41     70     17
31     6     48     4
32     24     87     53
33     39     27     0
34     25     33     34
35     49     43     92
36     12     98     4
37     26     28     38
38     16     91     116
39     49     72     12
40     10     24     46
41     47     70     110
42     48     92     29
43     21     64     100
44     20     2     5
45     7     49     41
46     16     44     93
47     49     25     20
48     15     29     15
49     41     49     30
50     25     65     34
