1     25     70     48
2     29     53     102
3     36     40     13
4     16     10     63
5     1     84     0
6     20     2     82
7     37     29     4
8     40     54     53
9     4     66     61
10     13     70     2
11     7     24     100
12     8     52     2
13     25     59     36
14     20     55     102
15     29     12     14
16     39     97     42
17     26     40     105
18     2     40     19
19     13     10     83
20     47     47     17
21     33     72     82
22     42     36     10
23     17     42     60
24     2     1     20
25     29     42     59
26     4     4     13
27     3     60     9
28     43     81     69
29     43     48     16
30     37     70     93
31     6     56     18
32     28     95     105
33     1     91     13
34     21     73     11
35     1     92     50
36     34     64     87
37     24     71     14
38     42     14     20
39     20     30     25
40     5     15     48
41     6     62     52
42     22     25     42
43     35     73     50
44     8     38     49
45     3     24     65
46     27     9     13
47     34     98     101
48     3     23     14
49     26     32     14
50     22     79     42
