1     68     124     9
2     31     101     593
3     72     94     3348
4     26     35     469
5     47     38     1919
6     16     104     99
7     82     162     199
8     66     135     2113
9     34     22     154
10     1     47     871
11     35     87     1207
12     69     15     3656
13     10     45     324
14     21     70     1102
15     85     21     2070
16     31     154     259
17     3     145     1644
18     44     148     1622
19     93     175     2801
20     99     92     152
21     52     146     1045
22     72     52     3669
23     92     95     257
24     20     130     3464
25     66     79     479
26     86     1     3504
27     6     104     360
28     47     115     2697
29     41     56     816
30     77     42     293
31     70     76     3094
32     39     136     199
33     7     183     1513
34     29     90     2781
35     93     14     66
36     83     22     1189
37     84     129     1428
38     13     87     826
39     3     174     2239
40     6     22     790
41     59     18     3231
42     45     124     915
43     31     121     3250
44     38     114     494
45     20     68     856
46     83     179     1349
47     86     169     2174
48     10     115     262
49     57     131     731
50     76     47     1854
51     45     188     285
52     20     66     3603
53     79     60     648
54     83     59     3045
55     22     82     889
56     59     86     3313
57     61     66     630
58     24     108     2314
59     60     53     241
60     83     103     2441
61     33     153     382
62     28     163     3485
63     85     114     215
64     85     108     770
65     86     172     693
66     71     165     540
67     61     133     1309
68     11     108     460
69     33     39     2036
70     23     52     267
71     22     21     1809
72     65     65     3287
73     56     147     873
74     46     82     2606
75     57     44     136
76     52     62     132
77     91     6     1899
78     7     102     214
79     74     179     3204
80     99     113     422
81     91     82     3390
82     79     199     278
83     26     36     357
84     1     23     819
85     46     93     1182
86     6     40     3247
87     22     137     885
88     19     5     1870
89     93     104     412
90     12     119     2138
91     25     21     691
92     74     163     858
93     94     31     2472
94     66     43     45
95     24     183     2282
96     17     79     587
97     45     178     2140
98     30     22     662
99     22     120     17
100     56     148     941
101     93     9     1458
102     75     170     1200
103     2     3     815
104     97     170     1775
105     16     115     2622
106     92     175     46
107     79     39     2119
108     25     114     739
109     31     45     1182
110     42     163     650
111     50     159     3587
112     65     90     713
113     40     156     1680
114     45     187     2784
115     14     53     393
116     44     30     2519
117     45     46     113
118     67     175     800
119     71     74     3503
120     96     165     515
121     64     7     3354
122     38     111     537
123     71     117     2005
124     68     122     786
125     17     117     1327
126     81     66     944
127     51     83     3608
128     24     153     696
129     33     100     870
130     7     67     2425
131     12     22     196
132     3     157     1403
133     20     99     2191
134     5     152     397
135     22     6     2886
136     4     189     351
137     4     32     3676
138     86     133     329
139     58     114     2212
140     84     108     194
141     40     5     1074
142     65     111     2221
143     63     64     99
144     80     58     3048
145     72     131     352
146     34     55     21
147     58     199     2720
148     96     150     305
149     28     115     2828
150     29     22     435
151     9     34     169
152     46     40     740
153     95     92     1675
154     21     152     444
155     91     76     270
156     45     51     483
157     19     1     1155
158     32     131     115
159     81     57     1610
160     58     104     2771
161     72     93     747
162     76     159     3544
163     12     40     398
164     57     148     794
165     42     129     412
166     24     3     906
167     89     52     230
168     23     127     2821
169     49     89     672
170     91     164     1133
171     68     109     1434
172     82     121     3044
173     11     82     844
174     81     174     1665
175     66     113     2063
176     77     196     592
177     72     88     1229
178     39     61     1756
179     96     54     686
180     16     153     1683
181     47     76     2664
182     70     78     90
183     81     94     1820
184     14     177     2379
185     73     152     720
186     78     3     61
187     34     11     2160
188     10     30     397
189     64     98     1560
190     15     33     864
191     59     29     666
192     29     65     3408
193     81     52     654
194     61     107     1537
195     30     125     225
196     48     162     1123
197     69     42     2702
198     43     18     35
199     7     54     2061
200     48     93     777
201     68     18     1460
202     12     93     1148
203     66     73     112
204     91     91     1641
205     14     4     3104
206     22     99     683
207     88     191     599
208     85     142     273
209     25     9     3275
210     29     120     702
211     95     146     1550
212     48     62     103
213     46     145     2606
214     64     58     133
215     68     174     3525
216     41     189     876
217     49     57     2527
218     24     63     309
219     64     60     2592
220     80     46     264
221     24     120     389
222     41     63     1708
223     64     7     1363
224     32     93     2841
225     74     148     807
226     87     9     2641
227     70     116     339
228     94     198     3198
229     72     11     749
230     17     113     2704
231     32     133     94
232     36     14     3619
233     12     127     485
234     71     184     657
235     32     171     1190
236     2     177     2552
237     52     168     370
238     28     91     1943
239     89     188     737
240     24     195     2743
241     30     102     679
242     12     193     2838
243     17     47     311
244     78     80     1310
245     26     155     884
246     83     51     3032
247     19     54     720
248     33     76     1697
249     11     199     2935
250     50     17     250
251     54     10     3149
252     2     163     75
253     20     157     40
254     62     108     66
255     38     84     219
256     99     170     3611
257     77     2     702
258     34     84     2189
259     84     145     74
260     48     83     3336
261     16     39     573
262     20     156     2378
263     48     177     122
264     29     187     2964
265     67     48     107
266     27     26     1944
267     45     117     96
268     15     20     1558
269     98     46     2389
270     82     8     810
271     83     81     879
272     93     60     1340
273     27     187     1758
274     85     142     1020
275     3     137     1674
276     3     188     1606
277     32     189     1351
278     60     19     3235
279     41     61     51
280     59     159     844
281     18     134     757
282     27     88     3028
283     84     100     217
284     99     92     3554
285     12     65     700
286     37     175     2155
287     18     81     708
288     47     161     2212
289     62     74     512
290     28     54     847
291     84     34     1920
292     25     122     684
293     48     52     2940
294     68     195     222
295     81     178     853
296     19     116     1952
297     76     155     833
298     22     163     3233
299     25     130     647
300     86     88     2187
