1     95     12     1482
2     31     30     2951
3     24     46     1387
4     50     40     4209
5     64     29     708
6     96     31     3319
7     120     5     555
8     23     43     5087
9     193     3     788
10     164     21     479
11     7     40     1047
12     197     9     5869
13     95     45     695
14     175     26     5119
15     95     27     1202
16     89     43     5389
17     198     17     1095
18     109     29     1821
19     87     48     1166
20     66     43     488
21     74     7     5432
22     175     19     14
23     95     28     4727
24     86     28     541
25     171     36     2882
26     25     37     773
27     11     24     4979
28     52     49     232
29     59     47     2887
30     186     7     729
31     57     16     1774
32     36     45     5487
33     89     25     372
34     82     18     5491
35     103     42     42
36     71     18     339
37     56     5     1894
38     108     8     3275
39     126     31     345
40     146     33     1457
41     132     28     2362
42     160     23     5634
43     4     39     38
44     121     44     2319
45     87     42     1848
46     184     30     5915
47     190     36     355
48     141     13     1520
49     155     8     5933
50     15     23     1122
51     71     46     1613
52     46     38     807
53     116     11     1936
54     107     19     2070
55     180     45     4112
56     80     13     120
57     154     24     1086
58     111     36     4080
59     121     25     956
60     187     13     3377
61     50     42     1197
62     50     13     2654
63     86     15     2786
64     80     1     825
65     167     38     5859
66     104     10     1153
67     76     4     4793
68     198     9     29
69     75     34     5632
70     138     36     1438
71     162     10     5829
72     124     37     469
73     76     9     2715
74     90     5     3077
75     40     10     324
76     30     48     1336
77     162     42     4455
78     148     16     120
79     76     15     3574
80     27     25     101
81     69     39     3645
82     173     9     1359
83     106     16     3252
84     101     45     220
85     149     3     3156
86     79     31     1440
87     110     24     3772
88     198     44     1357
89     9     48     1021
90     62     16     663
91     17     36     2042
92     138     14     1723
93     42     45     1531
94     112     34     5341
95     173     44     41
96     193     6     2456
97     34     25     5143
98     24     13     405
99     18     5     5715
100     169     28     562
101     36     16     5317
102     181     45     483
103     105     16     1576
104     180     6     4623
105     21     34     1287
106     195     17     4489
107     16     37     1205
108     143     35     4755
109     38     1     748
110     110     10     4008
111     167     18     420
112     148     32     3525
113     132     42     1352
114     40     5     4091
115     171     7     831
116     25     33     1775
117     32     17     5226
118     103     28     1373
119     43     7     4734
120     63     12     769
121     185     36     5923
122     132     14     836
123     47     30     1116
124     181     13     1448
125     92     46     2910
126     183     37     249
127     84     40     646
128     22     47     4994
129     136     29     59
130     13     40     3491
131     26     6     1103
132     52     48     4048
133     108     40     1189
134     63     27     5321
135     87     14     1507
136     173     35     1719
137     62     44     5265
138     74     3     1083
139     101     20     4140
140     85     32     590
141     182     23     3285
142     91     31     1315
143     80     32     1304
144     40     10     5132
145     49     2     806
146     43     40     5372
147     167     13     95
148     147     1     3109
149     35     41     528
150     93     7     5511
151     61     40     567
152     117     41     506
153     13     4     2356
154     59     15     1432
155     78     48     4498
156     178     1     1255
157     194     43     5335
158     163     31     986
159     7     23     1897
160     148     48     5474
161     64     13     1227
162     32     27     5512
163     24     22     660
164     69     11     4240
165     31     45     843
166     96     31     3839
167     74     6     1282
168     165     41     655
169     144     37     1073
170     129     39     2250
171     136     38     2667
172     63     9     3510
173     11     20     846
174     98     45     2009
175     24     20     5383
176     199     29     865
177     156     4     3654
178     120     37     397
179     16     29     4872
180     114     3     334
181     91     38     5830
182     83     14     1173
183     146     18     4262
184     61     15     675
185     7     2     919
186     28     42     3577
187     174     26     960
188     26     11     2498
189     89     3     2219
190     162     43     3033
191     67     20     85
192     72     44     274
193     101     15     5072
194     32     41     1074
195     189     42     5362
196     139     4     434
197     34     33     5993
198     8     28     696
199     189     20     4016
200     169     42     873
201     29     1     284
202     93     30     5542
203     126     16     1031
204     8     46     4976
205     73     35     5
206     179     39     893
207     192     1     3170
208     47     39     1036
209     125     22     521
210     192     26     4606
211     40     12     560
212     107     29     798
213     66     40     3903
214     7     26     263
215     10     44     2666
216     13     33     1275
217     170     48     5120
218     45     16     769
219     130     21     2374
220     90     12     3689
221     18     24     453
222     73     10     2134
223     37     25     567
224     103     5     3744
225     106     26     1395
226     98     45     4917
227     102     9     61
228     129     21     4667
229     108     8     1328
230     153     37     5946
231     114     14     738
232     125     44     1637
233     134     13     1425
234     38     12     803
235     122     23     1508
236     164     23     3528
237     115     21     1122
238     178     27     3874
239     84     49     1088
240     198     15     2333
241     170     38     1904
242     105     47     2777
243     162     12     2022
244     28     32     5138
245     192     8     50
246     64     21     5881
247     100     49     1115
248     132     29     1100
249     194     14     1610
250     30     44     5324
251     104     4     105
252     43     32     1458
253     93     48     596
254     112     47     4443
255     18     8     1493
256     65     42     2858
257     143     13     1074
258     176     32     172
259     100     27     3746
260     40     7     1336
261     90     19     731
262     190     35     1604
263     135     25     827
264     123     7     3342
265     53     5     352
266     143     13     724
267     143     37     879
268     93     26     5005
269     117     7     37
270     194     4     930
271     98     20     3123
272     132     16     566
273     53     9     4126
274     185     27     460
275     138     39     3554
276     19     6     1297
277     37     9     3346
278     193     43     264
279     84     3     5590
280     90     16     316
281     118     27     3126
282     52     30     1258
283     99     11     2126
284     34     28     2698
285     39     20     4422
286     156     4     717
287     43     21     5793
288     9     42     494
289     153     47     5503
290     194     35     700
291     171     28     1736
292     156     24     4604
293     58     14     1152
294     80     25     5192
295     172     27     1137
296     171     21     4163
297     87     19     337
298     190     36     975
299     177     1     2813
300     168     20     4320
