1     74     36     1567
2     42     46     3042
3     10     45     67
4     130     28     2526
5     53     5     4256
6     84     28     947
7     189     36     3479
8     173     20     1011
9     118     23     4587
10     15     18     1161
11     81     46     1188
12     108     4     636
13     9     17     1988
14     25     32     2520
15     189     36     1064
16     188     4     2056
17     133     44     1558
18     85     26     3159
19     35     21     1017
20     90     19     2764
21     19     48     1286
22     101     15     4069
23     18     20     1020
24     175     28     2458
25     97     29     5689
26     79     29     438
27     35     26     3906
28     54     21     39
29     186     36     3030
30     184     1     3
31     180     7     2062
32     103     7     232
33     189     27     1572
34     40     32     641
35     80     46     4850
36     169     19     1237
37     79     17     4666
38     4     36     1274
39     44     25     5075
40     189     35     671
41     86     45     4571
42     58     43     867
43     84     31     669
44     141     44     4952
45     128     31     1263
46     77     46     2909
47     90     12     4753
48     140     11     1010
49     21     25     3247
50     172     19     1207
51     83     13     1294
52     167     31     2928
53     41     34     1435
54     119     5     5201
55     10     45     1240
56     172     5     1911
57     122     5     4467
58     29     31     761
59     190     7     656
60     118     44     2601
61     99     20     3152
62     130     33     245
63     45     27     4596
64     64     7     682
65     80     36     2864
66     106     18     1146
67     53     8     1834
68     63     36     1517
69     121     3     3076
70     124     27     715
71     128     7     2832
72     77     22     324
73     14     44     1445
74     13     11     3531
75     132     31     798
76     146     49     1931
77     178     6     5396
78     164     30     615
79     57     36     4127
80     72     30     707
81     16     31     3015
82     185     4     300
83     148     14     2069
84     135     43     1592
85     76     42     4098
86     97     48     911
87     16     3     3667
88     26     3     237
89     117     11     1688
90     166     49     2026
91     91     16     371
92     83     47     3199
93     56     45     1333
94     195     34     3385
95     120     26     1200
96     36     47     394
97     65     12     2810
98     116     44     3044
99     57     9     275
100     36     38     1887
101     45     14     3124
102     197     11     265
103     126     45     5716
104     41     23     1032
105     191     36     1344
106     175     23     1058
107     18     49     5496
108     179     8     741
109     70     34     147
110     155     20     5683
111     109     4     765
112     157     32     837
113     196     2     3445
114     86     39     193
115     11     10     5079
116     44     46     191
117     35     25     3365
118     146     31     724
119     138     19     43
120     117     39     3736
121     104     30     949
122     12     19     1261
123     83     36     2502
124     122     4     2621
125     97     30     1367
126     196     11     3461
127     128     41     1381
128     59     44     1359
129     13     5     145
130     159     25     2953
131     80     26     592
132     180     26     1557
133     84     21     714
134     39     39     4254
135     154     28     1405
136     136     4     1333
137     137     40     2370
138     66     49     2234
139     51     38     5208
140     175     8     878
141     1     31     1449
142     177     30     1249
143     29     22     2373
144     20     30     2198
145     159     36     5709
146     67     7     612
147     39     37     1682
148     185     40     4310
149     117     21     1179
150     78     36     433
151     49     28     3063
152     44     21     714
153     75     16     2951
154     168     34     1304
155     84     25     2383
156     130     3     3252
157     87     4     861
158     143     17     290
159     53     33     3208
160     122     10     829
161     175     24     3482
162     191     14     690
163     7     39     5128
164     73     8     907
165     145     42     894
166     164     39     3512
167     91     17     1197
168     5     7     2571
169     198     36     5736
170     49     12     1275
171     99     3     1818
172     61     38     1316
173     190     6     3304
174     50     7     1112
175     7     24     5679
176     45     38     1045
177     136     21     1959
178     23     25     1318
179     127     20     1611
180     100     4     5134
181     91     10     1033
182     123     4     4521
183     60     16     965
184     69     32     2623
185     170     18     2334
186     199     38     4046
187     158     34     991
188     196     24     819
189     92     19     4055
190     196     35     208
191     87     44     5702
192     111     49     383
193     7     39     1424
194     23     30     4462
195     38     7     1403
196     123     23     898
197     8     46     2130
198     186     45     4109
199     155     42     1223
200     189     43     2543
201     148     14     57
202     64     13     5676
203     98     24     489
204     163     19     1135
205     54     43     2505
206     3     10     1932
207     199     42     1660
208     131     4     289
209     118     29     4194
210     62     37     514
211     47     9     208
212     193     11     1046
213     49     13     2767
214     44     14     2514
215     25     10     4629
216     35     31     415
217     109     41     373
218     33     32     661
219     63     14     108
220     40     9     613
221     27     14     3165
222     130     18     447
223     34     29     3179
224     26     3     1216
225     168     33     2883
226     82     37     1053
227     42     46     5057
228     37     28     382
229     48     14     1934
230     35     11     3507
231     12     10     1071
232     196     26     5155
233     121     28     719
234     182     22     4862
235     41     17     122
236     4     2     4869
237     18     19     1193
238     62     4     1171
239     130     38     5146
240     19     46     522
241     164     16     3612
242     152     28     474
243     189     24     4609
244     50     41     738
245     32     35     1347
246     152     47     4455
247     158     13     582
248     52     43     3147
249     26     48     403
250     67     34     5650
251     7     33     1397
252     144     3     1200
253     114     13     3650
254     56     45     978
255     194     46     294
256     194     5     4457
257     161     23     712
258     25     33     3018
259     110     41     354
260     21     35     3326
261     107     6     21
262     45     25     29
263     42     7     5370
264     46     4     652
265     77     42     214
266     165     40     4786
267     64     12     703
268     35     15     31
269     2     7     1553
270     10     11     1495
271     121     13     1284
272     181     31     4762
273     165     10     292
274     37     31     2588
275     97     29     5601
276     195     30     1193
277     157     14     610
278     29     16     1368
279     22     3     1162
280     66     46     1223
281     139     38     2196
282     48     26     805
283     96     16     698
284     140     19     5447
285     56     24     904
286     131     2     2836
287     61     4     5102
288     196     7     1403
289     17     14     3258
290     197     7     268
291     121     17     802
292     120     37     1567
293     184     44     1390
294     30     34     5559
295     111     18     1320
296     156     21     3421
297     76     45     61
298     188     42     1893
299     88     33     2699
300     181     11     4656
