1       10        8       28
2        8        7       60
3        8        4      101
4        5        6      104
5       15        7       17
6        9        9       69
7       14        8       24
8       14        4      134
9       13        7      114
10       12        3       35
11        4        2      103
12       15        2      162
13        3        5        6
14        3        4       27
15        4        2      111
16        3        7      123
17       12        7       69
18       11        6       65
19       10        6       50
20        3        4        6
21       13        7      136
22       14        2       95
23        7        7       33
24        3        7      131
25        8        4      166
26        8        8       32
27       14        4      131
28        6        8      120
29        3        2       50
30        6        6       54
31        3        7      151
32       14        6       26
33       12        3      115
34       13        9       97
35        7        2        7
36        7        6       65
37       13        7       76
38       10        4      152
39        9        7      150
40        3        4       76
41        5        8       13
42        7        2      141
43       12        7      139
44        6        3       77
45       14        4       57
46        8        3      164
47        3        5       46
48        5        9       38
49       13        9       43
50       11        7       52
51       13        8      138
52       13        6       52
53       13        6       58
54       15        2       25
55       13        2       11
56        6        9      154
57       13        8       28
58       10        4      153
59        9        9      154
60        3        1      129
61        8        3       34
62       11        4       86
63       12        9       39
64        7        9        7
65       13        3      112
66        4        9       67
67       11        2        7
68        5        1      142
69        4        6       65
70        5        1      115
71        9        5       87
72        7        9      159
73        8        5      104
74        4        5      110
75       12        1      111
76        6        5      102
77        7        8       58
78        7        3       37
79        6        2      138
80        3        1      136
81        3        5       90
82       10        2        8
83        7        9      165
84        5        4      162
85       10        6      108
86       14        6      118
87        9        9       29
88        3        4       35
89       15        3      126
90       10        3       21
91       10        9       46
92       15        2       69
93       10        7      100
94        8        9       90
95       11        2      106
96        5        1      104
97       10        8       84
98       10        6      116
99        8        5      150
100       10        9      167
101        8        2       81
102       12        8      156
103       15        8      147
104       15        8      151
105       13        1      148
106        7        9       87
107       15        1       44
108        3        6       86
109        3        9      135
110        5        2       79
111        7        7       60
112        6        5       81
113       14        4      163
114        8        2       15
115        8        2      138
116       10        4      136
117       13        3       53
118        6        8      142
119        3        3       31
120       11        6      125
121        7        4       37
122        6        4      141
123       13        1       70
124        6        1      115
125       12        1      151
126       10        5        4
127        7        9       13
128        3        4      139
129       14        2       45
130        5        5      130
131        5        5       68
132       12        2       45
133        6        5       85
134       12        7      156
135        7        4       36
136       14        9      125
137        5        7       71
138        6        3      128
139       15        5       90
140        5        3       60
141       10        7      122
142        9        5       66
143       13        3      139
144       12        9      161
145        9        2       23
146       12        3       87
147       13        4      146
148        3        5      111
149        5        4       61
150       10        9       48
151        6        7      120
152        7        3       49
153        8        3      159
154        9        9       97
155        6        9       83
156       12        6      163
157        4        4      147
158       13        4       91
159       14        5      106
160        3        1       42
161        3        3      165
162       11        1       78
163        9        3      152
164        3        2        7
165        7        4      123
166        9        8      139
167        3        6      112
168        4        9      112
169       10        7       90
170        4        3       17
171       14        4      152
172        7        3       96
173        7        4       97
174        5        1       78
175        4        2       48
176       10        4      121
177        3        2       76
178        3        8      137
179       13        8       76
180       15        4      110
181        3        7       28
182        4        3      125
183       14        5       80
184        9        1       53
185       13        9       45
186       11        7       65
187        6        4       36
188        9        8      141
189        3        2       88
190       13        7      102
191        4        7       65
192       10        6       29
193        4        5       82
194        6        1      160
195        3        4       83
196       11        5       29
197       11        8      101
198        9        8      137
199        7        2       95
200        7        1       81
201        4        3       69
202       13        8      138
203       13        7       62
204       10        9      139
205        6        9      166
206        6        9       35
207       11        3        2
208        8        9      144
209       12        9       20
210       12        3      165
211       10        3       41
212        9        1       30
213       12        8       66
214       11        7      142
215       10        2       64
216       11        3       19
217        6        6       39
218       14        1      124
219        8        8      154
220        6        6       10
221       13        6       55
222       10        2      126
223       11        5      113
224        7        8      106
225       12        7       70
226        7        3        0
227       11        8      124
228        9        6       96
229       12        7       10
230       10        1      165
231        4        8       42
232        9        8      126
233       12        7        1
234       14        5      106
235        7        3      101
236       15        4       12
237        3        3       23
238       12        2       24
239       13        3       43
240        9        8       54
241        5        5       45
242       11        8       82
243        3        2      129
244        7        1      133
245       14        6       32
246       13        9       24
247       10        6       48
248       13        1       99
249        9        8      134
250        7        7      100
251       13        2       77
252       12        9      105
253       11        2        6
254        7        9       67
255        3        8      131
256       11        3       51
257        9        3       55
258       10        1      125
259       10        2      132
260        5        3       71
261       12        3       57
262        6        1       64
263       13        9       40
264       13        3      145
265       12        3       44
266       15        1      114
267       10        1      125
268        4        1       59
269       11        7       78
270       12        3      119
271        9        1       64
272        6        5      115
273       13        5      145
274        8        2       34
275       15        1      155
276        6        4       46
277        7        5      148
278       12        8       38
279        9        6       47
280        7        5       59
281        7        9      120
282        8        9       47
283        3        7       76
284       12        6      131
285        5        9      118
286        3        4        4
287        7        9       23
288       11        9      128
289       13        2      103
290       15        4      145
291       12        5       82
292        4        7       18
293       12        9      156
294        9        1       19
295       15        3       18
296       11        2      122
297        4        3      135
298        6        4       98
299        9        7      110
300       11        7        1
