1        8        7      159
2       10        9       30
3        4        7       71
4        3        6      169
5       11        6       87
6       14        3      160
7        8        6      115
8        4        1       50
9       15        5       50
10        5        3      100
11       11        5       17
12       15        8       38
13        4        5      123
14       13        1        9
15       15        6       65
16       13        6      152
17       11        2       75
18        9        3      118
19        3        7      149
20        5        9       31
21        3        8       99
22       14        3      122
23        7        3       96
24        4        3       59
25        7        3      163
26       12        6       51
27        8        2      152
28       14        4       68
29       10        1        6
30        6        3      119
31        5        7       66
32        5        9      142
33        6        2       20
34       14        6      131
35       10        9       20
36        8        3       98
37        5        1       45
38       14        8      104
39        4        6      156
40        5        3       27
41       11        5      128
42        7        9       10
43        7        3      122
44        5        5      105
45       10        3       50
46       14        2      161
47       11        7      139
48       11        2       70
49        4        1      135
50        8        2       34
51        7        7      138
52        7        7       70
53       13        1       65
54        4        3       95
55        8        4      109
56       11        6      150
57        3        7      145
58        5        3       10
59       11        6       95
60        4        9       19
61        8        4       93
62        5        1       61
63       14        9      121
64        9        9      148
65        7        1      112
66        6        3      124
67        9        6       99
68       11        2       48
69       13        5       30
70        7        2       44
71       11        7      101
72       13        5        8
73       11        1       55
74        4        2       81
75        8        2      127
76        7        6      154
77        9        5       82
78        4        4       52
79        5        4      115
80        9        9       84
81       13        5       40
82       11        1       60
83        4        8      128
84       11        9       82
85        7        9       90
86       13        8        5
87        4        4       96
88        7        5      116
89        7        8       45
90        6        6        9
91       10        9       24
92        3        6       29
93       10        6       67
94       12        7      137
95        7        2      145
96        7        8      167
97       12        5       99
98        7        4      163
99       14        9       92
100       15        3       20
101       15        8       69
102        5        1      106
103       13        3      166
104       11        8       19
105        4        9      137
106        6        8      118
107       14        9      104
108        6        8      132
109       10        6       73
110        3        9       22
111       12        1       66
112       13        7      133
113       10        9       88
114       10        8      148
115        4        8       88
116       13        7      158
117       11        6      144
118       11        7      144
119        6        6       62
120        3        9       59
121       15        5       99
122       11        1       10
123        8        2       44
124       15        9       72
125        4        5        3
126       10        2       25
127        3        2       65
128        9        8      114
129        6        1       17
130       12        2       81
131        4        7       18
132       10        1       68
133       13        5      158
134        9        9       26
135        7        5      102
136        4        3       69
137       15        3      159
138       15        8      113
139        7        2       64
140        5        2       37
141       12        7       21
142        6        3      154
143       14        9      110
144        5        2      103
145       13        3      100
146        7        5       97
147       11        4       92
148       12        8      101
149        4        7      169
150        6        9      165
151        7        9       16
152        5        3       70
153        5        3       69
154       12        5       79
155        5        8      116
156        9        5       44
157        6        1      159
158       10        5       86
159       13        5       67
160        5        5       58
161       12        7       26
162       15        2      116
163       14        1       96
164       14        4       85
165        6        4       15
166       14        9       11
167        8        6        5
168        5        8      159
169        9        9       71
170        9        3       35
171       11        5       45
172        9        4        1
173        5        2      106
174       11        5       66
175        7        8      161
176        6        2       80
177       14        8      103
178       11        3      113
179        5        3      114
180        6        7      106
181        6        5       79
182       13        4      104
183       12        5       13
184       12        1       14
185        6        1        7
186        8        6       89
187        8        1       55
188        6        2      103
189        6        3       45
190        6        7      168
191        8        8       84
192       15        1      101
193        9        2      107
194        4        4       54
195       10        8       55
196        8        9      100
197        3        8       48
198        7        2       95
199        6        2       19
200       11        7       62
201       10        9       71
202        7        8       46
203       14        5      150
204        7        5       42
205       15        1      100
206        4        8       92
207        3        6       47
208       12        9       55
209       12        2       35
210       12        3      120
211       12        2       70
212       14        8      165
213        8        4       58
214        6        9      163
215        9        2      156
216       15        1        0
217       10        2       45
218        5        1      148
219        5        4       85
220       10        2       81
221       14        5      118
222       12        8      118
223        5        8       54
224       14        2      163
225        3        3       66
226        7        5        2
227        7        1      164
228        4        7       25
229       10        7       89
230        5        7      139
231        5        2       33
232       12        8        8
233        8        1       53
234        7        8      112
235       10        8       84
236       13        2       57
237        7        8       43
238        5        7      143
239       12        3      154
240        3        7       90
241        3        8       37
242       10        3      107
243        3        7      109
244        6        5       24
245       10        5      134
246        7        5      119
247       11        4       83
248       10        2       39
249       12        6      137
250       11        6      168
251        4        2       71
252        3        5      156
253        5        3       43
254        8        7       80
255        5        3       91
256       14        2       67
257        8        8      168
258        8        5      128
259       12        7      161
260        5        2       79
261        8        4      150
262        9        7        7
263       12        1       72
264        7        2      131
265       15        3      117
266        3        9      136
267        9        9        2
268        4        5      166
269       10        6       33
270        6        3       43
271       11        6      151
272        3        7       21
273        9        5      117
274        4        6       82
275       11        9      114
276       10        6       34
277        4        7       95
278        3        8       46
279       13        6       73
280       10        3        3
281        5        9      103
282       14        8      168
283        3        5      117
284        8        4       90
285       11        8       12
286        5        8      110
287        6        5       54
288        4        4        6
289        5        8       79
290       13        1       25
291       10        8      108
292        8        1       21
293        4        7       49
294        4        4       67
295        8        9      162
296        3        8       42
297       14        5      101
298       12        3       82
299        3        6      169
300        3        1      116
