0        62        62
0        62        62
0        62        62
0        62        62
0.001        62        62
0        62        62
0        62        62
0        62        62
0        62        62
0        62        62

0        63        63
0        63        63
0        63        63
0        63        63
0        63        63
0        63        63
0        63        63
0        63        63
0.001        63        63
0        63        63

0        65        65
0        65        65
0        65        65
0        65        65
0.001        65        65
0.001        65        65
0        65        65
0        65        65
0        65        65
0        65        65

0        56        56
0        56        56
0        56        56
0        56        56
0.001        56        56
0        56        56
0        56        56
0        56        56
0        56        56
0        56        56

0        63        63
0        63        63
0.001        63        63
0        63        63
0        63        63
0        63        63
0        63        63
0.001        63        63
0        63        63
0        63        63

0        62        62
0        62        62
0        62        62
0        62        62
0        62        62
0        62        62
0        62        62
0        62        62
0        62        62
0        62        62

0        41        41
0        41        41
0        41        41
0        41        41
0        41        41
0        41        41
0        41        41
0        41        41
0.001        41        41
0        41        41

0        59        59
0        59        59
0        59        59
0        59        59
0        59        59
0        59        59
0        59        59
0        59        59
0        59        59
0        59        59

0        61        61
0        61        61
0        61        61
0.001        61        61
0        61        61
0        61        61
0        61        61
0        61        61
0        61        61
0        61        61

0        59        59
0        59        59
0        59        59
0        59        59
0        59        59
0.001        59        59
0        59        59
0        59        59
0.001        59        59
0        59        59

