1     34     49     149
2     59     34     188
3     24     28     485
4     6     41     10
5     23     18     227
6     99     49     627
7     86     28     167
8     91     26     216
9     79     32     105
10     86     40     585
11     91     36     29
12     30     44     307
13     89     42     403
14     24     8     69
15     8     26     381
16     92     31     132
17     11     11     422
18     65     13     5
19     17     34     444
20     95     23     14
21     23     11     90
22     76     25     14
23     95     23     29
24     30     41     586
25     17     6     118
26     2     44     12
27     70     8     268
28     91     23     77
29     98     19     252
30     49     37     656
31     77     1     71
32     53     12     64
33     56     34     578
34     52     35     168
35     88     23     156
36     62     24     563
37     42     10     152
38     30     36     110
39     87     47     330
40     47     28     237
41     54     22     290
42     97     34     34
43     73     7     264
44     11     40     637
45     10     39     63
46     47     27     237
47     67     44     501
48     60     26     52
49     49     15     599
50     46     23     57
