0.174     714     714
0.23     714     714
0.227     714     714
0.227     714     714
0.23     714     714
0.23     714     714
0.227     714     714
0.227     714     714
0.23     714     714
0.23     714     714
             
0.242     710     710
0.155     710     710
0.156     710     710
0.156     710     710
0.242     710     710
0.242     710     710
0.156     710     710
0.156     710     710
0.155     710     710
0.242     710     710
             
5     614     611
5     626     611
1.021     611     611
1.021     626     611
5     626     611
5     626     611
1.021     626     611
1.021     611     611
5     626     611
5     626     611
             
0.267     673     673
0.341     673     673
0.213     673     673
0.213     673     673
0.341     673     673
0.341     673     673
0.213     673     673
0.213     673     673
0.341     673     673
0.341     673     673
             
0.414     723     723
0.134     723     723
0.235     723     723
0.235     723     723
0.414     723     723
0.414     723     723
0.235     723     723
0.235     723     723
0.134     723     723
0.414     723     723
             
0.211     663     663
0.134     663     663
0.345     663     663
0.345     663     663
0.211     663     663
0.211     663     663
0.345     663     663
0.345     663     663
0.134     663     663
0.211     663     663
             
5     550     528
5     549     528
5     554     528
5     554     528
5     550     528
5     550     528
5     554     528
5     554     528
5     549     528
5     550     528
             
0.082     726     726
0.155     726     726
0.132     726     726
0.132     726     726
0.155     726     726
0.155     726     726
0.132     726     726
0.132     726     726
0.155     726     726
0.155     726     726
             
1.342     640     629
1.22     629     629
5     640     629
5     640     629
1.342     629     629
1.342     629     629
5     640     629
5     640     629
1.22     629     629
1.342     640     629
             
5     627     625
5     631     625
5     633     625
5     633     625
5     631     625
5     631     625
5     633     625
5     633     625
5     631     625
5     631     625
             
