0.013     714     714
0.014     714     714
0.012     714     714
0.012     714     714
0.014     714     714
0.014     714     714
0.012     714     714
0.012     714     714
0.014     714     714
0.013     714     714
             
0.003     710     710
0.003     710     710
0.003     710     710
0.003     710     710
0.003     710     710
0.003     710     710
0.003     710     710
0.003     710     710
0.003     710     710
0.003     710     710
             
5.005     612     611
0.295     611     611
5.005     620     611
5.005     611     611
5.005     612     611
5.005     612     611
5.005     611     611
5.005     620     611
0.295     611     611
0.295     611     611
             
0.054     673     673
0.185     673     673
0.064     673     673
0.064     673     673
0.185     673     673
0.185     673     673
0.064     673     673
0.064     673     673
0.185     673     673
0.054     673     673
             
0.002     723     723
0.002     723     723
0.002     723     723
0.002     723     723
0.002     723     723
0.002     723     723
0.002     723     723
0.002     723     723
0.002     723     723
0.002     723     723
             
0.14     663     663
0.196     663     663
0.165     663     663
0.165     663     663
0.196     663     663
0.196     663     663
0.165     663     663
0.165     663     663
0.196     663     663
0.14     663     663
             
5     544     528
5.002     551     528
5.003     551     528
5.003     551     528
5.002     544     528
5.002     544     528
5.003     551     528
5.003     551     528
5.002     551     528
5     544     528
             
0.036     726     726
0.024     726     726
0.031     726     726
0.031     726     726
0.036     726     726
0.036     726     726
0.031     726     726
0.031     726     726
0.024     726     726
0.024     726     726
             
5.001     631     629
5.004     633     629
5.005     640     629
5.005     631     629
5.004     633     629
5.004     633     629
5.005     631     629
5.005     640     629
5.004     633     629
5.001     631     629
             
5.004     628     625
5.004     628     625
5     633     625
5     633     625
5.004     628     625
5.004     628     625
5     633     625
5     633     625
5.004     628     625
5.004     628     625
             
