1     22     24     231
2     42     10     1183
3     11     43     136
4     37     39     1168
5     28     27     233
6     1     7     648
7     15     23     212
8     17     41     27
9     30     6     679
10     16     3     271
11     46     31     194
12     19     49     1092
13     39     18     117
14     7     48     960
15     22     49     246
16     42     44     1090
17     37     1     219
18     47     35     372
19     37     8     481
20     44     39     937
21     33     6     8
22     30     3     1008
23     49     24     157
24     23     15     348
25     7     45     191
26     45     24     553
27     33     6     502
28     28     24     1108
29     27     46     166
30     11     7     711
31     2     12     246
32     4     7     81
33     28     41     557
34     47     30     242
35     22     47     663
36     24     43     256
37     41     31     190
38     1     2     483
39     9     44     715
40     17     13     292
41     34     4     1009
42     43     14     296
43     27     5     1208
44     13     33     102
45     5     36     735
46     40     27     162
47     38     11     124
48     5     17     619
49     1     12     838
50     26     8     137
51     18     13     719
52     14     1     146
53     49     12     973
54     31     16     147
55     28     10     461
56     47     24     135
57     13     48     1097
58     18     2     170
59     17     29     23
60     28     32     405
61     12     42     156
62     8     9     652
63     18     20     236
64     47     32     543
65     46     2     4
66     19     22     464
67     43     35     899
68     24     14     167
69     10     41     850
70     35     10     196
71     19     9     333
72     15     48     373
73     28     11     155
74     37     43     9
75     28     42     28
76     36     33     140
77     49     31     350
78     29     45     779
79     33     41     288
80     11     9     708
81     31     23     68
82     7     4     1075
83     29     29     146
84     42     29     9
85     19     20     1035
86     28     22     278
87     6     18     679
88     45     27     120
89     17     3     449
90     23     45     470
91     47     42     46
92     25     33     435
93     8     13     645
94     12     20     76
95     32     12     587
96     32     35     1063
97     9     46     151
98     27     5     927
99     10     21     282
100     44     4     310
101     32     28     321
102     31     22     214
103     32     45     338
104     2     24     374
105     11     48     304
106     21     25     1177
107     34     5     191
108     48     21     877
109     33     29     212
110     45     27     465
111     19     21     298
112     3     12     1030
113     30     32     61
114     34     2     405
115     48     22     400
116     6     7     161
117     10     22     729
118     4     37     198
119     18     35     335
120     23     40     80
121     46     27     879
122     21     20     143
123     14     24     95
124     30     14     982
125     41     35     34
126     12     28     203
127     11     18     210
128     11     41     1078
129     35     4     301
130     8     3     1050
131     40     2     244
132     23     41     103
133     16     24     185
134     39     48     473
135     41     9     7
136     34     40     670
137     17     44     177
138     13     33     22
139     43     43     574
140     6     17     187
141     10     20     296
142     35     36     142
143     1     37     1036
144     32     31     311
145     7     18     668
146     37     38     109
147     47     7     443
148     6     43     339
149     45     30     1193
150     43     40     158
151     40     24     961
152     45     2     301
153     16     24     352
154     5     46     696
155     11     13     231
156     10     5     563
157     29     9     1128
158     48     14     141
159     28     1     296
160     31     6     1227
161     19     1     274
162     3     45     757
163     1     20     147
164     42     3     270
165     5     9     1199
166     31     4     147
167     13     10     881
168     48     47     106
169     29     43     100
170     9     29     748
171     38     21     50
172     11     9     1194
173     10     41     5
174     32     41     891
175     41     33     35
176     38     8     384
177     5     14     1121
178     34     44     125
179     31     1     43
180     34     46     1161
181     28     29     114
182     27     25     777
183     33     24     18
184     24     49     986
185     6     42     108
186     5     3     353
187     10     17     252
188     11     1     820
189     45     3     230
190     47     41     1187
191     14     7     241
192     12     28     291
193     26     42     1056
194     15     5     291
195     26     33     719
196     45     21     118
197     44     46     77
198     49     14     531
199     8     35     540
200     46     10     449
201     41     43     276
202     21     36     548
203     42     23     417
204     10     37     815
205     19     19     19
206     13     49     214
207     19     23     946
208     1     1     104
209     6     37     579
210     9     21     653
211     20     43     166
212     40     9     553
213     1     31     812
214     49     10     255
215     32     42     762
216     43     26     71
217     29     24     916
218     21     40     67
219     30     36     195
220     14     31     340
221     49     25     931
222     47     31     101
223     28     40     1199
224     15     42     283
225     7     11     294
226     18     36     417
227     24     32     435
228     3     10     302
229     43     21     657
230     39     22     33
231     24     10     1235
232     28     12     84
233     4     4     989
234     28     16     164
235     2     6     253
236     47     48     640
237     45     47     33
238     18     22     472
239     28     20     1126
240     40     37     130
241     13     9     319
242     27     48     1044
243     40     27     50
244     34     25     863
245     9     22     165
246     10     28     705
247     36     35     215
248     3     13     291
249     11     4     556
250     32     47     38
251     12     8     572
252     46     7     984
253     36     21     18
254     39     2     918
255     30     14     99
256     29     36     990
257     38     5     298
258     39     39     311
259     48     48     527
260     43     2     47
261     7     48     331
262     10     10     90
263     35     47     576
264     28     46     461
265     25     10     61
266     44     44     539
267     11     10     1219
268     49     29     130
269     40     48     449
270     6     40     352
271     47     28     1027
272     9     33     290
273     30     2     140
274     16     29     852
275     7     39     252
276     15     19     743
277     19     26     15
278     12     27     225
279     19     11     1203
280     46     9     34
281     46     32     206
282     3     1     25
283     25     41     599
284     4     26     506
285     6     24     646
286     4     21     46
287     14     18     566
288     46     22     234
289     28     38     626
290     44     14     26
291     7     21     546
292     26     44     1031
293     35     45     157
294     16     23     570
295     36     32     1131
296     2     42     252
297     28     2     646
298     4     30     308
299     35     19     608
300     28     30     1202
301     7     4     306
302     9     5     862
303     42     11     281
304     4     23     17
305     39     38     312
306     13     2     231
307     3     2     912
308     49     37     163
309     22     42     267
310     22     48     417
311     23     28     1010
312     11     4     4
313     31     32     855
314     14     29     129
315     5     22     1232
316     6     40     187
317     29     25     780
318     36     15     64
319     32     2     373
320     14     14     785
321     41     5     128
322     3     46     487
323     9     33     77
324     8     16     393
325     38     39     290
326     43     48     722
327     4     30     187
328     40     36     780
329     12     31     31
330     31     42     162
331     33     21     284
332     49     49     932
333     41     24     167
334     44     26     154
335     8     45     61
336     27     14     931
337     3     16     121
338     45     31     74
339     21     44     544
340     36     16     209
341     48     41     51
342     5     40     823
343     44     9     245
344     8     24     675
345     39     47     19
346     33     8     846
347     37     45     2
348     19     34     30
349     3     36     749
350     43     26     44
351     43     27     891
352     36     34     195
353     25     49     478
354     2     18     553
355     6     24     1124
356     39     32     17
357     4     11     107
358     48     13     554
359     27     25     1221
360     8     8     261
361     28     14     312
362     33     1     21
363     19     23     483
364     33     36     465
365     36     43     525
366     48     7     190
367     26     20     252
368     36     18     1159
369     16     30     28
370     10     9     435
371     13     4     738
372     41     6     146
373     40     27     430
374     5     32     976
375     8     12     286
376     3     35     998
377     44     44     129
378     14     20     42
379     33     46     403
380     46     46     594
381     22     9     405
382     6     16     336
383     2     7     902
384     43     22     58
385     7     25     128
386     25     9     838
387     46     34     226
388     15     33     2
389     3     33     443
390     23     3     879
391     13     33     175
392     28     25     836
393     30     21     163
394     38     12     977
395     34     23     168
396     3     14     606
397     28     31     708
398     19     30     292
399     7     24     1148
400     6     8     164
401     33     33     486
402     34     49     1126
403     18     22     207
404     30     44     1056
405     10     9     225
406     31     38     1137
407     37     15     190
408     43     37     1119
409     47     14     199
410     35     23     370
411     45     34     884
412     28     28     157
413     2     12     1032
414     37     11     268
415     25     28     987
416     23     7     288
417     5     35     971
418     11     46     231
419     29     18     596
420     38     41     570
421     20     11     358
422     21     1     880
423     15     44     164
424     7     21     1067
425     3     34     28
426     16     9     171
427     22     44     753
428     14     49     309
429     19     37     421
430     45     1     190
431     33     20     576
432     19     42     1220
433     12     2     210
434     17     30     831
435     7     40     58
436     33     11     78
437     29     8     823
438     16     27     127
439     36     36     1144
440     49     5     304
441     8     35     1140
442     34     15     260
443     1     29     703
444     20     47     119
445     37     34     1134
446     31     47     156
447     32     28     556
448     16     13     257
449     30     37     527
450     20     38     219
451     45     20     817
452     26     25     56
453     27     31     1036
454     21     20     217
455     21     22     289
456     19     40     1093
457     38     10     149
458     21     36     581
459     42     21     894
460     26     36     305
461     25     37     693
462     27     47     230
463     7     4     1049
464     16     13     285
465     25     44     253
466     38     42     964
467     35     25     77
468     5     16     8
469     6     47     1051
470     46     2     152
471     41     19     986
472     5     47     85
473     40     26     392
474     31     47     740
475     1     21     130
476     35     37     688
477     29     20     6
478     42     23     625
479     15     32     99
480     4     44     1166
481     7     10     29
482     10     37     643
483     10     3     248
484     41     27     909
485     45     10     87
486     16     23     556
487     23     12     653
488     35     23     41
489     2     18     34
490     31     23     547
491     46     13     383
492     16     30     749
493     45     45     221
494     20     29     604
495     7     1     936
496     5     35     102
497     12     10     822
498     29     41     25
499     17     7     879
500     46     16     262
