1     64     7     749
2     161     145     12656
3     55     148     1060
4     135     162     6727
5     14     22     247
6     130     170     7079
7     76     136     131
8     138     104     8457
9     131     31     465
10     44     68     797
11     137     44     4151
12     162     104     1292
13     17     176     5753
14     171     108     11066
15     42     197     2726
16     177     161     4674
17     132     107     10105
18     158     35     1470
19     100     76     11957
20     93     36     325
21     38     191     2333
22     92     164     5814
23     164     109     7971
24     80     148     509
25     127     47     10260
26     160     161     1750
27     130     76     10282
28     184     180     2522
29     1     176     7500
30     169     51     3182
31     107     27     11990
32     174     9     1164
33     154     81     3889
34     12     179     12677
35     165     98     1313
36     94     79     6826
37     188     18     1583
38     161     27     2742
39     197     132     11378
40     168     126     1401
41     99     44     2220
42     136     102     11132
43     113     181     853
44     30     40     8242
45     135     150     1747
46     186     77     1847
47     101     118     1217
48     21     193     3498
49     60     79     12248
50     181     89     3182
51     59     141     2126
52     185     156     7508
53     114     154     2521
54     23     35     11664
55     141     133     2877
56     79     46     872
57     129     122     8766
58     25     68     2215
59     121     64     10248
60     52     12     2609
61     192     47     1284
62     165     172     2684
63     181     176     153
64     71     193     6662
65     79     195     5
66     145     130     4730
67     118     37     2496
68     8     186     2188
69     73     72     1178
70     57     115     7922
71     94     27     2976
72     58     96     848
73     162     40     10126
74     93     178     1552
75     139     154     981
76     35     61     646
77     1     39     8007
78     67     149     787
79     133     139     7731
80     110     145     687
81     146     124     11903
82     123     124     2746
83     115     169     640
84     55     45     7912
85     197     15     1639
86     98     18     7282
87     49     140     1811
88     41     62     2273
89     90     100     1219
90     84     93     7342
91     1     22     2353
92     161     90     4955
93     25     105     9985
94     197     4     2259
95     166     195     2550
96     55     99     278
97     40     193     7129
98     21     25     1119
99     82     192     9131
100     50     23     2202
101     111     178     923
102     88     118     1287
103     154     130     11838
104     186     183     2336
105     198     154     11629
106     114     155     1271
107     29     161     3376
108     49     22     6850
109     129     112     2326
110     107     188     5292
111     159     18     5396
112     130     10     4416
113     34     175     11618
114     133     105     1498
115     91     18     12260
116     52     67     2221
117     67     40     2503
118     119     162     12329
119     122     161     1958
120     49     19     10574
121     177     141     2878
122     163     51     8381
123     121     36     3101
124     192     57     7617
125     188     138     1309
126     137     182     8663
127     145     142     1336
128     185     117     11900
129     54     112     2664
130     99     96     9447
131     21     187     649
132     85     148     10200
133     139     136     178
134     152     199     149
135     95     184     5189
136     106     136     11729
137     193     151     2119
138     54     135     12712
139     3     199     1576
140     66     146     7222
141     109     57     14
142     16     45     10779
143     144     74     1186
144     158     72     5246
145     93     17     11239
146     71     57     1267
147     32     2     1004
148     11     188     1765
149     181     147     12065
150     107     59     1990
151     130     147     9480
152     80     51     2409
153     142     48     5536
154     8     125     10790
155     154     48     315
156     149     161     9810
157     194     36     1952
158     72     86     10952
159     64     60     497
160     92     148     7164
161     120     60     1573
162     53     107     12031
163     133     53     3126
164     63     126     10635
165     21     66     2711
166     189     88     496
167     34     99     8012
168     73     52     258
169     105     81     11423
170     69     89     217
171     34     96     1516
172     49     80     11217
173     155     188     709
174     53     66     10364
175     169     33     300
176     74     197     6213
177     157     102     9649
178     114     47     1291
179     23     62     5946
180     187     147     9899
181     68     96     1481
182     101     43     173
183     38     114     2762
184     151     159     10407
185     111     87     1391
186     108     10     7942
187     194     168     1478
188     50     198     1594
189     21     107     11216
190     126     34     1249
191     47     174     5090
192     86     70     11736
193     161     38     185
194     117     117     11067
195     146     78     2108
196     12     50     6643
197     147     18     3167
198     18     193     5349
199     24     139     1910
200     173     7     2336
201     7     109     10754
202     119     174     123
203     21     7     10161
204     142     113     1470
205     160     37     878
206     22     2     3182
207     63     151     3678
208     153     93     8219
209     190     198     2682
210     197     120     9023
211     191     107     2333
212     1     59     5196
213     58     6     11845
214     19     24     1328
215     50     197     8859
216     25     51     2578
217     72     163     507
218     44     44     1552
219     47     176     8040
220     160     153     799
221     166     63     7389
222     186     86     2922
223     143     188     10457
224     37     104     2865
225     199     188     11314
226     189     154     288
227     181     161     4666
228     179     130     7886
229     195     7     2677
230     45     112     2245
231     155     15     9970
232     8     42     2166
233     71     28     2921
234     119     159     317
235     199     173     3733
236     85     101     3470
237     104     154     6881
238     43     138     2254
239     62     199     10339
240     37     80     1635
241     67     50     4658
242     11     60     4387
243     136     81     7434
244     191     4     1510
245     196     43     2113
246     32     111     420
247     20     61     7249
248     117     141     2016
249     121     193     3960
250     27     43     2272
251     91     112     1619
252     174     71     2932
253     143     39     1814
254     63     42     3053
255     3     107     10457
256     139     197     1597
257     199     121     12749
258     105     10     2122
259     110     167     12389
260     133     28     1031
261     71     88     5422
262     83     1     1671
263     14     98     843
264     47     96     7757
265     186     68     229
266     142     81     7722
267     141     141     438
268     5     33     11395
269     63     12     1369
270     69     114     2563
271     172     52     11711
272     35     22     329
273     65     195     9845
274     164     163     704
275     18     35     4252
276     87     7     7304
277     28     19     2960
278     60     30     1475
279     28     161     8909
280     171     189     1152
281     128     159     1413
282     130     83     10260
283     60     153     1806
284     100     176     9499
285     111     183     2403
286     165     157     4126
287     104     136     7051
288     44     130     851
289     90     194     2000
290     145     155     6819
291     157     23     1181
292     41     152     10340
293     32     138     2901
294     86     65     10999
295     17     119     563
296     59     114     10827
297     74     103     2979
298     68     49     7784
299     160     136     2060
300     111     170     5041
301     50     126     12308
302     149     64     359
303     35     102     5638
304     50     41     8125
305     30     82     57
306     183     199     10081
307     137     21     2803
308     53     50     4432
309     106     43     11667
310     59     47     2781
311     39     49     4948
312     15     57     10151
313     45     110     819
314     43     35     11162
315     122     190     1919
316     65     199     10244
317     150     70     1356
318     31     10     5944
319     11     150     10857
320     173     104     2940
321     38     1     2809
322     174     119     2410
323     80     82     11064
324     150     129     831
325     123     121     12610
326     188     115     634
327     18     109     11875
328     120     79     2535
329     46     110     7208
330     176     155     2595
331     6     189     7631
332     110     1     1084
333     117     108     8405
334     143     177     2781
335     187     50     7850
336     127     191     1616
337     133     82     9172
338     56     43     709
339     98     127     9350
340     148     179     234
341     133     10     3685
342     118     111     7548
343     97     88     305
344     77     85     5242
345     146     65     3802
346     108     120     6907
347     80     10     3104
348     123     158     5571
349     110     56     694
350     153     145     3798
351     57     32     6556
352     92     86     219
353     156     167     10608
354     158     97     29
355     40     164     12332
356     116     61     1829
357     26     2     2828
358     150     133     6274
359     117     155     8771
360     198     97     2285
361     16     61     514
362     24     73     6582
363     62     181     1772
364     131     93     2945
365     145     164     3179
366     93     174     7530
367     53     102     1475
368     48     183     11356
369     91     44     2903
370     126     83     4207
371     128     86     9241
372     45     136     2083
373     74     9     9050
374     195     83     456
375     69     52     6384
376     155     67     1847
377     130     177     6131
378     64     170     6930
379     191     163     835
380     111     143     4611
381     131     49     6749
382     35     114     455
383     22     39     1984
384     126     59     1289
385     44     93     7118
386     20     156     2077
387     129     87     11963
388     60     165     3006
389     13     35     2350
390     33     82     2558
391     100     64     11949
392     174     45     1245
393     35     176     11880
394     77     163     1861
395     124     137     4483
396     76     30     2405
397     126     83     6854
398     5     61     186
399     25     179     6370
400     85     18     1051
401     114     55     5022
402     115     145     936
403     170     124     4135
404     30     108     7674
405     122     71     1405
406     162     170     10673
407     190     125     745
408     166     150     7638
409     155     107     527
410     173     138     7206
411     107     195     2763
412     19     153     12724
413     190     162     2559
414     196     168     7049
415     8     19     40
416     84     46     5164
417     103     134     3986
418     132     99     6132
419     106     188     7449
420     145     121     2190
421     136     20     10998
422     115     14     141
423     22     104     192
424     21     136     10218
425     165     158     405
426     168     174     8207
427     124     65     1517
428     158     118     6883
429     185     29     2942
430     22     198     7461
431     153     131     1648
432     52     123     11216
433     130     101     3174
434     130     25     1916
435     163     158     6734
436     4     71     1605
437     187     57     3175
438     41     115     9002
439     103     15     502
440     85     5     9010
441     160     7     830
442     164     183     9190
443     144     186     518
444     133     65     11464
445     80     158     406
446     36     86     100
447     140     178     11277
448     71     21     3032
449     91     8     830
450     150     154     4190
451     28     97     11353
452     103     123     2210
453     147     57     12248
454     16     186     1423
455     77     97     1291
456     107     75     6749
457     135     23     2817
458     86     169     5733
459     179     112     5179
460     16     164     401
461     121     175     3383
462     174     151     4563
463     149     183     8748
464     155     138     2396
465     10     177     5131
466     190     64     8182
467     92     60     67
468     24     19     9723
469     10     44     2271
470     158     49     11993
471     147     61     1930
472     51     109     6092
473     189     139     8331
474     143     56     2407
475     95     49     1467
476     116     184     4270
477     198     149     5192
478     83     167     12355
479     70     42     528
480     97     125     7764
481     129     89     1866
482     140     67     5189
483     46     92     4859
484     145     194     12543
485     109     130     2067
486     64     58     7030
487     5     100     1897
488     8     164     11519
489     109     109     3147
490     147     20     3727
491     49     179     9980
492     62     30     1380
493     124     69     12065
494     142     14     2866
495     159     69     3997
496     199     100     11526
497     74     67     144
498     188     11     7989
499     1     121     2889
500     194     53     2245
