1     78     198     3997
2     18     146     11663
3     37     106     2328
4     181     176     11735
5     173     83     85
6     5     158     564
7     113     93     7465
8     119     81     1183
9     7     131     9136
10     165     191     1994
11     27     105     9104
12     112     108     1721
13     39     183     5227
14     54     123     4831
15     126     9     2710
16     132     53     10071
17     53     154     2905
18     142     51     4401
19     92     59     10777
20     144     102     2852
21     43     183     2394
22     82     82     7321
23     122     23     1734
24     6     173     313
25     175     14     4627
26     156     136     995
27     24     163     9243
28     62     43     2329
29     115     84     1930
30     40     85     1254
31     154     118     5350
32     153     112     2237
33     134     70     729
34     148     146     6153
35     99     100     9308
36     48     57     1905
37     127     12     7835
38     44     36     3135
39     115     103     5760
40     65     129     8812
41     111     137     1075
42     37     30     9095
43     22     191     2096
44     97     75     7141
45     27     178     2312
46     172     19     11881
47     125     115     1318
48     18     15     7962
49     43     11     2513
50     85     3     10484
51     174     82     389
52     116     64     11417
53     103     7     1540
54     145     197     9176
55     65     183     766
56     61     162     1778
57     133     94     6527
58     144     93     1296
59     112     142     12161
60     129     198     2766
61     143     185     11210
62     116     9     2934
63     147     188     1109
64     92     130     6472
65     178     26     2776
66     150     51     5569
67     181     7     9672
68     65     59     2790
69     7     53     2677
70     37     107     5125
71     158     29     8194
72     155     174     967
73     145     49     8700
74     156     127     1977
75     167     172     7124
76     197     114     1540
77     91     106     7399
78     175     69     1977
79     123     65     1142
80     158     22     10344
81     111     57     2003
82     109     63     9064
83     40     147     1557
84     46     99     2472
85     199     139     5530
86     155     72     9457
87     74     194     272
88     125     124     2466
89     113     150     127
90     122     2     8107
91     14     49     2500
92     11     74     3036
93     106     139     3117
94     125     173     9350
95     94     43     877
96     122     106     3679
97     73     70     8611
98     75     8     1506
99     138     153     11288
100     94     160     1372
101     74     11     10689
102     81     105     1899
103     139     154     8646
104     144     180     615
105     199     91     8621
106     195     159     2557
107     72     160     12420
108     83     17     2195
109     151     43     8614
110     126     188     1577
111     92     108     10910
112     8     185     185
113     102     64     507
114     73     49     6345
115     116     107     4193
116     35     84     1980
117     82     90     10765
118     16     109     668
119     122     151     8775
120     69     2     593
121     45     196     3932
122     52     15     11368
123     175     154     1584
124     181     97     613
125     96     4     3555
126     7     40     3483
127     94     109     1463
128     43     2     8218
129     66     59     1119
130     157     52     4884
131     120     70     6928
132     136     30     1089
133     186     183     12007
134     176     192     2759
135     199     18     8787
136     48     40     1764
137     139     168     4586
138     67     46     4482
139     75     66     10859
140     28     77     367
141     158     57     3462
142     52     46     5984
143     195     117     3717
144     169     163     9530
145     188     39     434
146     174     100     9119
147     5     176     216
148     77     2     12775
149     54     189     205
150     42     63     2327
151     155     148     4785
152     170     118     10542
153     113     80     1317
154     78     116     4763
155     190     94     12675
156     76     142     781
157     179     69     4224
158     142     24     12194
159     66     38     161
160     1     11     2313
161     190     106     9474
162     156     116     1577
163     192     152     12037
164     24     154     1321
165     94     196     4380
166     114     159     12223
167     3     140     2215
168     67     38     6181
169     181     55     6525
170     73     116     3016
171     162     161     4359
172     43     89     638
173     44     194     7686
174     64     156     465
175     54     62     5132
176     186     114     4873
177     86     24     6164
178     86     105     1325
179     36     30     10788
180     137     66     3019
181     130     97     10211
182     36     126     1399
183     10     42     8890
184     94     184     1353
185     44     124     1712
186     34     87     3468
187     114     149     10082
188     53     61     2786
189     5     9     10688
190     2     84     2827
191     77     89     3838
192     128     79     1746
193     134     105     7235
194     72     25     2195
195     94     27     4530
196     75     88     5926
197     108     60     10811
198     12     51     2600
199     18     122     1556
200     94     63     8711
201     104     110     3186
202     56     190     8184
203     108     100     415
204     123     76     6886
205     154     97     2157
206     164     3     2595
207     73     139     12283
208     180     30     364
209     6     1     2700
210     62     24     4524
211     182     27     3372
212     70     36     3813
213     177     2     10143
214     20     179     2934
215     186     11     10752
216     64     189     3171
217     146     193     5795
218     160     37     11379
219     114     167     1856
220     109     139     7094
221     68     104     626
222     17     172     6812
223     174     20     846
224     184     95     8458
225     151     111     1491
226     56     27     2129
227     150     44     10212
228     9     54     199
229     8     134     234
230     57     172     5524
231     52     153     6629
232     99     37     1377
233     133     176     12462
234     146     58     1167
235     187     33     6826
236     44     51     1877
237     52     195     5801
238     173     125     8884
239     41     43     41
240     66     94     7599
241     152     39     2429
242     61     180     7715
243     180     47     741
244     176     57     8391
245     99     32     2611
246     168     138     3547
247     52     183     1048
248     105     5     8447
249     79     171     2593
250     109     93     5491
251     60     26     3604
252     64     185     5066
253     178     173     3142
254     24     132     3989
255     13     112     5462
256     148     37     211
257     97     117     9660
258     89     121     178
259     101     82     12054
260     107     120     1452
261     179     7     1654
262     34     160     8388
263     112     66     626
264     15     84     12386
265     109     159     1720
266     161     56     1626
267     18     35     3195
268     149     157     71
269     2     194     2299
270     95     50     6655
271     48     148     2922
272     183     137     1604
273     138     108     10866
274     157     91     255
275     171     100     1931
276     109     191     11830
277     36     34     1129
278     160     109     8767
279     73     197     1327
280     25     109     2047
281     106     36     11291
282     161     99     1611
283     61     162     973
284     89     46     3470
285     8     190     6442
286     73     105     360
287     19     70     4942
288     198     117     6673
289     124     78     2372
290     42     107     3035
291     65     50     6005
292     155     41     4821
293     35     14     12306
294     10     96     851
295     124     105     12024
296     80     43     2377
297     168     82     2169
298     88     8     7692
299     151     130     2616
300     91     127     2615
301     120     163     10567
302     112     125     1571
303     180     70     4864
304     195     13     5486
305     147     160     7140
306     141     93     1963
307     193     170     8262
308     191     28     309
309     95     35     10453
310     103     184     2577
311     147     129     3798
312     51     57     7756
313     13     194     1491
314     126     125     4851
315     189     199     10055
316     135     50     2784
317     124     81     2140
318     111     65     903
319     120     75     6262
320     5     31     2834
321     72     198     3229
322     32     65     4591
323     187     48     3211
324     144     144     3802
325     158     50     1375
326     136     56     11992
327     57     26     2905
328     138     74     1254
329     71     150     5319
330     47     52     3233
331     33     174     7310
332     99     179     3058
333     19     199     9069
334     193     47     2924
335     47     67     2344
336     180     64     7317
337     114     156     1729
338     95     70     7956
339     140     139     2161
340     173     22     8267
341     75     84     3158
342     154     164     3611
343     116     11     1866
344     22     114     1678
345     131     96     2923
346     92     102     3290
347     133     175     6475
348     31     42     87
349     153     64     7364
350     188     131     2845
351     107     108     8403
352     85     161     902
353     188     104     5335
354     135     43     5952
355     161     114     7089
356     195     166     918
357     67     123     9727
358     143     15     1681
359     10     10     9538
360     113     178     499
361     135     105     1562
362     89     124     3182
363     49     94     9774
364     30     95     704
365     160     30     5792
366     38     9     11458
367     119     199     1250
368     11     137     12170
369     95     75     2642
370     113     105     5256
371     102     136     5484
372     193     155     4641
373     65     106     7741
374     100     34     2377
375     74     185     12460
376     82     164     2688
377     44     150     826
378     163     37     2154
379     98     18     2028
380     112     152     9287
381     178     52     1445
382     121     29     7155
383     188     125     2107
384     116     72     4742
385     186     89     9949
386     187     170     1464
387     118     76     6197
388     104     188     10985
389     130     144     2001
390     173     129     7284
391     99     29     2175
392     38     179     5493
393     23     34     5250
394     130     103     11478
395     62     24     2667
396     92     9     509
397     105     133     12200
398     170     167     25
399     34     149     1360
400     46     106     1199
401     144     185     10980
402     105     130     1056
403     24     96     11329
404     100     193     936
405     151     89     2660
406     85     74     3315
407     140     86     4754
408     105     17     10363
409     81     74     2613
410     98     95     10023
411     199     174     1675
412     195     98     9969
413     25     174     1797
414     64     143     9354
415     32     137     2608
416     70     76     226
417     83     43     1881
418     156     177     9390
419     124     114     2974
420     192     111     2747
421     198     118     4844
422     144     144     9847
423     177     139     1020
424     105     86     6572
425     133     151     2276
426     74     56     8465
427     125     129     1533
428     78     157     3415
429     152     26     12612
430     87     85     1085
431     115     172     61
432     116     114     4802
433     54     61     594
434     100     192     10166
435     120     84     286
436     80     86     163
437     181     168     9450
438     5     154     1172
439     140     119     3050
440     148     111     10270
441     188     103     1307
442     143     62     11187
443     198     130     406
444     55     169     4060
445     70     120     1823
446     105     91     2493
447     175     125     9600
448     101     13     2460
449     63     155     4060
450     54     127     4806
451     190     114     9701
452     48     191     918
453     180     50     3099
454     72     2     10746
455     137     42     751
456     127     105     1503
457     155     66     8050
458     136     15     1703
459     66     6     5508
460     28     78     11135
461     115     63     1442
462     65     33     10411
463     122     8     2776
464     12     51     10124
465     179     48     2065
466     58     59     1637
467     143     96     815
468     198     107     9444
469     1     39     1283
470     90     126     11888
471     159     61     760
472     111     116     1735
473     1     187     1283
474     99     162     3866
475     12     7     3021
476     24     65     12256
477     35     118     2648
478     97     12     10659
479     125     151     2525
480     37     29     449
481     36     99     1203
482     64     118     7193
483     27     135     2016
484     199     129     7260
485     101     109     2937
486     95     91     3751
487     121     24     7858
488     182     47     2233
489     19     77     6689
490     25     90     2017
491     127     110     4698
492     32     56     12589
493     98     153     802
494     53     180     10433
495     49     44     2911
496     169     148     1303
497     40     25     2615
498     103     40     2288
499     134     95     8305
500     48     146     338
