1     163     185     4730
2     55     96     6285
3     57     154     537
4     82     104     5293
5     68     121     1493
6     188     17     10083
7     174     79     2180
8     176     81     1287
9     105     149     7644
10     98     140     149
11     129     40     9639
12     123     159     1217
13     145     117     9784
14     50     21     2833
15     120     20     2962
16     128     161     7462
17     112     122     1854
18     66     131     8626
19     178     137     2963
20     86     123     10008
21     45     4     1320
22     75     170     9791
23     25     89     2142
24     107     23     10857
25     148     112     207
26     193     194     4581
27     110     72     6361
28     102     111     1549
29     126     118     5985
30     123     9     658
31     71     130     3144
32     15     107     2789
33     103     187     2991
34     8     16     7682
35     3     175     974
36     67     10     6381
37     48     1     279
38     63     146     10349
39     75     25     2130
40     135     69     3866
41     168     195     8026
42     110     165     1620
43     124     188     10642
44     112     120     1058
45     124     7     2530
46     173     111     6772
47     185     187     2457
48     83     143     9947
49     31     179     581
50     67     162     2847
51     12     6     312
52     58     88     11324
53     68     107     25
54     156     27     4325
55     68     187     1345
56     9     64     8071
57     156     136     897
58     89     96     11035
59     154     103     895
60     18     192     1782
61     119     143     11177
62     96     58     1074
63     68     68     651
64     11     79     5305
65     38     27     2739
66     162     36     6827
67     117     28     1655
68     115     59     811
69     90     42     9555
70     160     33     2859
71     102     114     931
72     188     117     1875
73     3     124     5912
74     165     174     10292
75     113     47     1823
76     57     90     1285
77     22     50     3100
78     113     118     6836
79     94     127     591
80     31     127     4222
81     146     19     5097
82     59     150     4464
83     96     93     5415
84     154     123     10656
85     97     83     919
86     117     46     10825
87     143     194     2406
88     38     127     2162
89     144     19     6862
90     6     41     2835
91     131     195     1064
92     127     146     858
93     102     82     5300
94     116     170     1865
95     13     66     2217
96     43     45     2369
97     104     151     7585
98     26     117     348
99     185     88     9672
100     77     102     1760
101     147     145     659
102     100     174     7760
103     133     175     1065
104     33     152     5558
105     53     50     9335
106     188     77     2594
107     81     97     4288
108     196     117     2455
109     89     191     109
110     174     24     1062
111     37     32     3042
112     141     168     1746
113     14     56     3749
114     87     77     3750
115     35     59     9898
116     90     169     580
117     91     79     6412
118     70     115     1183
119     50     93     3222
120     145     24     11412
121     10     165     298
122     130     47     3318
123     196     84     7872
124     192     45     1495
125     79     109     3975
126     81     168     5568
127     69     122     6869
128     132     186     2210
129     75     187     7223
130     113     164     908
131     178     92     4747
132     191     116     5692
133     88     64     10254
134     43     11     2190
135     132     99     2776
136     24     12     4954
137     82     37     7026
138     94     193     649
139     102     129     4347
140     197     126     683
141     7     39     7061
142     75     196     1675
143     25     66     10521
144     37     164     2036
145     151     134     2796
146     6     46     1075
147     10     50     935
148     188     74     9972
149     13     154     44
150     132     12     6031
151     50     121     2327
152     20     189     4667
153     2     39     5879
154     162     153     3406
155     123     150     4400
156     36     12     6895
157     120     65     2446
158     151     169     11456
159     86     85     2424
160     73     56     5197
161     132     57     10418
162     163     136     273
163     192     32     5825
164     10     105     2161
165     172     103     8865
166     17     194     2029
167     68     164     6261
168     41     25     1288
169     111     123     8350
170     98     44     468
171     20     100     8542
172     142     49     683
173     145     96     678
174     157     99     1072
175     101     72     1531
176     80     34     6051
177     111     40     2025
178     90     123     4096
179     142     49     11514
180     19     134     2762
181     180     120     1645
182     165     2     9390
183     96     63     2657
184     59     155     8806
185     104     65     61
186     13     53     10509
187     20     162     2167
188     195     33     460
189     135     56     1692
190     14     99     3908
191     86     58     4563
192     157     114     5759
193     91     166     10990
194     123     128     1976
195     149     180     7144
196     163     46     2804
197     66     13     3954
198     109     91     10502
199     67     75     2725
200     35     72     11610
201     196     40     155
202     89     48     9887
203     19     24     472
204     30     145     8090
205     91     170     1841
206     24     135     2943
207     12     124     10723
208     104     71     1172
209     44     26     4544
210     135     66     4479
211     15     181     1998
212     6     34     2949
213     36     153     7121
214     161     190     1194
215     146     76     8548
216     6     151     2351
217     41     76     7055
218     70     24     1445
219     192     188     4299
220     70     160     11362
221     165     164     490
222     198     31     7281
223     135     139     2299
224     110     184     9507
225     69     47     1266
226     160     128     5469
227     80     186     7834
228     183     88     734
229     35     49     11945
230     98     113     1010
231     75     140     3973
232     130     16     11831
233     125     184     1460
234     188     101     778
235     199     40     7039
236     187     52     921
237     98     193     8562
238     2     188     1091
239     7     67     2421
240     70     71     8739
241     113     32     2909
242     128     134     7691
243     80     173     2750
244     82     35     4837
245     107     64     8102
246     150     155     517
247     122     49     8253
248     107     49     1609
249     138     147     2883
250     120     180     4871
251     92     62     2619
252     93     135     5895
253     128     142     5615
254     98     22     3133
255     6     162     4406
256     85     178     1883
257     43     89     5467
258     44     72     283
259     195     124     1273
260     18     99     2179
261     38     174     7474
262     167     127     1632
263     149     45     8785
264     5     77     1644
265     149     101     2118
266     138     143     8747
267     6     33     2836
268     55     119     8642
269     125     149     1080
270     133     145     2582
271     182     33     10710
272     99     10     854
273     183     53     10496
274     29     111     2655
275     49     147     6427
276     106     76     698
277     172     192     425
278     177     45     3372
279     99     35     4539
280     61     159     7074
281     33     93     420
282     61     106     10841
283     62     15     1731
284     177     19     9846
285     78     6     2775
286     25     35     297
287     164     50     1150
288     81     59     5709
289     48     141     2789
290     5     36     6764
291     34     66     576
292     27     9     978
293     39     70     6668
294     93     157     1153
295     154     94     1568
296     169     54     3079
297     111     77     4553
298     23     38     8690
299     151     66     1386
300     163     80     6746
301     48     87     2430
302     139     39     8049
303     57     124     1690
304     135     194     6677
305     7     35     227
306     45     50     9026
307     58     166     505
308     170     143     1744
309     194     176     468
310     116     180     8513
311     67     14     1145
312     136     74     254
313     92     112     10954
314     3     97     50
315     47     2     8355
316     70     181     2212
317     106     149     7928
318     72     58     255
319     15     122     1190
320     198     49     8404
321     15     54     544
322     172     157     4941
323     41     22     6691
324     41     139     2653
325     96     132     9115
326     35     167     1938
327     99     171     1597
328     51     191     7581
329     18     44     921
330     10     148     7842
331     82     88     2608
332     83     138     8243
333     82     37     2554
334     126     65     4422
335     156     99     6360
336     91     44     2800
337     132     56     6459
338     11     197     2078
339     115     170     1697
340     19     127     6966
341     4     175     1105
342     121     178     5840
343     24     197     487
344     33     58     2611
345     47     98     5361
346     148     55     375
347     143     55     6369
348     120     63     124
349     9     6     8758
350     187     143     2362
351     96     90     974
352     173     115     11516
353     166     56     997
354     76     48     8196
355     153     88     1557
356     84     117     4677
357     194     153     7083
358     1     180     2164
359     67     34     7793
360     63     79     1180
361     125     164     1564
362     189     14     11053
363     156     190     2018
364     176     125     7909
365     112     142     2139
366     113     7     6115
367     5     178     630
368     149     146     9490
369     13     138     2694
370     158     69     9560
371     116     193     128
372     30     5     2721
373     167     115     3642
374     185     92     3104
375     18     55     9484
376     139     164     23
377     173     25     10542
378     21     77     481
379     35     86     7164
380     102     134     1462
381     4     143     1870
382     87     4     2505
383     83     70     11092
384     94     27     2730
385     173     87     10855
386     136     41     2541
387     5     45     2664
388     139     142     4278
389     187     32     2905
390     59     166     1729
391     68     17     6415
392     142     4     1123
393     8     56     1013
394     112     84     10484
395     26     182     2306
396     71     131     9650
397     133     190     1247
398     197     158     2511
399     9     13     2773
400     167     90     10453
401     159     146     49
402     50     188     7623
403     87     140     2052
404     175     6     4034
405     106     106     7092
406     6     162     395
407     2     144     8371
408     173     173     1049
409     112     86     11932
410     97     89     1755
411     106     175     10104
412     4     58     1584
413     166     79     6894
414     122     192     2296
415     190     144     9525
416     193     65     627
417     166     56     10513
418     65     85     954
419     139     182     9067
420     36     191     1887
421     29     76     2703
422     150     170     11594
423     186     55     2197
424     167     142     1672
425     23     40     10273
426     175     82     2039
427     107     172     1040
428     194     103     10392
429     51     50     92
430     122     60     5726
431     170     20     9763
432     141     183     361
433     118     131     3382
434     114     60     6638
435     194     70     1221
436     3     144     2838
437     23     3     2917
438     193     191     2731
439     167     140     3500
440     193     160     4145
441     54     13     2045
442     107     56     7242
443     153     190     1772
444     103     68     5975
445     65     62     2716
446     2     123     853
447     6     137     5996
448     89     179     2090
449     71     39     9909
450     81     88     1392
451     105     159     2891
452     101     69     6229
453     104     23     2415
454     15     87     10246
455     62     196     2570
456     35     180     1301
457     69     47     9208
458     12     181     717
459     157     41     3170
460     24     42     1564
461     129     82     2526
462     138     45     46
463     151     2     5488
464     31     71     7360
465     44     81     1134
466     9     163     7286
467     26     149     1473
468     87     122     1647
469     12     62     10383
470     34     80     1322
471     190     81     11174
472     144     149     924
473     120     140     3818
474     19     159     133
475     58     87     7710
476     15     43     2724
477     2     152     1178
478     26     132     11268
479     13     183     2660
480     106     95     403
481     96     107     10912
482     155     37     2655
483     167     124     6596
484     144     19     940
485     57     36     7618
486     3     33     1063
487     122     195     8619
488     70     197     1344
489     108     49     6107
490     5     105     2266
491     50     116     10172
492     155     118     1867
493     159     130     5151
494     87     181     6108
495     175     97     2371
496     70     120     9333
497     129     103     2682
498     148     166     2638
499     143     65     4571
500     136     158     11757
