1     14     65     634
2     73     116     1489
3     69     81     178
4     45     141     779
5     39     62     482
6     46     137     557
7     26     176     2298
8     75     86     136
9     44     91     17
10     16     48     231
11     29     163     224
12     61     170     931
13     47     13     1643
14     85     106     604
15     93     170     2293
16     85     150     190
17     42     183     500
18     49     193     874
19     32     96     1200
20     38     19     127
21     10     34     1435
22     72     74     556
23     3     94     1008
24     10     16     2234
25     98     187     3
26     55     180     897
27     44     160     2365
28     78     41     367
29     14     126     808
30     60     77     1778
31     5     131     530
32     30     116     2187
33     64     151     350
34     67     19     1828
35     34     15     529
36     62     44     661
37     49     34     266
38     65     109     1680
39     78     146     11
40     62     176     2121
41     65     46     57
42     78     180     970
43     15     137     1125
44     39     20     525
45     73     13     74
46     65     147     2062
47     46     199     35
48     63     84     1336
49     41     186     183
50     84     1     375
51     21     118     1790
52     17     151     167
53     64     144     2125
54     66     152     621
55     50     9     1615
56     84     42     76
57     50     41     772
58     24     21     2249
59     71     158     186
60     11     3     872
61     12     122     128
62     34     55     446
63     21     42     2037
64     40     134     278
65     55     82     78
66     26     128     2203
67     61     92     497
68     19     142     1797
69     99     68     247
70     54     111     2347
71     35     133     254
72     94     22     2194
73     93     147     106
74     98     7     339
75     90     154     34
76     36     68     2445
77     46     62     156
78     36     73     1174
79     68     164     2507
80     83     151     458
81     59     99     1914
82     33     67     75
83     97     23     513
84     87     6     2302
85     40     32     340
86     41     31     1885
87     78     82     610
88     87     70     919
89     81     182     2406
90     5     118     538
91     88     46     1190
92     63     114     180
93     7     88     777
94     96     165     1299
95     53     49     625
96     41     27     1336
97     55     152     618
98     91     140     985
99     41     65     227
100     81     26     250
101     23     157     2139
102     74     53     517
103     30     60     153
104     58     52     2348
105     15     44     521
106     12     120     2036
107     78     157     44
108     57     108     584
109     33     27     936
110     35     61     1916
111     88     19     0
112     67     35     2185
113     42     126     413
114     35     26     2372
115     45     15     323
116     63     170     76
117     77     193     2306
118     69     100     418
119     72     172     327
120     61     117     1417
121     37     65     150
122     4     34     2117
123     24     89     69
124     30     62     2065
125     74     140     591
126     21     36     100
127     18     8     359
128     90     112     550
129     15     22     1467
130     70     162     488
131     51     4     377
132     19     144     883
133     13     21     1446
134     79     166     419
135     74     115     479
136     3     26     2038
137     5     111     512
138     29     64     876
139     47     180     403
140     73     1     2457
141     58     152     374
142     14     43     279
143     47     150     1299
144     32     123     597
145     21     177     1268
146     66     68     107
147     90     163     2433
148     78     172     612
149     54     142     782
150     88     148     1889
151     38     150     487
152     49     42     1340
153     32     61     493
154     88     99     1266
155     85     56     255
156     25     100     2440
157     32     194     114
158     42     28     2469
159     60     3     20
160     87     172     1493
161     10     104     426
162     67     96     122
163     45     184     849
164     3     67     857
165     78     150     1939
166     8     89     172
167     30     148     1187
168     44     180     2289
169     15     141     85
170     63     193     1163
171     50     54     232
172     87     132     2028
173     38     106     263
174     77     53     261
175     12     71     2050
176     48     23     534
177     78     188     992
178     79     131     1078
179     17     28     1223
180     49     192     525
181     29     24     1591
182     76     86     266
183     48     49     2143
184     56     119     446
185     3     104     1803
186     2     167     284
187     6     123     2143
188     40     70     587
189     54     186     1058
190     30     112     1044
191     19     35     1675
192     46     80     205
193     40     150     2382
194     73     73     624
195     35     15     1118
196     33     121     1147
197     35     176     1103
198     97     15     2152
199     95     101     495
200     85     135     714
201     87     130     1135
202     67     142     2350
203     79     109     185
204     84     12     1522
205     52     4     203
206     85     40     786
207     94     142     712
208     44     146     1363
209     31     184     609
210     29     35     1558
211     72     11     561
212     24     76     1895
213     11     174     256
214     45     88     1353
215     36     79     287
216     61     118     1368
217     5     182     265
218     88     42     52
219     98     88     1530
220     94     178     276
221     93     77     1459
222     19     188     271
223     44     175     93
224     26     105     308
225     49     136     2297
226     31     15     547
227     36     167     480
228     70     190     158
229     15     76     2154
230     45     82     69
231     14     159     1854
232     89     172     124
233     22     6     5
234     43     30     1619
235     13     89     334
236     81     75     1740
237     10     86     525
238     38     155     2197
239     39     60     183
240     66     195     882
241     63     190     146
242     58     3     1516
243     30     88     190
244     65     171     1591
245     87     108     166
246     36     135     1698
247     7     70     478
248     62     67     64
249     78     122     631
250     66     52     1013
251     86     164     1607
252     98     50     115
253     71     88     1369
254     71     151     138
255     37     169     966
256     22     54     1863
257     1     138     352
258     37     9     245
259     51     76     775
260     19     38     1076
261     56     95     522
262     37     7     44
263     66     107     172
264     55     190     1963
265     3     185     501
266     10     170     1968
267     4     86     608
268     66     86     185
269     26     142     1680
270     30     193     560
271     72     34     840
272     92     195     1278
273     22     94     567
274     65     121     18
275     49     31     2478
276     54     140     209
277     72     138     1744
278     46     79     424
279     29     92     43
280     42     32     812
281     5     25     1082
282     50     117     1673
283     93     126     34
284     98     151     1867
285     44     117     114
286     72     57     1591
287     91     122     339
288     5     32     2235
289     83     72     122
290     40     117     1404
291     32     187     502
292     3     17     556
293     14     60     446
294     5     49     382
295     87     36     2381
296     96     124     424
297     7     103     401
298     7     88     256
299     21     184     752
300     25     51     482
301     49     182     2013
302     90     21     63
303     34     33     1929
304     10     7     577
305     62     89     589
306     80     116     377
307     44     10     1277
308     25     8     23
309     82     106     498
310     38     5     391
311     27     93     2393
312     33     67     462
313     38     61     1502
314     51     192     245
315     45     196     2268
316     30     56     572
317     5     196     113
318     73     26     614
319     56     122     453
320     77     97     2271
321     3     125     401
322     81     181     606
323     15     102     2180
324     32     122     89
325     67     103     1268
326     89     143     210
327     75     12     2315
328     69     167     386
329     93     69     980
330     65     108     624
331     17     12     1830
332     51     116     585
333     18     116     1071
334     2     194     2333
335     90     85     451
336     46     148     1467
337     62     175     177
338     59     18     1556
339     29     179     250
340     15     171     688
341     96     119     597
342     65     57     501
343     16     114     1011
344     82     192     2310
345     46     175     301
346     74     17     2207
347     29     185     87
348     75     62     1256
349     45     6     466
350     1     187     134
351     32     193     1228
352     14     69     846
353     96     173     960
354     67     84     387
355     59     63     93
356     72     196     1711
357     80     40     629
358     9     38     2200
359     22     36     440
360     87     157     10
361     26     121     1598
362     44     15     468
363     46     190     1509
364     41     134     44
365     25     131     910
366     38     82     1291
367     72     183     584
368     77     7     2365
369     28     190     508
370     34     128     1906
371     61     33     456
372     24     46     2368
373     5     140     528
374     32     118     1878
375     75     155     136
376     96     192     1390
377     96     65     557
378     64     95     1642
379     28     22     109
380     7     199     1217
381     53     191     2382
382     55     11     34
383     87     6     1343
384     44     4     326
385     36     162     1717
386     65     32     71
387     96     123     1746
388     79     100     573
389     97     7     696
390     51     175     2293
391     97     96     507
392     59     135     806
393     42     95     889
394     89     96     1723
395     75     31     1
396     42     31     1683
397     36     100     151
398     61     42     2472
399     5     133     244
400     38     98     313
401     81     147     733
402     40     86     1034
403     58     73     608
404     29     47     661
405     7     112     984
406     72     32     303
407     20     129     547
408     67     167     2375
409     78     123     297
410     51     49     2112
411     10     128     75
412     87     135     2190
413     10     92     628
414     60     14     1487
415     31     113     367
416     36     141     1886
417     9     32     365
418     16     32     874
419     70     103     837
420     26     107     1325
421     22     10     465
422     96     198     161
423     29     98     1148
424     49     172     1927
425     78     65     352
426     19     73     1147
427     69     26     2425
428     42     78     103
429     86     122     351
430     87     118     686
431     53     181     1519
432     80     23     551
433     51     190     1893
434     59     123     509
435     67     59     811
436     49     87     611
437     19     9     2498
438     95     186     35
439     22     115     2391
440     11     67     367
441     96     139     908
442     37     198     1766
443     91     198     463
444     49     199     430
445     73     111     315
446     27     78     337
447     44     58     2128
448     95     75     427
449     43     169     1952
450     84     89     622
451     73     41     93
452     63     147     816
453     41     20     2501
454     11     170     598
455     71     22     1487
456     63     112     128
457     85     77     2367
458     21     152     582
459     94     147     2221
460     31     199     44
461     81     98     2259
462     57     196     609
463     96     141     1963
464     13     15     4
465     40     196     167
466     32     28     1278
467     35     55     131
468     97     176     2031
469     62     125     103
470     68     124     1816
471     44     163     501
472     95     48     425
473     87     84     1418
474     33     58     439
475     23     80     1488
476     1     99     280
477     74     76     1772
478     86     158     299
479     80     8     1124
480     69     30     637
481     13     164     243
482     60     104     2137
483     7     92     542
484     20     142     900
485     7     31     2475
486     73     130     188
487     16     12     124
488     60     77     1321
489     78     32     196
490     8     131     580
491     18     93     923
492     56     138     915
493     53     32     1031
494     94     83     34
495     49     132     273
496     80     177     1903
497     73     39     570
498     21     161     2136
499     11     20     325
500     75     89     1590
