1     32     59     2217
2     70     148     400
3     64     22     1951
4     54     80     480
5     93     74     797
6     53     137     1116
7     45     146     743
8     27     168     2187
9     45     82     22
10     84     105     27
11     56     79     1483
12     54     80     460
13     83     130     1090
14     62     186     2278
15     40     6     326
16     76     170     493
17     96     109     453
18     32     84     683
19     91     141     628
20     23     30     389
21     97     32     42
22     61     154     1604
23     96     31     382
24     50     2     1036
25     77     181     244
26     92     140     480
27     84     73     2378
28     9     179     557
29     58     157     1437
30     33     64     209
31     55     131     751
32     29     71     2232
33     17     95     565
34     76     66     602
35     95     87     130
36     55     193     739
37     91     163     1819
38     2     160     508
39     27     18     2470
40     13     111     439
41     84     112     1768
42     16     88     55
43     50     94     251
44     97     114     1946
45     45     107     126
46     28     153     1340
47     38     162     264
48     53     137     2110
49     63     113     481
50     32     1     1219
51     83     101     1281
52     33     18     556
53     2     160     1227
54     79     198     2525
55     60     174     509
56     6     85     959
57     83     59     818
58     56     188     273
59     91     111     218
60     45     60     1549
61     12     85     385
62     3     5     1591
63     39     142     471
64     66     5     1987
65     42     106     588
66     84     45     1239
67     24     93     891
68     28     74     929
69     66     120     1875
70     33     92     244
71     14     156     421
72     11     58     589
73     84     124     909
74     65     181     1239
75     74     98     1211
76     13     94     1750
77     46     66     626
78     48     192     105
79     44     38     2348
80     96     52     292
81     84     119     1763
82     21     56     288
83     46     190     867
84     83     169     1813
85     70     81     544
86     17     176     1458
87     4     196     295
88     4     109     1987
89     1     84     429
90     28     48     1088
91     85     185     764
92     16     171     1947
93     82     163     466
94     74     20     2386
95     87     76     561
96     69     151     219
97     27     116     359
98     27     135     1495
99     31     162     318
100     53     188     1269
101     26     49     436
102     12     192     229
103     28     11     1697
104     67     37     17
105     77     2     381
106     37     92     1866
107     72     57     542
108     96     80     30
109     11     92     1995
110     69     76     482
111     71     143     286
112     10     76     2414
113     27     163     581
114     20     4     622
115     15     7     1193
116     86     48     1616
117     37     29     503
118     44     143     481
119     60     52     2381
120     10     25     436
121     40     85     1517
122     14     164     222
123     68     10     593
124     93     23     643
125     69     85     606
126     97     43     2493
127     30     98     419
128     72     197     1793
129     62     4     298
130     33     188     330
131     86     118     153
132     13     68     1553
133     26     46     574
134     60     117     2163
135     51     179     383
136     12     108     1069
137     80     93     1281
138     99     119     380
139     55     139     1120
140     60     104     298
141     66     184     2230
142     72     64     574
143     89     89     2215
144     86     24     128
145     1     60     417
146     67     14     2125
147     35     42     265
148     57     8     48
149     53     54     744
150     35     109     158
151     10     69     2443
152     64     126     278
153     21     94     1123
154     27     139     1476
155     54     58     146
156     89     52     1286
157     89     178     16
158     44     198     716
159     4     176     1266
160     20     180     119
161     38     161     183
162     47     98     2240
163     75     16     328
164     71     3     795
165     5     199     1326
166     89     64     26
167     74     191     225
168     49     57     1264
169     28     74     2257
170     76     196     557
171     22     43     1966
172     92     193     317
173     55     77     1471
174     87     30     408
175     11     117     1485
176     94     168     121
177     37     117     2462
178     69     101     463
179     94     50     1129
180     98     27     1856
181     93     153     13
182     99     85     919
183     92     76     708
184     50     156     1608
185     61     146     86
186     5     57     394
187     76     125     427
188     82     104     806
189     14     124     1788
190     84     38     621
191     88     73     2434
192     48     49     289
193     63     140     220
194     7     7     1568
195     77     192     451
196     34     1     429
197     13     123     211
198     57     178     398
199     47     84     1524
200     8     96     475
201     10     78     1706
202     61     181     309
203     48     135     1979
204     3     109     593
205     58     141     451
206     47     163     254
207     23     18     1997
208     90     128     65
209     90     82     1751
210     52     165     613
211     35     185     2313
212     63     34     377
213     88     197     1361
214     98     46     516
215     68     19     1680
216     31     87     46
217     94     29     2195
218     26     137     47
219     65     21     45
220     8     180     1913
221     26     97     537
222     68     169     1112
223     34     70     2214
224     29     113     252
225     1     112     1945
226     33     56     127
227     14     57     1865
228     33     162     330
229     63     153     2058
230     86     187     522
231     53     108     1697
232     9     6     499
233     98     137     257
234     65     82     1902
235     8     184     363
236     65     57     239
237     1     73     192
238     56     141     2290
239     51     117     34
240     55     70     789
241     24     94     925
242     11     74     65
243     67     41     2365
244     88     125     234
245     17     119     673
246     34     191     1957
247     6     93     212
248     24     141     396
249     80     32     2469
250     78     29     491
251     67     12     794
252     99     158     418
253     56     139     374
254     89     31     2212
255     43     67     290
256     60     75     2225
257     14     155     553
258     35     107     2309
259     14     181     533
260     29     112     1699
261     60     110     82
262     13     90     176
263     89     102     1726
264     77     186     322
265     59     42     2326
266     37     157     419
267     22     141     2477
268     26     140     631
269     94     93     1738
270     24     141     291
271     91     35     64
272     6     26     987
273     58     31     1354
274     52     107     297
275     80     103     2528
276     80     24     238
277     64     57     507
278     54     102     1335
279     46     45     358
280     30     35     478
281     60     119     2351
282     62     19     383
283     89     57     1809
284     4     4     427
285     88     163     1963
286     28     139     117
287     2     8     1058
288     32     165     1490
289     71     31     52
290     64     89     1442
291     11     164     105
292     32     144     1268
293     77     71     2023
294     35     46     575
295     33     176     830
296     70     196     1649
297     48     66     128
298     45     1     2536
299     3     70     123
300     23     110     901
301     25     64     1558
302     64     177     599
303     92     31     2098
304     24     51     394
305     43     135     633
306     79     140     579
307     50     80     389
308     17     40     1277
309     2     149     162
310     31     159     2358
311     93     90     454
312     69     150     304
313     50     90     1035
314     70     38     21
315     23     186     715
316     24     70     1742
317     37     177     20
318     92     157     2049
319     95     142     619
320     9     136     976
321     21     195     2381
322     82     44     188
323     66     63     1953
324     24     125     121
325     18     96     741
326     53     120     2270
327     68     95     541
328     44     36     1510
329     45     126     208
330     34     124     613
331     57     93     1661
332     1     6     55
333     44     135     482
334     53     166     67
335     40     84     673
336     86     29     583
337     28     128     720
338     83     157     2183
339     45     82     306
340     33     124     978
341     7     49     733
342     90     21     2493
343     13     95     358
344     22     142     1012
345     50     100     1981
346     21     127     235
347     49     81     2099
348     60     25     317
349     6     193     690
350     64     46     2388
351     71     34     603
352     78     160     1314
353     90     81     4
354     40     187     1782
355     58     184     585
356     91     33     2258
357     36     125     346
358     65     83     90
359     45     174     1330
360     88     65     464
361     52     43     190
362     21     126     486
363     45     176     1202
364     1     88     100
365     10     32     2524
366     90     18     4
367     89     76     1659
368     82     138     82
369     6     59     1387
370     84     116     539
371     79     164     21
372     16     13     276
373     11     20     2498
374     6     90     525
375     14     102     501
376     84     100     1663
377     86     183     15
378     61     58     1930
379     53     124     26
380     23     158     1884
381     33     163     471
382     57     176     1986
383     63     6     551
384     30     117     2511
385     47     82     227
386     62     161     1881
387     33     27     469
388     77     77     1085
389     36     72     1253
390     86     64     1897
391     45     106     213
392     78     165     1411
393     26     57     93
394     22     39     2061
395     80     54     142
396     83     56     971
397     52     81     2356
398     36     42     182
399     58     113     1052
400     44     20     1696
401     4     6     500
402     84     78     1419
403     86     74     325
404     80     184     1189
405     61     35     591
406     80     111     2468
407     82     25     468
408     4     160     1069
409     94     64     620
410     58     186     459
411     10     99     2306
412     43     71     221
413     89     18     1396
414     92     11     309
415     97     124     145
416     60     22     2017
417     17     10     267
418     9     144     1230
419     91     14     2450
420     22     164     156
421     16     145     2212
422     63     156     417
423     71     58     140
424     95     6     1335
425     4     87     17
426     63     190     55
427     10     10     353
428     71     2     1569
429     62     124     167
430     53     28     2444
431     15     93     571
432     52     22     1804
433     48     90     270
434     72     179     1936
435     66     158     231
436     5     196     1773
437     49     163     503
438     36     79     576
439     19     166     2212
440     75     77     91
441     85     121     1736
442     41     193     342
443     45     160     1012
444     51     111     162
445     43     97     2042
446     1     162     142
447     4     5     961
448     71     115     2429
449     1     8     339
450     47     155     1490
451     21     169     362
452     59     114     118
453     15     165     880
454     97     91     1217
455     67     121     287
456     83     42     1009
457     83     67     2402
458     14     77     273
459     50     83     1630
460     78     59     591
461     75     190     1546
462     35     4     554
463     67     36     539
464     92     42     1379
465     25     120     43
466     90     6     2174
467     24     188     507
468     79     194     1458
469     41     48     566
470     64     174     875
471     33     59     983
472     29     92     1264
473     32     35     2481
474     57     53     360
475     92     30     1594
476     82     17     226
477     38     102     666
478     3     43     299
479     77     121     759
480     65     98     1710
481     26     42     625
482     49     170     2043
483     43     31     329
484     97     37     148
485     94     107     189
486     34     35     2428
487     13     191     2
488     59     1     2494
489     12     165     155
490     97     194     462
491     33     194     2159
492     67     65     251
493     29     109     562
494     69     68     326
495     23     39     799
496     76     159     2298
497     64     112     260
498     4     19     1162
499     90     102     2098
500     93     158     297
