1     59     118     1756
2     63     183     74
3     57     159     1902
4     62     39     66
5     96     165     5
6     51     109     1739
7     59     119     27
8     30     125     1734
9     99     53     133
10     53     165     2222
11     65     52     629
12     88     165     344
13     44     69     23
14     11     12     2268
15     30     18     57
16     82     172     2168
17     54     150     626
18     7     177     2441
19     17     180     143
20     78     73     1099
21     94     58     486
22     92     140     1433
23     95     61     35
24     65     49     2169
25     99     164     488
26     97     130     598
27     37     5     29
28     32     108     2543
29     59     158     547
30     77     123     1397
31     96     119     497
32     73     110     1074
33     1     31     432
34     98     167     1800
35     99     161     337
36     44     166     35
37     88     178     2407
38     92     193     1
39     37     21     701
40     17     54     28
41     60     113     1296
42     59     125     600
43     87     25     2398
44     21     70     94
45     56     44     2031
46     39     84     2
47     1     34     301
48     57     159     11
49     82     115     1168
50     82     115     1514
51     47     122     227
52     42     13     976
53     34     137     1408
54     84     198     348
55     50     114     2228
56     27     145     399
57     25     67     963
58     62     49     1439
59     60     38     427
60     75     74     477
61     89     134     2154
62     49     74     218
63     56     86     231
64     70     107     601
65     94     93     1755
66     47     93     390
67     89     109     2575
68     23     169     515
69     75     78     1711
70     91     10     326
71     26     14     612
72     96     48     1161
73     63     133     2539
74     83     21     639
75     84     138     1613
76     32     4     342
77     46     152     622
78     99     151     1578
79     35     47     64
80     60     169     2025
81     10     160     502
82     46     176     2031
83     51     9     618
84     85     146     1891
85     42     16     17
86     43     71     606
87     6     96     965
88     91     1     1863
89     14     99     212
90     39     189     783
91     99     156     2049
92     3     103     4
93     52     168     1568
94     79     52     84
95     44     187     2250
96     24     187     4
97     65     171     844
98     39     184     124
99     3     178     2204
100     39     90     608
101     12     131     1239
102     15     152     733
103     77     168     2401
104     70     27     15
105     84     197     1406
106     19     62     589
107     50     90     1888
108     20     151     189
109     34     181     797
110     85     16     1729
111     80     195     328
112     95     47     1822
113     81     108     598
114     43     47     2099
115     66     89     620
116     91     59     984
117     61     75     2460
118     43     149     557
119     16     18     1579
120     4     170     590
121     22     79     1713
122     75     102     184
123     85     86     479
124     17     88     168
125     8     3     1218
126     57     81     331
127     12     32     1998
128     92     123     164
129     27     192     2261
130     50     126     117
131     44     140     1827
132     37     62     553
133     9     179     1472
134     3     39     130
135     58     43     471
136     96     117     1708
137     2     49     151
138     96     176     2299
139     46     100     605
140     63     21     334
141     52     9     881
142     89     64     1023
143     6     148     2253
144     70     20     25
145     91     73     2010
146     98     88     219
147     84     54     743
148     28     178     469
149     67     70     424
150     70     166     2061
151     26     94     272
152     30     109     2034
153     54     6     328
154     69     129     1665
155     69     137     472
156     67     73     1323
157     67     132     81
158     73     72     2193
159     12     154     599
160     61     109     2191
161     3     28     32
162     1     157     603
163     23     148     1483
164     53     39     264
165     81     31     1594
166     49     50     162
167     47     20     1263
168     83     74     1492
169     88     14     227
170     50     133     2089
171     57     96     1
172     79     68     1270
173     91     118     1087
174     15     138     1069
175     85     177     1307
176     19     178     220
177     90     121     1285
178     18     66     2451
179     9     139     183
180     3     61     1328
181     22     107     450
182     92     80     23
183     30     103     1608
184     97     88     512
185     46     114     569
186     10     13     2131
187     18     80     246
188     38     100     1318
189     21     161     370
190     80     156     1177
191     16     76     682
192     86     32     2122
193     28     161     440
194     20     10     2390
195     32     6     515
196     32     104     2154
197     38     77     134
198     65     171     331
199     70     67     330
200     38     193     1349
201     29     70     219
202     28     92     1195
203     69     4     13
204     30     98     2313
205     60     125     154
206     30     52     311
207     4     108     1393
208     52     26     635
209     55     151     2316
210     9     192     45
211     87     31     2549
212     51     140     353
213     44     33     1600
214     21     158     298
215     77     18     359
216     23     179     2162
217     47     39     230
218     9     142     1967
219     31     130     101
220     48     63     1316
221     61     4     376
222     19     82     2475
223     13     24     618
224     56     185     1542
225     56     59     462
226     12     55     966
227     35     185     2079
228     2     169     424
229     29     123     449
230     34     93     2465
231     65     84     235
232     49     94     2306
233     59     81     181
234     1     44     661
235     30     51     278
236     28     124     216
237     28     58     2446
238     77     9     56
239     60     142     593
240     69     120     1668
241     62     81     2
242     7     6     1862
243     44     38     35
244     42     103     1911
245     3     91     73
246     65     158     796
247     88     71     1289
248     16     40     631
249     26     126     215
250     63     131     1658
251     79     68     430
252     25     70     1574
253     55     115     294
254     91     191     361
255     96     173     870
256     29     147     706
257     80     157     1051
258     72     30     1315
259     28     13     427
260     82     157     356
261     5     33     1195
262     55     43     1046
263     87     28     2006
264     99     42     573
265     46     164     1044
266     64     35     2340
267     35     144     233
268     4     167     696
269     66     144     89
270     88     79     1007
271     40     166     193
272     11     74     2515
273     39     172     16
274     9     115     301
275     56     135     1963
276     85     106     190
277     9     117     2354
278     73     143     430
279     34     196     1480
280     1     63     425
281     69     161     405
282     88     29     548
283     41     77     1226
284     24     92     538
285     34     165     417
286     78     179     1199
287     20     5     1819
288     33     51     545
289     73     167     2077
290     95     173     310
291     29     6     1447
292     56     53     79
293     37     31     2359
294     99     180     240
295     2     30     2071
296     14     6     29
297     1     128     1700
298     78     166     512
299     9     45     2070
300     79     77     92
301     98     56     1626
302     5     70     294
303     2     82     2518
304     44     36     580
305     20     32     692
306     78     8     1253
307     3     195     406
308     9     38     1179
309     37     123     2273
310     62     96     231
311     40     128     2548
312     97     183     601
313     6     46     1093
314     96     60     1794
315     55     154     198
316     79     23     680
317     78     167     1619
318     38     87     75
319     36     119     1394
320     5     74     118
321     85     158     346
322     97     189     1110
323     75     42     2037
324     15     60     606
325     1     78     2076
326     53     16     481
327     11     72     2470
328     87     6     453
329     37     44     472
330     30     163     2174
331     26     68     105
332     87     189     2377
333     25     78     592
334     63     147     958
335     11     117     1138
336     76     134     1495
337     43     122     579
338     22     68     79
339     88     87     1798
340     94     193     644
341     44     45     2243
342     33     137     582
343     91     95     101
344     25     197     388
345     28     66     1615
346     90     25     67
347     12     111     2
348     91     161     1731
349     47     74     492
350     99     9     1782
351     18     104     427
352     74     110     1238
353     65     32     1464
354     41     105     203
355     71     26     2474
356     38     108     101
357     67     96     313
358     66     49     1702
359     62     94     289
360     67     37     2258
361     99     24     385
362     81     154     368
363     50     148     1216
364     34     124     1979
365     85     5     124
366     6     85     1046
367     94     167     793
368     21     180     660
369     82     165     60
370     60     142     2141
371     51     157     547
372     92     88     1091
373     32     14     1522
374     32     99     623
375     40     13     1124
376     72     178     2409
377     76     5     585
378     53     83     2361
379     26     181     92
380     67     14     441
381     73     30     585
382     77     120     1402
383     58     34     453
384     32     67     728
385     95     44     2007
386     22     143     567
387     63     148     842
388     35     51     2243
389     70     151     606
390     90     150     534
391     12     197     2411
392     34     25     563
393     41     124     2063
394     71     102     41
395     57     192     1830
396     61     52     443
397     95     145     1560
398     50     142     386
399     34     192     1563
400     98     56     120
401     52     80     699
402     48     110     1717
403     48     180     455
404     10     132     287
405     65     1     959
406     87     101     2366
407     50     173     361
408     14     186     2364
409     94     166     352
410     47     180     2123
411     78     191     165
412     23     154     323
413     69     92     664
414     54     53     320
415     51     123     1860
416     77     146     439
417     85     162     2285
418     20     51     436
419     67     181     2323
420     9     70     449
421     85     1     2156
422     25     167     86
423     39     83     1339
424     1     133     189
425     60     88     112
426     74     19     519
427     44     142     231
428     6     82     229
429     89     186     1464
430     39     175     381
431     2     165     1537
432     26     134     636
433     60     6     1356
434     40     131     355
435     51     108     1290
436     44     60     258
437     28     96     910
438     64     61     1152
439     83     93     529
440     88     21     166
441     27     176     2323
442     63     102     337
443     96     184     2558
444     21     144     558
445     91     193     324
446     2     74     2133
447     61     33     66
448     97     64     832
449     7     96     1843
450     82     191     198
451     61     57     2479
452     94     100     430
453     28     85     1206
454     92     101     349
455     33     26     613
456     41     142     1993
457     33     45     385
458     26     190     1040
459     66     80     329
460     70     49     370
461     73     24     1337
462     82     30     439
463     82     95     1400
464     59     129     68
465     14     89     1045
466     91     22     18
467     48     39     2050
468     5     5     465
469     26     51     1697
470     49     172     479
471     88     38     1733
472     44     138     530
473     2     140     1994
474     5     51     641
475     59     186     1203
476     98     128     1984
477     48     64     157
478     66     76     267
479     77     94     928
480     72     46     2454
481     33     151     17
482     88     71     75
483     73     169     1812
484     73     51     569
485     83     31     65
486     60     70     2083
487     9     21     501
488     7     171     1995
489     44     139     329
490     63     126     823
491     95     57     994
492     3     60     621
493     26     28     2074
494     69     11     491
495     81     10     2376
496     79     56     498
497     54     65     1295
498     50     38     108
499     30     159     1794
500     10     52     120
