1     74     66     2328
2     98     129     154
3     43     143     235
4     78     107     188
5     7     43     626
6     17     92     2308
7     42     81     492
8     65     91     393
9     94     153     178
10     24     151     2285
11     71     188     333
12     17     107     2385
13     95     63     111
14     24     199     1181
15     24     146     27
16     17     135     1625
17     25     36     500
18     22     33     774
19     79     150     1981
20     45     94     11
21     95     45     57
22     70     42     156
23     86     21     1566
24     44     68     512
25     35     186     668
26     83     42     1868
27     93     180     174
28     73     105     2094
29     6     110     614
30     7     12     1591
31     57     70     498
32     39     133     1447
33     99     155     297
34     92     79     1058
35     56     71     2128
36     77     6     381
37     81     57     1505
38     14     128     360
39     53     175     511
40     29     195     265
41     61     110     335
42     9     40     1639
43     4     15     86
44     44     181     173
45     21     164     2011
46     26     36     402
47     28     156     1393
48     8     61     393
49     70     91     756
50     74     135     1532
51     14     83     97
52     82     155     1657
53     86     147     563
54     54     184     135
55     78     183     258
56     79     127     1913
57     66     5     604
58     63     46     2202
59     22     71     489
60     47     57     2078
61     14     108     28
62     38     190     2015
63     97     142     424
64     88     13     313
65     97     174     909
66     20     5     2435
67     1     25     263
68     52     20     888
69     90     177     1863
70     34     72     98
71     61     65     1241
72     29     20     1685
73     2     28     265
74     40     158     529
75     89     71     476
76     50     162     1347
77     89     13     115
78     79     63     330
79     54     161     2374
80     15     34     266
81     62     15     320
82     87     58     672
83     67     110     1594
84     71     62     405
85     36     102     1458
86     44     96     560
87     18     142     1223
88     87     49     1670
89     71     169     540
90     84     146     244
91     23     8     2326
92     47     106     170
93     96     34     642
94     62     25     1933
95     55     80     214
96     90     164     975
97     84     199     2131
98     63     176     325
99     30     39     883
100     67     7     1609
101     10     3     174
102     9     2     727
103     60     146     368
104     66     88     383
105     66     152     225
106     60     91     816
107     73     8     568
108     59     112     193
109     9     107     1371
110     11     189     425
111     68     64     1112
112     93     111     49
113     30     87     14
114     27     130     1237
115     76     182     257
116     54     27     2252
117     92     196     574
118     51     164     804
119     45     180     2090
120     55     118     110
121     59     163     152
122     99     134     634
123     81     199     575
124     77     182     2042
125     39     185     622
126     10     54     475
127     53     33     148
128     36     35     364
129     38     131     1471
130     25     120     464
131     67     115     2025
132     73     112     397
133     12     129     949
134     98     138     204
135     19     106     1507
136     44     185     113
137     24     59     652
138     15     188     527
139     11     48     2142
140     45     142     539
141     62     62     1933
142     29     62     516
143     25     34     188
144     91     21     858
145     58     165     656
146     65     52     672
147     97     161     763
148     63     102     427
149     94     163     1199
150     75     139     1788
151     30     44     523
152     5     99     2335
153     90     71     557
154     23     73     73
155     69     154     1490
156     7     139     289
157     21     116     247
158     5     184     2267
159     46     108     537
160     53     52     1217
161     20     181     1297
162     7     27     290
163     36     80     801
164     95     84     1373
165     35     150     620
166     99     109     492
167     39     77     1765
168     47     89     347
169     35     99     1900
170     55     181     545
171     84     80     908
172     69     133     472
173     42     104     923
174     90     20     893
175     50     67     13
176     32     42     2238
177     42     133     38
178     73     95     232
179     24     68     975
180     19     56     2061
181     98     74     342
182     18     18     1355
183     58     94     165
184     31     91     99
185     93     179     266
186     72     53     711
187     51     133     954
188     63     85     1198
189     79     157     2401
190     58     65     114
191     61     137     1498
192     48     182     306
193     36     165     741
194     29     97     1170
195     24     73     1625
196     76     67     578
197     27     136     2169
198     81     19     194
199     25     72     190
200     51     155     2392
201     59     129     341
202     47     176     1986
203     59     170     405
204     27     53     64
205     67     47     1210
206     32     159     611
207     22     32     2458
208     96     173     175
209     52     23     1170
210     29     165     2281
211     82     13     437
212     31     54     1100
213     86     59     672
214     81     152     2179
215     53     175     404
216     62     173     1311
217     80     47     161
218     20     160     874
219     69     80     487
220     83     51     128
221     64     57     1007
222     96     87     464
223     94     165     709
224     84     77     441
225     68     8     1286
226     88     48     142
227     9     78     240
228     20     73     247
229     45     189     749
230     12     52     1474
231     83     185     468
232     17     108     1146
233     9     181     363
234     84     122     2098
235     47     91     431
236     98     182     726
237     78     128     917
238     64     198     1238
239     79     34     2317
240     53     36     420
241     9     19     1903
242     34     18     201
243     24     109     1166
244     52     142     1707
245     27     173     391
246     32     148     113
247     75     28     1298
248     6     76     303
249     92     189     423
250     32     16     796
251     50     137     1593
252     55     29     479
253     14     53     858
254     71     153     1288
255     23     163     320
256     7     152     2329
257     12     169     228
258     94     52     2207
259     46     188     600
260     67     177     986
261     41     135     2470
262     54     72     37
263     16     172     2480
264     16     174     254
265     82     156     2458
266     65     88     153
267     95     112     1748
268     28     190     506
269     27     22     1953
270     6     126     354
271     7     125     905
272     85     46     1089
273     35     166     1743
274     24     124     241
275     14     131     2480
276     52     32     604
277     50     170     988
278     98     82     1176
279     60     1     1116
280     96     65     1156
281     61     121     1741
282     7     47     406
283     24     100     42
284     13     4     1957
285     28     36     357
286     72     112     741
287     88     90     1054
288     5     22     348
289     55     36     1050
290     9     180     1387
291     19     108     13
292     85     164     1279
293     48     36     378
294     48     45     1153
295     59     70     991
296     85     183     2483
297     89     183     20
298     5     103     2090
299     60     125     437
300     61     33     564
301     82     186     2145
302     43     51     516
303     21     134     2210
304     9     181     168
305     12     3     446
306     87     137     1156
307     96     46     1450
308     13     12     447
309     37     113     1330
310     15     13     324
311     38     144     495
312     46     11     865
313     81     42     1824
314     76     140     273
315     54     60     945
316     54     114     640
317     47     177     873
318     69     68     643
319     43     171     1648
320     62     136     19
321     68     80     2198
322     33     6     372
323     47     87     1797
324     9     138     206
325     3     106     1614
326     42     47     491
327     37     147     1279
328     95     171     563
329     90     88     478
330     8     154     1118
331     62     148     1755
332     56     11     383
333     46     75     1831
334     25     62     575
335     40     123     409
336     30     1     1457
337     95     154     597
338     87     122     1049
339     73     157     1272
340     82     20     541
341     24     116     1130
342     7     151     2214
343     95     53     282
344     25     144     773
345     75     166     941
346     15     17     1568
347     11     90     440
348     87     93     1320
349     84     99     226
350     10     119     2369
351     71     151     298
352     40     40     2283
353     12     197     3
354     98     157     191
355     71     172     666
356     90     175     2053
357     99     193     478
358     67     162     1599
359     14     64     535
360     36     112     1767
361     24     11     616
362     45     27     2273
363     10     95     498
364     3     165     1680
365     51     140     207
366     28     15     2188
367     56     146     245
368     73     171     249
369     25     84     2246
370     86     112     219
371     83     66     17
372     46     38     981
373     67     29     690
374     87     175     39
375     12     21     2306
376     4     8     290
377     67     131     632
378     83     102     2036
379     19     13     142
380     39     1     518
381     63     22     1047
382     8     43     141
383     25     124     2191
384     89     160     281
385     76     89     987
386     16     189     1732
387     93     25     25
388     49     191     581
389     3     55     1434
390     76     176     112
391     59     20     2437
392     59     146     244
393     83     164     645
394     96     165     1771
395     2     198     511
396     38     95     813
397     25     39     1321
398     70     184     607
399     42     5     925
400     5     109     218
401     70     186     1809
402     25     62     598
403     22     97     2492
404     63     60     191
405     81     153     1047
406     76     40     370
407     57     170     1399
408     12     186     225
409     4     161     1136
410     87     77     1653
411     14     151     543
412     35     133     24
413     58     10     17
414     76     181     1361
415     34     126     600
416     59     142     922
417     37     83     2241
418     17     167     624
419     1     124     950
420     54     42     2288
421     40     22     85
422     44     43     645
423     46     193     1497
424     10     46     521
425     8     123     1478
426     65     114     15
427     18     14     2320
428     43     122     119
429     88     80     1060
430     61     180     1991
431     37     57     129
432     21     64     1490
433     56     23     429
434     71     173     1328
435     10     80     147
436     39     147     483
437     67     88     894
438     5     8     1632
439     36     151     533
440     13     21     446
441     71     104     1647
442     59     161     137
443     42     25     1282
444     46     113     355
445     72     71     1076
446     75     29     563
447     90     72     1752
448     83     71     41
449     65     131     671
450     24     15     2147
451     2     198     562
452     47     151     1921
453     24     115     500
454     56     37     207
455     57     193     98
456     52     119     841
457     44     82     1854
458     11     3     321
459     89     3     1309
460     86     50     303
461     39     23     1380
462     76     181     166
463     24     34     533
464     79     145     1334
465     84     128     422
466     16     68     206
467     63     86     2087
468     78     93     162
469     7     116     1416
470     11     75     352
471     93     57     822
472     9     148     115
473     39     155     1057
474     64     117     1395
475     3     61     288
476     76     51     1335
477     62     122     90
478     68     51     1533
479     56     75     614
480     51     176     2325
481     22     166     131
482     44     144     981
483     22     52     1514
484     50     30     521
485     30     159     1183
486     24     185     227
487     17     105     2099
488     61     2     216
489     76     53     299
490     35     101     1254
491     49     132     249
492     18     115     2106
493     46     137     485
494     62     103     904
495     43     166     454
496     35     158     1997
497     39     170     10
498     23     22     1510
499     64     77     407
500     73     108     1438
