1     19     160     3008
2     79     36     4000
3     49     37     538
4     117     187     6465
5     117     150     1349
6     20     144     6623
7     184     51     812
8     14     136     1649
9     169     56     3194
10     39     80     6822
11     162     69     525
12     139     188     2494
13     63     175     2736
14     114     182     7341
15     83     34     1553
16     9     49     3702
17     88     45     1043
18     46     10     7262
19     26     26     1796
20     56     197     1821
21     114     26     3056
22     191     177     4823
23     183     106     1048
24     1     159     2098
25     145     55     5449
26     115     77     1373
27     176     105     4698
28     108     51     1584
29     63     68     282
30     76     147     4054
31     52     137     1571
32     79     51     7030
33     168     59     464
34     82     46     1764
35     55     6     5644
36     138     27     621
37     147     10     2414
38     3     10     7018
39     25     137     811
40     73     29     1294
41     172     185     6261
42     35     195     208
43     163     19     24
44     100     27     4360
45     169     20     950
46     129     160     4423
47     127     68     664
48     79     30     3073
49     107     184     1278
50     51     186     4544
51     152     199     831
52     37     179     3363
53     185     102     3743
54     22     117     1178
55     81     10     532
56     181     145     570
57     9     125     6683
58     6     159     1728
59     138     73     6923
60     18     34     764
61     180     81     3312
62     107     99     2587
63     62     47     7244
64     86     78     322
65     158     91     2377
66     177     138     7228
67     22     132     1397
68     85     110     1887
69     40     157     5389
70     136     148     951
71     81     85     456
72     176     85     3220
73     153     87     5149
74     159     41     257
75     197     93     2420
76     183     77     4586
77     138     11     1380
78     81     117     6959
79     126     56     692
80     145     102     7054
81     121     14     403
82     118     34     6924
83     156     79     297
84     40     180     5503
85     170     121     1003
86     162     99     5077
87     9     98     1526
88     172     91     2444
89     189     32     6753
90     110     51     1332
91     175     130     6689
92     58     66     793
93     18     43     2436
94     117     153     4261
95     150     180     1241
96     190     88     3663
97     39     21     2842
98     116     119     2586
99     177     144     4097
100     132     145     1092
101     57     68     940
102     124     188     4583
103     42     34     1834
104     32     60     1809
105     167     23     5111
106     99     133     251
107     163     105     6078
108     132     20     1300
109     161     181     3069
110     165     151     6234
111     87     116     1668
112     38     36     2508
113     67     169     6969
114     37     163     997
115     28     92     4763
116     23     191     1091
117     55     116     2708
118     20     25     3338
119     24     145     4741
120     182     20     839
121     9     148     6556
122     147     25     1036
123     128     107     5887
124     154     55     1634
125     70     88     4567
126     56     5     419
127     66     182     957
128     59     78     4225
129     89     55     39
130     84     133     5232
131     113     4     928
132     192     43     2540
133     21     193     3054
134     142     90     2413
135     80     58     2404
136     182     176     6568
137     164     48     1266
138     68     156     4292
139     139     133     481
140     100     172     6208
141     189     133     75
142     67     72     866
143     40     122     4669
144     109     129     872
145     157     167     3157
146     61     75     1028
147     183     1     3482
148     5     87     4398
149     52     60     1551
150     134     167     1600
151     115     183     7185
152     107     44     1800
153     39     80     3537
154     177     14     644
155     55     168     1125
156     23     26     2051
157     122     177     2370
158     131     14     6471
159     88     91     701
160     145     168     5484
161     173     79     423
162     30     69     4894
163     101     169     489
164     66     193     5463
165     11     8     598
166     79     29     80
167     47     138     864
168     115     187     629
169     99     27     4293
170     119     102     431
171     66     190     710
172     103     194     5333
173     73     8     652
174     53     21     3414
175     112     141     4515
176     63     192     768
177     70     164     6697
178     117     168     90
179     48     106     950
180     120     16     6593
181     75     185     555
182     146     142     2157
183     21     27     389
184     128     126     1575
185     191     71     1900
186     132     125     6299
187     99     14     667
188     156     190     4672
189     186     34     507
190     25     125     949
191     81     69     1141
192     112     165     6582
193     63     38     841
194     20     20     1813
195     82     8     4230
196     48     178     76
197     118     82     4393
198     182     111     1423
199     120     7     2604
200     110     45     6528
201     147     61     1579
202     62     46     2477
203     40     164     3513
204     28     115     3495
205     56     42     839
206     168     181     3628
207     145     165     1068
208     168     184     1016
209     100     173     3845
210     170     83     127
211     92     8     89
212     178     11     7021
213     59     138     300
214     102     171     6494
215     186     74     1368
216     38     113     82
217     17     149     6041
218     174     171     71
219     50     19     1263
220     53     99     2902
221     115     70     5998
222     107     145     1098
223     35     165     2122
224     2     66     3012
225     188     18     3155
226     6     78     2823
227     92     93     3030
228     80     14     1799
229     107     30     3890
230     174     27     1188
231     104     179     5952
232     163     151     378
233     86     74     4597
234     69     10     812
235     59     76     826
236     132     96     2233
237     159     52     5634
238     64     193     1468
239     38     191     6428
240     105     78     752
241     70     15     968
242     132     197     3748
243     40     171     1681
244     27     31     1442
245     45     136     71
246     195     120     3394
247     148     53     2897
248     169     155     6641
249     114     171     175
250     26     128     4979
251     28     94     87
252     50     117     5354
253     122     172     539
254     172     165     876
255     98     134     2736
256     110     19     5071
257     45     65     1454
258     50     88     6067
259     147     15     624
260     120     30     2854
261     90     122     5560
262     90     52     1657
263     35     104     950
264     131     169     3636
265     92     45     4500
266     133     91     161
267     192     13     5520
268     5     69     979
269     165     66     1386
270     195     80     5624
271     125     55     860
272     133     26     5878
273     124     142     1319
274     21     93     3607
275     67     132     4317
276     54     141     490
277     151     119     1023
278     113     80     6318
279     46     181     326
280     47     147     1143
281     25     68     4942
282     103     131     1477
283     62     190     2067
284     149     89     5727
285     163     26     161
286     20     93     771
287     113     139     459
288     28     84     2240
289     76     104     6307
290     1     148     1203
291     28     7     3108
292     88     154     6279
293     123     51     1515
294     185     163     76
295     18     163     4779
296     112     31     571
297     152     34     3011
298     95     45     3177
299     31     139     1324
300     66     78     4979
