1       13        7       96
2       15        4      209
3        7        8      279
4       13        9      142
5       10        1       60
6        6        5      101
7        5        7      197
8       10        3      257
9        7        2      234
10       15        9      194
11        5        4       27
12       13        3      222
13       13        7      270
14        9        8        9
15        8        9       48
16       13        3      276
17       10        1      186
18        5        2      122
19       10        4      174
20       10        2       81
21        6        9       76
22       15        6       71
23        6        4       26
24       13        3       42
25        3        7       19
26       10        2       33
27        7        9      187
28       12        4      253
29       14        8      171
30       12        8      123
31        3        4      117
32        6        6       58
33        8        2      277
34       12        6       85
35        9        3      172
36        7        2      154
37        9        5      238
38        7        4      280
39       14        9      225
40       12        6       61
41       12        4      175
42       13        5      129
43       13        2      227
44       15        1      128
45        5        4       87
46       13        3        1
47        3        4       72
48       10        1      236
49        3        3      274
50       10        8      225
51        3        7      261
52       13        1      142
53       15        7      241
54       12        1      222
55        6        6      225
56        4        9      153
57        9        5       75
58        9        2      230
59       13        9       91
60       12        2       97
61       11        6       45
62        9        7       57
63       15        7      201
64        3        7       58
65        6        8      254
66        9        2      265
67       15        5        9
68       12        2       62
69       10        8      183
70        4        3      256
71        6        8       21
72        5        7      272
73        6        9      158
74       15        3       45
75        5        4       53
76        8        4       34
77        8        9       70
78        4        4       78
79       12        6       18
80        5        9       16
81        8        2      220
82       15        3       34
83        7        1      183
84       15        8      183
85       10        9      268
86        3        9       90
87       10        4       94
88        7        4       97
89       11        9      154
90       11        3       49
91        3        7      192
92        4        3      177
93        4        6        2
94        3        4      132
95        4        9       49
96       15        6      278
97        8        9      250
98       15        9      268
99       14        4      182
100       14        2      234
101        8        2      273
102       13        3      201
103       15        6      205
104       13        8      117
105        9        8       31
106        6        1      185
107       12        9       87
108        5        1        5
109        5        4       34
110        5        6       17
111       15        7      228
112        9        5       16
113        3        3      247
114        7        4       78
115        8        6      167
116        7        3      265
117       13        7       42
118        7        6      145
119        9        2      219
120        8        1      164
121        4        7      134
122       12        5       98
123       12        5      208
124       15        8      168
125        8        6       15
126       15        6      221
127       10        1      277
128       14        9      123
129        9        9      262
130       12        9      171
131       10        2       23
132        5        7      255
133       15        2       73
134        4        1       33
135       11        5      198
136        8        8      158
137       14        1       40
138       15        1      107
139       12        4       28
140        6        4      231
141       13        8      275
142        3        8      184
143       14        1       72
144        8        4       56
145       11        3      184
146        9        6      149
147        6        1        9
148       14        1      232
149        9        3      269
150       11        3      256
151        5        4       43
152       11        3        3
153       10        7      231
154       11        4      132
155       11        1      154
156       10        5      207
157       10        5      252
158       11        4      164
159       12        8      193
160        8        7      104
161       11        9       64
162        3        9      212
163        7        6       11
164        4        4      115
165        7        8      246
166        5        8       83
167        8        4      202
168        7        7      263
169        9        5       38
170       13        2      271
171       12        7      210
172       15        3        3
173       11        4      162
174       14        3        7
175       13        7       92
176       13        1       99
177       14        4      258
178        9        7       33
179        3        4      193
180       10        8      278
181       11        7      275
182       15        2      146
183        8        3       72
184        6        2       34
185        5        4      159
186        3        7       69
187        3        6      120
188        6        2      100
189       15        7      184
190        5        2       51
191        8        7       50
192       14        8      264
193        5        6      167
194       12        9      233
195        7        3       20
196       15        3      265
197        5        7      246
198       13        4      142
199        4        8      233
200        6        4      220
201        6        1      216
202       15        6       55
203       13        3      137
204       12        9      205
205       10        7      219
206        9        8      236
207       13        3      253
208        3        5      151
209        4        6       20
210        3        1      188
211        8        1      207
212       14        3      207
213       10        2      263
214        5        3      241
215        7        6       62
216        8        9      208
217        3        6      195
218        8        3      105
219       15        8      208
220       13        5       56
221       15        5       38
222       11        3      276
223        5        5      148
224       11        2       61
225       13        8      234
226        4        8      180
227       15        9      107
228       11        2      261
229        9        4      234
230        5        8      140
231       12        6       16
232       11        2      195
233       12        8       92
234        6        1       77
235       13        1       61
236       13        2       93
237        3        2      215
238       13        7      177
239       12        8      114
240       14        8       84
241        4        4       94
242        3        7      164
243        3        5        3
244       10        3       59
245       10        8      239
246        6        2       84
247       13        4       42
248       11        9      173
249        9        8       55
250       15        1       37
251        4        2      257
252       14        5      181
253        3        2      246
254       11        2       15
255       10        4      263
256        5        2      174
257        4        3      271
258       12        4      223
259       14        9       10
260       10        3      176
261       11        1        5
262        6        9       26
263       11        1      109
264        4        6      109
265        7        5      256
266       15        9      214
267        4        6       25
268        7        4        3
269       15        5      281
270       12        1        4
271        4        8      181
272       15        2      258
273        5        2       92
274        7        1      240
275        9        1      116
276       12        2       53
277       13        5      181
278       13        7      257
279       14        5       83
280       14        4      234
281        5        1      190
282       15        5      273
283       14        1      232
284       12        8      252
285        7        7      195
286       10        8      216
287        6        3      218
288        8        5       23
289        7        1      229
290        5        5      241
291        8        2       43
292        4        2       35
293        7        1        5
294        7        8      112
295       12        4      154
296        6        1      145
297        5        4        5
298        8        8      111
299       10        1      258
300        9        3      277
301        7        1      133
302        7        8      141
303        4        4       44
304       12        6      166
305       11        5      191
306        6        9       10
307       14        9      191
308        8        9      191
309       14        8      157
310        5        6       68
311        7        8      247
312        4        5      170
313       12        7      149
314        6        6      148
315       13        9        5
316        5        4      111
317        8        8      149
318        9        1      158
319        6        4       48
320        9        3      193
321        5        7       58
322       11        5      166
323       12        9      201
324        8        1       41
325        3        9      202
326        9        3       56
327        8        8      120
328       10        3       17
329       11        1      215
330        5        3      258
331        3        6      158
332        5        2      144
333        9        4       20
334        6        2      245
335       10        8      127
336        9        3      186
337       14        3      118
338       14        6       81
339        9        7      176
340        6        9      200
341       12        6      262
342        9        4       33
343       14        3      128
344        4        6      248
345       11        8      275
346       11        1       63
347        6        5      193
348       13        8      227
349       11        4      177
350        9        8       43
351       14        5      229
352       12        8      178
353       12        3      167
354       14        6      150
355       13        1      210
356       15        8      181
357        4        9      201
358       12        6       46
359        6        2       20
360        9        4       92
361       14        8       70
362        4        9      120
363       14        3      267
364        5        9      246
365       11        9       54
366       11        4       50
367       15        6      278
368        5        3      169
369       11        6      223
370        3        3       96
371       10        5       29
372        3        3      268
373       13        3        3
374       15        8      182
375       12        8      213
376        3        8       39
377        6        6        6
378        6        6      242
379       12        8      133
380       11        2      179
381        7        9      264
382       13        8      268
383       10        9      149
384        7        7       16
385        8        5       57
386       14        3      227
387       12        9       96
388        8        4      225
389       12        5       85
390       11        5      124
391       10        1       25
392       14        4       46
393       11        4      226
394        3        9      231
395        6        7       71
396       12        7      166
397       11        5      152
398       12        2       49
399       13        9      162
400       10        8        3
401       14        5      125
402        8        1      253
403       14        9      123
404        9        2       87
405        5        4       98
406        3        8       61
407        9        3      186
408       10        5       53
409       10        3      140
410       13        2       60
411       11        8      194
412       13        1      228
413        5        5      257
414       10        9      238
415       15        4      204
416       10        2      175
417       11        2      252
418        9        1       31
419       13        5       68
420        5        4      176
421       13        9       83
422       15        9      130
423       13        4       64
424        8        2      267
425       13        7      210
426       11        3       47
427        4        8      199
428       11        6      113
429       15        2       33
430        4        8       81
431        3        9       54
432        7        2      119
433        3        3       63
434        8        1       16
435        8        2      168
436        9        7      198
437        5        7      227
438       11        8      199
439       12        8      171
440       12        7      273
441       13        2        9
442       12        4      128
443       15        5      252
444        9        4      139
445        3        5      256
446        9        9      279
447       11        3      208
448        5        6      150
449       13        1       33
450        4        2       36
451       13        8      127
452       10        3      216
453       13        9      225
454        4        9      209
455       13        5      116
456        3        7       51
457        3        7      117
458       11        2      260
459       11        1      114
460        9        7      251
461        7        8       11
462       10        4      118
463       11        2      160
464       15        9      254
465        7        6      167
466       13        7       81
467        3        6      116
468       11        3      198
469        7        1      212
470       10        7      242
471        7        9       52
472        4        9      267
473       14        2      185
474       14        9      147
475       11        8      256
476        9        8       80
477        3        9      169
478        6        8      125
479        8        4       79
480       14        4      145
481       15        1       39
482        3        1      148
483        4        2      178
484        9        5      142
485        9        4      180
486        6        5      131
487        5        3      144
488       10        3      140
489       14        7      153
490        9        3      146
491        9        3       26
492        3        8      246
493       13        6       37
494        3        1       46
495        7        7      278
496       11        7       67
497       15        8      118
498        3        6       14
499       10        5      272
500       14        8      253
