1     80     42     2362
2     79     17     8234
3     75     20     833
4     85     9     11182
5     62     33     18616
6     43     47     1104
7     32     14     21527
8     85     10     5598
9     1     8     19477
10     3     23     198
11     72     10     1518
12     67     9     12849
13     50     24     2943
14     40     49     47
15     50     29     9954
16     55     21     20135
17     20     3     5919
18     31     49     46
19     98     11     24065
20     5     7     5580
21     64     12     2431
22     9     40     20537
23     97     45     3351
24     91     5     19500
25     76     4     4761
26     59     38     22968
27     11     40     5976
28     1     8     12760
29     14     43     3945
30     1     13     24209
31     18     3     3285
32     87     9     23850
33     64     14     2370
34     23     13     3356
35     59     29     13481
36     56     1     2449
37     68     20     12374
38     94     28     1817
39     22     1     16076
40     36     29     5177
41     80     45     10085
42     94     26     9564
43     29     33     18742
44     93     27     5325
45     97     22     21018
46     20     31     860
47     13     25     13118
48     23     2     783
49     54     18     23865
50     84     7     4399
51     82     39     16697
52     87     12     730
53     54     27     8081
54     39     31     8071
55     64     10     808
56     49     12     9579
57     91     3     21924
58     4     36     2098
59     81     21     13146
60     22     15     1878
61     44     42     9046
62     97     25     6469
63     21     4     991
64     36     25     15662
65     39     3     234
66     21     41     9164
67     22     32     24165
68     46     49     4340
69     58     13     2115
70     22     21     6193
71     21     41     14604
72     64     33     133
73     56     15     18883
74     28     19     2861
75     79     29     23245
76     16     9     809
77     4     12     1597
78     2     6     12397
79     71     7     11517
80     22     20     13232
81     18     25     5970
82     19     18     8653
83     95     23     23090
84     40     41     397
85     21     3     22913
86     32     34     1923
87     82     6     7790
88     7     13     4065
89     31     32     9789
90     46     32     6643
91     9     11     3131
92     43     13     23937
93     92     35     6116
94     8     44     13906
95     65     27     3222
96     74     21     8184
97     47     6     9943
98     60     24     21051
99     77     10     2184
100     75     26     1759
101     79     14     6111
102     53     24     21467
103     89     1     3694
104     58     47     20044
105     46     41     3811
106     97     7     23607
107     44     6     373
108     20     49     7992
109     63     15     12131
110     46     28     15022
111     84     40     3412
112     30     18     17991
113     70     44     3652
114     90     28     14487
115     15     3     2666
116     34     8     21467
117     28     30     5295
118     85     29     9280
119     49     32     2932
120     68     2     2481
121     27     28     9960
122     84     26     7661
123     9     30     3245
124     98     38     3120
125     32     25     3128
126     56     49     22319
127     92     31     2705
128     66     31     6192
129     95     20     11764
130     8     19     20358
131     87     13     5680
132     52     25     4368
133     94     25     1203
134     41     11     15514
135     84     13     1388
136     56     21     20264
137     99     33     1346
138     20     18     8457
139     26     21     9846
140     37     11     13535
141     87     31     4825
142     65     30     10069
143     46     25     10238
144     92     37     12186
145     90     6     11476
146     67     1     11898
147     21     42     9030
148     24     38     14226
149     89     3     1823
150     66     3     24731
151     27     42     1440
152     79     47     16490
153     72     16     2921
154     99     41     21001
155     11     25     1231
156     23     3     4384
157     82     32     22119
158     3     25     3574
159     10     34     20585
160     64     27     3443
161     23     20     5394
162     23     20     19988
163     41     39     4370
164     58     15     17241
165     59     3     5065
166     17     48     819
167     59     12     21455
168     4     13     3817
169     3     33     23220
170     97     46     922
171     6     25     11133
172     12     20     890
173     22     32     5634
174     23     41     14864
175     97     27     1872
176     27     43     21349
177     31     26     5288
178     18     45     24174
179     35     24     4113
180     77     17     13194
181     29     7     2082
182     98     10     12289
183     54     35     1288
184     70     27     22325
185     74     33     2843
186     22     42     17766
187     88     48     952
188     50     19     20355
189     21     13     6171
190     52     33     9278
191     98     8     15463
192     46     44     1109
193     36     17     17407
194     40     46     4324
195     41     30     16921
196     95     22     958
197     3     16     12824
198     4     18     1379
199     3     9     18502
200     38     36     3207
201     87     31     16456
202     8     8     4288
203     40     38     15106
204     57     26     4743
205     93     44     15824
206     84     29     1209
207     73     46     10256
208     3     3     21310
209     86     16     1265
210     34     17     4139
211     17     42     7029
212     11     38     24024
213     11     36     3795
214     69     8     6153
215     58     47     5999
216     44     8     3929
217     59     49     4078
218     86     38     2348
219     85     46     12282
220     71     17     13447
221     90     6     4745
222     2     45     21485
223     11     30     3917
224     88     16     13306
225     48     32     739
226     92     28     5238
227     87     11     9565
228     13     2     23639
229     74     47     6149
230     36     39     19375
231     30     45     1455
232     56     5     10622
233     56     3     15469
234     56     46     3285
235     11     15     24286
236     80     20     6163
237     26     7     21389
238     25     42     3451
239     90     34     9655
240     72     49     16093
241     33     48     1962
242     35     3     1764
243     11     13     19736
244     9     17     759
245     19     18     5797
246     76     24     9797
247     95     16     18289
248     46     2     2117
249     27     15     15828
250     69     12     1554
251     17     39     20669
252     95     44     494
253     16     32     18536
254     98     11     5016
255     49     16     14072
256     17     16     927
257     56     42     2890
258     9     27     5158
259     35     11     11080
260     41     14     1971
261     74     3     6872
262     11     4     20119
263     83     42     3349
264     75     3     17167
265     92     5     1834
266     39     10     9405
267     46     34     8534
268     80     46     19625
269     52     16     2602
270     13     40     4233
271     66     48     21829
272     55     21     5912
273     28     12     21859
274     78     2     2333
275     60     21     14272
276     35     15     1247
277     93     44     2724
278     28     3     10777
279     99     25     8576
280     29     46     2433
281     55     47     383
282     83     46     23087
283     46     9     1774
284     29     6     6731
285     86     44     24357
286     50     24     4476
287     75     30     5456
288     37     14     1408
289     28     28     14429
290     75     8     3138
291     40     14     17611
292     90     15     4637
293     90     16     6252
294     15     47     22135
295     66     28     3771
296     49     7     18480
297     94     19     1391
298     44     29     1597
299     94     26     8681
300     60     48     6444
301     87     20     2725
302     59     33     15647
303     54     18     1517
304     34     40     5162
305     43     36     21243
306     23     17     4054
307     63     33     14774
308     94     1     6127
309     91     5     21640
310     15     21     2002
311     89     48     18235
312     65     45     4897
313     47     24     18391
314     95     35     5146
315     1     22     1396
316     86     13     8931
317     16     11     16436
318     48     9     3312
319     33     25     21896
320     22     45     5642
321     65     41     23705
322     46     1     2699
323     15     6     21056
324     58     10     4012
325     72     21     23587
326     29     42     3137
327     62     45     6097
328     5     27     15348
329     95     31     6192
330     76     33     24590
331     88     4     895
332     57     40     10940
333     24     45     21102
334     55     21     1290
335     63     28     1792
336     90     3     83
337     48     28     6617
338     96     2     7047
339     74     12     15694
340     77     17     6097
341     77     15     22538
342     51     1     935
343     93     31     4080
344     35     13     21600
345     28     26     1843
346     31     13     878
347     1     33     24757
348     20     2     3839
349     94     37     20187
350     26     23     1178
351     32     6     890
352     90     25     14341
353     26     17     1418
354     22     19     21252
355     31     27     4951
356     6     38     11851
357     56     9     14275
358     49     36     2382
359     34     26     15654
360     32     41     2568
361     60     31     2472
362     32     32     1842
363     72     20     6399
364     20     17     18912
365     8     19     216
366     46     42     18875
367     64     16     438
368     4     34     22337
369     11     24     1608
370     75     32     15331
371     67     26     4182
372     64     12     23865
373     46     33     548
374     73     12     20079
375     86     30     2670
376     35     32     238
377     51     38     8197
378     73     4     23626
379     13     47     930
380     28     4     20300
381     73     23     4362
382     55     32     13573
383     42     27     924
384     9     45     4473
385     85     33     2811
386     1     39     18995
387     23     38     4704
388     13     17     15847
389     55     16     4245
390     49     17     813
391     53     40     607
392     36     35     9329
393     23     31     21959
394     12     7     2404
395     88     14     20347
396     86     13     3844
397     12     12     20467
398     34     18     1835
399     6     44     3432
400     97     18     13354
401     62     43     4585
402     22     25     14170
403     56     20     5474
404     65     29     21910
405     26     30     3578
406     85     16     1634
407     64     23     3273
408     34     27     7637
409     27     40     9995
410     26     18     16483
411     27     49     2587
412     31     15     17585
413     55     33     4780
414     2     36     4212
415     96     11     20384
416     74     6     5832
417     44     12     18866
418     1     35     3189
419     12     38     16292
420     21     20     3237
421     8     1     17024
422     50     11     5711
423     75     38     4207
424     25     29     10296
425     50     23     11867
426     53     46     4766
427     58     23     14882
428     11     23     713
429     68     21     21483
430     72     17     3800
431     16     8     2724
432     38     18     5448
433     26     21     24438
434     64     31     6182
435     7     37     12866
436     1     44     2461
437     18     3     4815
438     1     38     4135
439     59     18     22855
440     44     35     1648
441     25     4     7086
442     12     40     24236
443     37     33     4709
444     28     39     7348
445     66     28     14427
446     30     9     5272
447     4     11     21984
448     17     26     3060
449     92     16     15861
450     33     34     1608
451     83     2     2067
452     92     34     21006
453     82     11     4975
454     76     47     13364
455     36     46     737
456     51     28     15240
457     87     28     5494
458     76     33     16351
459     61     15     3198
460     64     42     6418
461     6     9     15710
462     32     37     174
463     97     4     24272
464     27     47     4998
465     77     9     9014
466     84     35     2930
467     71     33     9683
468     84     41     5551
469     28     47     5483
470     71     12     10467
471     7     26     21510
472     53     14     56
473     87     3     4257
474     35     39     9070
475     93     43     20366
476     77     4     135
477     4     20     4507
478     6     39     24525
479     50     46     4864
480     6     49     1315
481     57     6     5881
482     14     23     21974
483     98     30     3196
484     53     8     4782
485     28     44     9456
486     38     25     5686
487     31     13     12246
488     85     48     11694
489     42     39     22874
490     99     29     1523
491     15     36     4527
492     26     7     18702
493     87     28     1017
494     70     36     23710
495     39     40     3921
496     63     43     14818
497     92     8     2276
498     6     14     19349
499     72     6     1303
500     6     29     2148
