1     74     31     364
2     64     42     25
3     95     96     139
4     86     26     95
5     5     48     505
6     23     76     75
7     12     56     548
8     42     70     36
9     57     17     359
10     63     81     96
11     66     44     380
12     56     32     51
13     8     69     85
14     22     17     326
15     40     3     72
16     53     72     114
17     67     98     507
18     77     91     38
19     28     85     168
20     54     71     552
21     39     63     91
22     51     50     6
23     2     56     134
24     5     45     404
25     76     10     33
26     88     17     203
27     46     27     175
28     35     43     556
29     85     14     145
30     50     23     248
31     77     33     460
32     19     12     126
33     96     45     128
34     27     11     91
35     18     98     180
36     8     47     143
37     82     65     136
38     25     78     187
39     15     26     295
40     86     27     277
41     43     22     288
42     85     78     37
43     79     47     231
44     31     1     300
45     47     66     57
46     79     25     353
47     25     16     63
48     24     9     67
49     38     29     438
50     11     63     132
