5     538     498.375
5.001     542     498.375
5     546     498.375
5     546     498.375
5.001     542     498.375
5.001     542     498.375
5     546     498.375
5     546     498.375
5.001     542     498.375
5.001     542     498.375
             
5.001     569     535.125
5     581     535.125
5     566     535.125
5     566     535.125
5.001     581     535.125
5.001     581     535.125
5     566     535.125
5     566     535.125
5     581     535.125
5.001     581     535.125
             
5.001     516     471.125
5     515     471.125
5     527     471.125
5     527     471.125
5.001     516     471.125
5.001     516     471.125
5     527     471.125
5     527     471.125
5     515     471.125
5.001     516     471.125
             
5     538     499.125
5     542     499.125
5     556     499.125
5     556     499.125
5     542     499.125
5     542     499.125
5     556     499.125
5     556     499.125
5     542     499.125
5     542     499.125
             
5     616     576.5
5     623     576.5
5     631     576.5
5     631     576.5
5     623     576.5
5     623     576.5
5     631     576.5
5     631     576.5
5     623     576.5
5     623     576.5
             
5     628     562.375
5.001     622     562.375
5     620     562.375
5     620     562.375
5.001     628     562.375
5.001     628     562.375
5     620     562.375
5     620     562.375
5.001     622     562.375
5.001     628     562.375
             
5     640     598.625
5     649     598.625
5.001     650     598.625
5.001     650     598.625
5     649     598.625
5     649     598.625
5.001     650     598.625
5.001     650     598.625
5     649     598.625
5     649     598.625
             
5     565     519.875
5     562     519.875
5     561     519.875
5     561     519.875
5     565     519.875
5     565     519.875
5     561     519.875
5     561     519.875
5     562     519.875
5     565     519.875
             
5     559     505.5
5.001     574     505.5
5     582     505.5
5     582     505.5
5.001     574     505.5
5.001     574     505.5
5     582     505.5
5     582     505.5
5.001     574     505.5
5.001     574     505.5
             
5     591     540
5     604     540
5.001     586     540
5.001     586     540
5     604     540
5     604     540
5.001     586     540
5.001     586     540
5     604     540
5     604     540
             
