1     26     17     43
2     33     23     10
3     30     35     64
4     40     96     133
5     10     91     43
6     12     4     136
7     42     1     8
8     36     76     6
9     24     10     44
10     10     73     123
11     43     80     27
12     13     19     87
13     19     72     14
14     34     91     47
15     11     22     112
16     27     53     11
17     42     98     82
18     18     28     162
19     39     47     37
20     18     74     137
21     4     42     17
22     24     61     40
23     37     57     138
24     25     25     14
25     20     12     5
26     3     46     166
27     32     51     26
28     38     57     14
29     41     14     168
30     44     52     21
31     22     78     153
32     29     72     4
33     38     4     158
34     33     61     26
35     18     55     15
36     3     56     73
37     38     74     78
38     5     36     110
39     18     96     10
40     42     47     88
41     23     8     19
42     42     87     152
43     2     73     38
44     42     99     39
45     43     56     30
46     38     91     72
47     43     80     64
48     39     23     85
49     11     27     169
50     45     94     7
