0       347       347
0       347       347
0       347       347
0       347       347
0       347       347
0       347       347
0       347       347
0       347       347
0       347       347
0.004       347       347

0       237       237
0       237       237
0       237       237
0       237       237
0       237       237
0       237       237
0       237       237
0       237       237
0       237       237
0       237       237

0       247       247
0       247       247
0       247       247
0       247       247
0       247       247
0       247       247
0       247       247
0       247       247
0       247       247
0       247       247

0       229       229
0       229       229
0       229       229
0.001       229       229
0       229       229
0       229       229
0       229       229
0       229       229
0       229       229
0       229       229

0       209       209
0       209       209
0       209       209
0       209       209
0       209       209
0       209       209
0       209       209
0       209       209
0       209       209
0       209       209

0       268       268
0       268       268
0       268       268
0       268       268
0       268       268
0       268       268
0       268       268
0       268       268
0       268       268
0       268       268

0       255       255
0       255       255
0.001       255       255
0       255       255
0       255       255
0       255       255
0       255       255
0       255       255
0       255       255
0       255       255

0       267       267
0       267       267
0       267       267
0       267       267
0       267       267
0       267       267
0       267       267
0       267       267
0       267       267
0       267       267

0       188       188
0       188       188
0       188       188
0       188       188
0       188       188
0       188       188
0       188       188
0       188       188
0       188       188
0       188       188

0       190       190
0       190       190
0       190       190
0       190       190
0       190       190
0       190       190
0       190       190
0       190       190
0       190       190
0       190       190

