1     28     195     41
2     17     8     494
3     32     33     35
4     29     94     358
5     9     189     30
6     24     35     81
7     36     150     532
8     42     69     54
9     40     78     522
10     25     60     64
11     23     135     101
12     44     102     489
13     48     155     112
14     48     110     313
15     15     29     50
16     14     67     590
17     19     95     152
18     9     184     139
19     16     113     210
20     10     121     349
21     42     30     143
22     42     17     39
23     3     64     189
24     2     48     242
25     34     18     229
26     40     77     204
27     34     80     123
28     27     128     399
29     42     44     104
30     18     41     134
31     18     19     335
32     2     16     81
33     20     45     43
34     34     45     405
35     34     62     46
36     7     96     543
37     47     85     1
38     37     74     62
39     5     90     205
40     42     88     445
41     25     56     48
42     47     56     214
43     21     168     475
44     8     86     137
45     15     122     476
46     8     140     149
47     13     57     531
48     15     16     130
49     8     75     148
50     39     24     554
51     3     136     73
52     27     192     43
53     35     36     384
54     32     115     143
55     37     148     123
56     21     64     39
57     30     91     44
58     10     60     584
59     21     133     96
60     20     155     333
61     8     197     88
62     29     134     271
63     47     86     559
64     21     102     128
65     20     73     382
66     47     108     125
67     6     9     405
68     41     137     138
69     10     90     382
70     30     27     10
71     48     188     318
72     4     138     93
73     37     197     212
74     5     199     110
75     1     120     226
76     27     66     426
77     15     181     148
78     17     101     549
79     5     93     62
80     45     136     40
81     47     164     3
82     35     185     14
83     36     42     272
84     23     110     511
85     23     35     111
86     27     36     117
87     19     53     119
88     32     66     50
89     11     61     186
90     39     98     482
91     48     194     4
92     9     3     572
93     40     127     34
94     17     199     544
95     22     191     42
96     10     94     544
97     3     110     125
98     16     132     190
99     21     155     334
100     36     88     111
