1     11     48     784
2     3     19     1210
3     32     32     122
4     49     4     642
5     12     45     487
6     45     28     489
7     14     10     986
8     44     19     246
9     10     19     907
10     17     40     376
11     15     22     173
12     42     13     101
13     18     16     1455
14     1     3     319
15     22     20     269
16     13     46     430
17     25     22     1562
18     28     42     182
19     36     48     675
20     10     39     161
21     19     42     1051
22     14     4     363
23     33     37     1159
24     12     32     369
25     38     45     1038
26     17     22     234
27     5     3     958
28     14     15     183
29     14     25     1817
30     8     14     425
31     35     41     871
32     21     9     1157
33     43     17     122
34     48     27     129
35     21     19     118
36     23     7     1638
37     31     39     44
38     16     28     898
39     10     15     1607
40     2     35     374
41     43     21     487
42     9     42     470
43     17     38     1221
44     37     19     258
45     12     3     377
46     26     22     1294
47     24     30     14
48     23     34     1128
49     19     31     426
50     44     5     575
51     28     4     366
52     23     4     1671
53     16     1     273
54     47     7     122
55     14     24     1297
56     6     4     301
57     43     16     765
58     17     27     1650
59     12     37     49
60     22     38     772
61     11     41     1079
62     1     12     110
63     26     13     466
64     16     22     620
65     29     22     652
66     12     2     479
67     39     25     320
68     26     7     734
69     34     3     718
70     10     42     1531
71     15     8     307
72     25     35     292
73     31     32     1492
74     24     1     247
75     5     48     584
76     28     16     1158
77     23     11     19
78     30     16     694
79     39     3     1521
80     19     7     401
81     13     5     1626
82     28     47     261
83     35     39     643
84     2     24     1730
85     26     31     438
86     49     6     1697
87     15     16     125
88     25     12     942
89     30     36     205
90     32     42     1683
91     38     36     297
92     13     10     1737
93     42     30     139
94     5     37     1514
95     22     32     238
96     12     37     417
97     21     43     1293
98     13     11     349
99     27     9     839
100     25     46     354
101     47     33     161
102     6     6     1802
103     26     29     149
104     16     20     861
105     40     44     253
106     49     37     782
107     16     47     268
108     1     5     1558
109     49     2     386
110     34     5     1641
111     44     5     294
112     39     13     1793
113     3     31     389
114     32     37     983
115     28     42     135
116     36     41     54
117     18     35     82
118     14     30     1073
119     13     46     388
120     23     33     642
121     29     41     1439
122     17     42     319
123     12     21     229
124     2     31     1635
125     35     21     354
126     47     44     1383
127     34     1     57
128     31     13     210
129     4     44     1281
130     35     9     111
131     34     16     81
132     46     24     970
133     24     33     238
134     31     4     331
135     41     38     1464
136     14     7     350
137     7     1     945
138     9     14     346
139     22     44     239
140     16     9     1052
141     27     29     89
142     43     25     939
143     2     28     210
144     43     17     240
145     2     29     1356
146     48     4     148
147     27     22     1517
148     39     40     196
149     12     19     1746
150     26     43     122
151     48     43     98
152     1     48     1230
153     2     20     94
154     49     44     1639
155     9     37     134
156     35     47     1704
157     32     10     102
158     7     36     1767
159     13     32     50
160     6     49     707
161     13     22     203
162     26     1     430
163     46     34     378
164     25     5     1730
165     34     49     383
166     6     18     31
167     25     6     1228
168     14     35     407
169     7     4     1006
170     30     43     284
171     37     37     1144
172     8     39     103
173     29     2     1469
174     43     31     259
175     17     32     1721
176     24     19     381
177     13     8     286
178     22     18     1610
179     4     20     43
180     47     12     1455
181     31     36     62
182     35     22     477
183     3     35     1118
184     10     7     175
185     46     4     1343
186     24     42     177
187     12     42     978
188     3     10     77
189     21     40     1227
190     17     26     196
191     4     10     1361
192     9     48     121
193     26     18     317
194     8     41     114
195     39     15     347
196     12     13     564
197     34     8     856
198     14     34     1576
199     30     9     163
200     7     7     274
201     43     48     41
202     37     28     1685
203     15     41     421
204     35     10     1787
205     18     35     367
206     26     20     1388
207     35     35     46
208     11     33     1390
209     32     16     196
210     33     49     558
211     46     42     555
212     29     13     981
213     23     17     14
214     39     48     1182
215     18     1     123
216     7     1     119
217     37     20     1088
218     33     37     231
219     27     17     794
220     45     33     958
221     42     33     293
222     37     17     1663
223     43     45     408
224     26     47     749
225     5     46     1460
226     18     45     278
227     34     31     825
228     42     7     701
229     2     9     58
230     29     48     886
231     48     40     106
232     36     30     657
233     47     22     58
234     44     26     428
235     39     41     759
236     40     37     1045
237     30     36     137
238     41     17     1497
239     1     44     302
240     39     8     1742
241     11     47     449
242     18     18     97
243     30     25     540
244     10     47     431
245     32     26     816
246     15     49     989
247     21     32     387
248     41     38     623
249     17     47     523
250     24     40     1750
251     31     41     30
252     22     36     1591
253     19     40     174
254     26     8     1070
255     26     35     282
256     43     44     1385
257     42     43     241
258     12     32     178
259     28     37     387
260     30     14     985
261     24     40     127
262     12     47     540
263     31     32     9
264     17     8     1570
265     10     10     281
266     28     48     212
267     21     46     1425
268     10     15     240
269     37     25     1323
270     3     19     278
271     21     6     480
272     4     22     532
273     41     9     1411
274     21     21     84
275     37     2     435
276     11     44     1235
277     39     37     228
278     38     11     1047
279     30     33     16
280     42     8     893
281     39     23     781
282     41     20     945
283     44     2     353
284     24     30     21
285     25     14     893
286     3     42     1527
287     17     24     14
288     6     3     14
289     25     33     637
290     37     17     552
291     23     38     1580
292     23     32     79
293     8     29     1444
294     43     26     325
295     41     10     1769
296     10     42     285
297     23     24     1826
298     15     13     122
299     46     42     1638
300     8     45     13
