1     80     59     1191
2     27     171     1804
3     2     122     497
4     92     132     1764
5     53     115     97
6     56     154     2174
7     1     100     335
8     74     145     70
9     14     88     2192
10     62     11     115
11     85     41     2420
12     51     178     584
13     98     130     2158
14     35     24     182
15     58     14     2493
16     24     116     263
17     10     95     876
18     58     141     1757
19     49     66     70
20     84     185     1122
21     61     199     334
22     40     177     105
23     42     125     704
24     4     108     2133
25     23     67     337
26     5     189     635
27     57     12     129
28     35     161     747
29     74     52     1141
30     96     109     2471
31     62     70     127
32     63     100     1287
33     13     191     342
34     14     80     1732
35     70     187     488
36     81     97     1695
37     79     51     184
38     11     43     1550
39     79     161     455
40     75     101     2168
41     5     31     338
42     54     153     1542
43     23     121     617
44     64     115     1365
45     18     126     74
46     30     134     1440
47     11     102     477
48     50     156     909
49     27     36     82
50     20     149     248
51     76     143     1967
52     30     171     194
53     19     144     471
54     87     34     2476
55     36     48     524
56     58     105     85
57     37     193     624
58     58     11     1119
59     8     34     485
60     87     17     159
61     75     163     1818
62     24     199     222
63     17     137     1293
64     38     72     585
65     41     25     1400
66     70     36     111
67     50     94     1168
68     9     18     1529
69     53     77     472
70     2     45     164
71     1     148     1074
72     92     22     2445
73     97     9     63
74     59     109     1560
75     98     68     400
76     99     158     907
77     45     166     978
78     6     105     279
79     37     186     729
80     26     20     1706
81     17     193     586
82     16     91     546
83     21     124     2051
84     97     116     364
85     67     22     2482
86     68     109     116
87     18     91     1010
88     61     115     1013
89     82     109     1005
90     24     199     2428
91     92     185     293
92     15     96     213
93     35     142     1642
94     3     174     355
95     95     45     2039
96     55     186     416
97     54     67     137
98     33     41     182
99     23     118     1211
100     28     80     249
101     69     21     132
102     90     159     816
103     97     172     123
104     97     124     887
105     69     17     1810
106     23     162     451
107     81     53     2185
108     86     54     600
109     45     199     1262
110     55     8     296
111     81     65     2433
112     1     147     261
113     42     107     167
114     57     11     752
115     52     36     195
116     75     184     1776
117     43     113     166
118     85     119     622
119     5     79     2404
120     35     75     214
121     78     132     1514
122     91     177     512
123     15     109     488
124     58     63     13
125     92     54     1733
126     46     180     359
127     47     36     1638
128     60     59     150
129     81     108     1136
130     72     142     2232
131     13     161     623
132     11     54     1815
133     72     74     581
134     22     126     108
135     18     134     659
136     42     66     463
137     23     194     689
138     38     65     2508
139     38     152     465
140     87     178     728
141     47     61     267
142     3     149     2189
143     91     103     344
144     26     95     1664
145     4     176     62
146     49     197     1354
147     67     51     62
148     43     53     1308
149     50     100     625
150     5     72     1845
151     14     11     426
152     44     98     557
153     48     70     543
154     61     57     1418
155     82     104     401
156     96     196     2460
157     81     61     312
158     61     14     108
159     24     183     1207
160     85     16     1465
161     35     91     147
162     81     192     525
163     12     32     1822
164     74     166     107
165     63     177     194
166     61     187     510
167     78     161     1396
168     89     155     62
169     46     178     1873
170     37     186     609
171     69     69     1912
172     70     52     563
173     23     165     829
174     81     47     228
175     91     108     1644
176     17     9     418
177     14     162     1903
178     46     63     511
179     69     197     229
180     84     133     1961
181     62     175     268
182     85     71     2312
183     70     153     529
184     94     113     1268
185     37     120     65
186     68     1     609
187     66     69     221
188     10     137     1944
189     15     130     263
190     50     131     656
191     11     11     2068
192     13     67     313
193     19     75     242
194     75     194     2438
195     31     101     188
196     89     54     3
197     73     75     1730
198     89     95     97
199     86     76     67
200     61     153     14
