1     72     32     1680
2     51     29     345
3     90     37     748
4     58     41     1798
5     61     10     577
6     19     39     1525
7     40     35     78
8     76     33     935
9     11     40     369
10     62     13     2053
11     70     27     49
12     76     45     1695
13     23     47     279
14     82     2     1173
15     51     28     2369
16     44     28     422
17     99     42     664
18     83     35     1921
19     58     5     329
20     55     8     120
21     85     29     888
22     72     39     1176
23     6     21     1281
24     7     6     495
25     40     12     1982
26     55     41     23
27     20     5     2427
28     35     9     89
29     48     33     70
30     64     25     463
31     30     45     268
32     39     32     4
33     86     11     1521
34     73     40     209
35     48     40     1559
36     18     17     31
37     92     22     1124
38     5     31     1246
39     67     28     451
40     38     22     806
41     93     45     2080
42     67     45     51
43     44     45     1315
44     24     47     376
45     90     42     1033
46     15     40     847
47     49     22     2181
48     89     22     224
49     79     32     1087
50     30     27     1441
51     42     10     174
52     81     4     841
53     39     2     2303
54     15     11     600
55     88     30     1733
56     58     3     362
57     62     17     1470
58     98     33     298
59     76     44     930
60     60     32     2461
61     45     42     600
62     29     11     1583
63     29     18     371
64     64     12     1501
65     18     14     75
66     66     6     578
67     49     21     1063
68     39     16     1264
69     24     31     194
70     15     43     2070
71     51     2     514
72     92     1     942
73     61     8     266
74     5     36     1301
75     1     30     110
76     3     47     569
77     96     44     1906
78     30     38     357
79     57     8     1148
80     6     41     2068
81     83     4     139
82     5     9     1759
83     97     42     28
84     4     20     1230
85     69     3     1549
86     16     27     318
87     58     3     1378
88     91     12     303
89     32     28     1953
90     46     16     482
91     5     11     1979
92     13     11     295
93     53     33     2179
94     28     23     22
95     16     33     586
96     27     47     384
97     70     47     403
98     16     9     2278
99     31     38     403
100     42     21     2363
101     23     25     419
102     25     28     813
103     32     14     480
104     18     22     1395
105     30     35     335
106     2     8     1255
107     42     1     136
108     9     22     317
109     82     47     2177
110     90     11     415
111     70     33     1052
112     32     49     1627
113     16     29     310
114     35     32     2474
115     27     4     318
116     71     48     64
117     31     23     2048
118     98     33     354
119     44     45     1616
120     38     1     66
121     95     27     852
122     32     29     1480
123     30     31     142
124     54     17     372
125     15     32     948
126     47     24     571
127     52     25     632
128     90     6     381
129     84     39     1331
130     39     25     503
131     95     27     392
132     74     5     1624
133     14     20     460
134     64     41     1624
135     21     46     273
136     99     17     472
137     32     22     677
138     82     16     314
139     16     44     1276
140     31     21     53
141     25     28     2469
142     79     16     538
143     60     15     1388
144     56     27     136
145     19     19     2033
146     74     24     10
147     18     35     2098
148     54     20     41
149     41     11     2477
150     68     18     229
151     26     26     810
152     12     21     400
153     29     24     1487
154     39     48     256
155     33     35     265
156     4     10     1626
157     4     45     567
158     30     20     390
159     68     3     1783
160     97     2     496
161     37     22     586
162     98     32     515
163     59     1     72
164     50     12     2396
165     91     10     302
166     38     6     1568
167     79     46     177
168     49     43     2444
169     24     21     471
170     87     48     2113
171     36     8     14
172     3     41     1077
173     6     31     511
174     28     9     1977
175     23     31     468
176     11     15     559
177     84     25     2304
178     88     37     35
179     96     5     200
180     84     32     1834
181     14     14     543
182     88     44     366
183     24     30     1706
184     88     31     225
185     20     28     1358
186     59     7     601
187     62     14     2399
188     84     30     593
189     51     9     275
190     99     45     2188
191     72     25     464
192     27     48     2406
193     5     40     431
194     44     17     1028
195     35     33     1740
196     93     10     411
197     70     29     1296
198     54     44     554
199     3     12     1868
200     27     9     142
201     62     47     2133
202     38     12     386
203     38     41     359
204     22     20     722
205     1     30     1157
206     37     8     225
207     6     11     1188
208     87     5     2419
209     57     6     190
210     10     9     1505
211     53     29     322
212     3     10     2027
213     72     5     474
214     32     23     2269
215     25     4     199
216     31     8     299
217     9     8     2120
218     85     16     132
219     55     28     30
220     14     9     360
221     13     22     2439
222     88     49     295
223     93     1     1228
224     46     33     953
225     60     48     2353
226     3     15     166
227     27     4     417
228     4     28     535
229     32     48     2382
230     26     18     489
231     75     7     741
232     86     31     331
233     2     22     278
234     47     15     1679
235     57     43     588
236     31     19     2021
237     54     5     511
238     75     18     11
239     67     7     2036
240     39     6     281
241     39     29     779
242     61     47     2371
243     55     4     427
244     68     46     1057
245     22     5     1168
246     91     29     647
247     94     21     273
248     7     32     1173
249     32     37     1121
250     55     37     1642
251     95     33     1
252     96     4     375
253     52     30     1408
254     23     39     58
255     1     6     863
256     8     8     790
257     33     25     1603
258     72     29     25
259     48     39     2148
260     89     34     307
261     93     18     60
262     98     49     1406
263     44     47     57
264     35     25     550
265     55     8     2087
266     70     22     318
267     92     7     1677
268     5     19     347
269     7     36     2069
270     60     40     153
271     81     14     334
272     42     1     753
273     35     8     1788
274     17     30     478
275     90     34     79
276     38     44     256
277     1     1     1525
278     36     46     329
279     16     1     1147
280     62     5     342
281     45     45     1341
282     23     5     19
283     3     17     611
284     27     41     1423
285     65     14     111
286     89     44     1155
287     20     20     1906
288     95     16     318
289     1     15     2241
290     5     10     471
291     85     4     47
292     97     23     1005
293     75     19     198
294     66     13     1303
295     78     29     446
296     41     38     2326
297     30     39     55
298     95     31     406
299     6     22     1538
300     59     40     392
301     36     27     1172
302     8     36     2284
303     95     35     251
304     90     21     559
305     3     27     1247
306     67     12     566
307     23     25     1473
308     24     42     118
309     45     14     267
310     61     46     1104
311     92     27     76
312     63     42     1156
313     7     24     2466
314     34     17     88
315     25     11     1359
316     3     39     145
317     31     3     1362
318     50     43     505
319     75     36     360
320     97     48     2189
321     77     17     458
322     47     30     1610
323     47     36     29
324     69     35     1149
325     62     33     1114
326     77     34     1154
327     57     28     1785
328     66     37     254
329     13     32     1972
330     81     21     18
331     84     2     394
332     34     29     656
333     39     30     506
334     86     39     1790
335     34     33     343
336     88     16     1245
337     29     20     99
338     98     10     2433
339     13     8     533
340     53     6     1036
341     78     40     375
342     36     11     1635
343     41     32     187
344     36     34     2209
345     77     3     395
346     44     5     1123
347     10     8     1423
348     79     10     217
349     55     22     722
350     74     9     1086
351     82     48     11
352     56     16     212
353     87     32     1782
354     69     45     264
355     41     15     2352
356     62     42     410
357     56     20     152
358     83     16     1369
359     5     37     339
360     67     17     1888
361     32     36     212
362     14     34     2407
363     37     41     579
364     43     25     116
365     90     42     710
366     69     42     559
367     5     26     174
368     73     15     731
369     78     25     1472
370     38     49     341
371     80     36     1369
372     1     9     321
373     28     42     890
374     82     40     107
375     62     26     2419
376     30     11     588
377     34     30     1605
378     35     3     152
379     31     22     2450
380     35     33     574
381     15     3     337
382     29     12     1494
383     11     35     355
384     86     36     472
385     1     16     2461
386     91     33     619
387     34     15     1313
388     66     5     568
389     86     9     1272
390     39     38     349
391     31     3     798
392     57     25     2458
393     57     12     19
394     92     2     28
395     33     40     1084
396     20     25     357
397     95     14     328
398     1     14     28
399     24     11     1386
400     52     12     350
401     10     34     775
402     17     2     521
403     60     24     322
404     46     7     1134
405     71     12     1469
406     44     25     32
407     86     24     1971
408     22     28     234
409     67     7     396
410     84     12     494
411     35     23     2368
412     34     3     466
413     99     30     1571
414     32     28     22
415     43     18     2191
416     57     3     594
417     68     3     2181
418     72     18     128
419     64     14     2396
420     2     28     528
421     74     43     921
422     85     36     1020
423     85     15     497
424     89     10     1083
425     19     25     556
426     68     16     847
427     22     13     2478
428     17     32     571
429     26     42     2201
430     60     12     148
431     52     34     438
432     28     7     56
433     49     30     1763
434     88     6     159
435     21     22     1165
436     39     2     1124
437     99     7     85
438     98     41     879
439     73     20     1456
440     84     20     461
441     65     46     54
442     42     25     262
443     71     45     2010
444     43     21     303
445     88     17     949
446     20     49     1474
447     73     38     500
448     51     6     2201
449     81     26     285
450     4     22     69
451     15     7     978
452     45     14     1487
453     82     13     495
454     50     9     2256
455     39     49     227
456     27     34     1069
457     46     26     1610
458     62     31     565
459     98     26     13
460     45     12     672
461     96     36     1575
462     14     4     225
463     8     43     380
464     59     8     1272
465     85     29     79
466     7     14     955
467     41     28     2417
468     44     37     288
469     54     25     1406
470     43     12     395
471     71     18     199
472     51     15     402
473     82     2     2433
474     71     31     590
475     87     8     2317
476     45     22     80
477     75     18     574
478     87     2     1274
479     98     13     281
480     92     33     1357
481     20     16     618
482     48     30     861
483     4     16     610
484     21     26     301
485     25     17     1883
486     91     30     317
487     78     37     426
488     53     37     1182
489     11     8     1948
490     62     13     145
491     77     40     934
492     31     49     994
493     64     45     23
494     26     48     136
495     5     19     320
496     51     39     641
497     65     36     1156
498     79     11     327
499     26     42     697
500     83     26     227
