1     56     5     2140
2     88     47     591
3     37     48     292
4     88     25     1450
5     8     13     305
6     86     45     771
7     55     37     1120
8     89     8     676
9     2     9     1268
10     37     4     214
11     9     1     2359
12     18     18     17
13     83     39     187
14     88     23     539
15     18     3     1939
16     27     37     233
17     94     48     239
18     47     7     742
19     5     32     1924
20     14     20     342
21     81     15     2247
22     71     40     289
23     24     23     1731
24     37     31     204
25     18     14     577
26     15     40     1820
27     19     29     359
28     69     20     2410
29     55     30     416
30     13     40     110
31     18     4     1937
32     24     38     131
33     89     29     814
34     81     27     1725
35     60     40     183
36     40     28     1690
37     48     8     77
38     63     41     282
39     5     46     169
40     94     3     295
41     72     2     1464
42     19     7     141
43     46     17     1675
44     4     45     343
45     56     49     1494
46     83     36     380
47     22     25     1896
48     20     40     532
49     81     16     2361
50     73     17     157
51     57     3     1453
52     92     19     594
53     4     36     357
54     74     37     1304
55     71     44     599
56     43     5     2304
57     40     43     530
58     8     16     1157
59     18     24     740
60     4     35     2381
61     97     45     395
62     10     29     1107
63     54     26     1673
64     19     34     166
65     35     6     2036
66     46     27     241
67     32     5     977
68     59     7     888
69     45     26     1971
70     92     4     269
71     49     12     971
72     79     27     2106
73     74     13     158
74     95     28     370
75     64     10     2065
76     62     12     192
77     11     3     2360
78     47     32     288
79     89     33     22
80     5     28     1248
81     85     45     233
82     97     9     346
83     97     28     2051
84     34     44     132
85     21     32     157
86     97     29     1071
87     70     33     1782
88     61     45     362
89     69     36     966
90     84     1     2005
91     48     48     513
92     69     43     2317
93     24     45     158
94     13     11     535
95     6     23     476
96     3     9     114
97     3     13     176
98     93     36     529
99     69     48     2149
100     67     22     194
101     27     3     137
102     92     4     394
103     60     32     1190
104     17     30     2159
105     83     10     501
106     38     33     2108
107     46     21     403
108     35     33     1180
109     42     38     1193
110     24     21     21
111     80     5     1552
112     77     44     371
113     3     43     115
114     85     21     674
115     93     35     1226
116     82     31     529
117     36     42     804
118     29     21     2196
119     19     1     575
120     51     14     834
121     41     27     2327
122     8     45     168
123     65     2     306
124     40     7     1718
125     78     17     392
126     52     5     471
127     37     25     1381
128     2     49     252
129     77     31     1770
130     17     6     121
131     5     22     1472
132     22     44     329
133     21     18     2133
134     17     1     305
135     59     35     581
136     88     47     2320
137     32     48     565
138     66     8     292
139     55     31     1690
140     53     36     208
141     2     46     209
142     38     37     545
143     70     9     2288
144     43     1     482
145     19     4     2160
146     17     22     220
147     10     10     701
148     17     14     2286
149     79     36     274
150     20     19     898
151     66     38     654
152     30     40     582
153     6     12     317
154     80     12     1752
155     12     19     71
156     76     38     1141
157     34     36     1311
158     11     44     586
159     44     36     796
160     6     17     871
161     28     30     1718
162     3     8     234
163     23     16     506
164     62     10     1197
165     21     25     577
166     91     13     941
167     33     48     1414
168     47     6     156
169     13     20     1322
170     65     49     292
171     60     38     1092
172     49     4     1734
173     46     35     189
174     78     40     1616
175     5     3     334
176     49     41     742
177     76     9     695
178     59     14     128
179     48     44     1397
180     94     2     55
181     51     19     1253
182     30     40     416
183     67     30     1472
184     54     41     233
185     8     32     902
186     18     32     2322
187     86     30     540
188     17     8     703
189     37     5     351
190     78     38     475
191     78     35     1497
192     27     13     326
193     41     33     18
194     15     43     2139
195     28     46     116
196     90     22     1626
197     70     7     404
198     44     25     1690
199     5     6     377
200     87     25     2043
201     58     28     512
202     86     3     1195
203     85     44     1756
204     94     18     181
205     42     45     449
206     93     32     2173
207     91     32     293
208     67     9     2307
209     56     9     38
210     21     45     28
211     40     19     2065
212     42     24     187
213     13     30     280
214     27     37     397
215     64     4     547
216     17     40     2198
217     95     8     258
218     89     39     462
219     13     9     836
220     67     16     1818
221     86     37     443
222     28     4     1117
223     23     42     1241
224     70     13     222
225     65     47     1755
226     38     6     319
227     6     30     632
228     15     19     37
229     78     25     2004
230     43     12     163
231     55     40     2240
232     39     17     512
233     70     24     1627
234     76     6     200
235     96     5     1024
236     56     24     1987
237     10     45     114
238     1     35     758
239     78     14     293
240     67     28     1885
241     55     31     265
242     5     14     2179
243     76     25     310
244     13     37     1556
245     60     12     37
246     83     44     2132
247     62     19     439
248     1     29     963
249     76     29     2095
250     7     4     235
251     40     44     1444
252     43     23     96
253     64     5     2052
254     40     8     126
255     26     43     239
256     96     24     732
257     67     38     394
258     34     11     605
259     60     17     2025
260     74     25     248
261     19     9     1182
262     24     19     1929
263     21     3     290
264     73     1     1340
265     41     10     580
266     16     14     2055
267     16     46     296
268     96     5     1167
269     71     46     1465
270     50     17     381
271     13     38     563
272     77     24     2368
273     48     5     366
274     49     38     5
275     59     29     110
276     57     30     1902
277     32     33     285
278     91     25     1629
279     8     6     259
280     2     23     503
281     72     18     1415
282     13     38     118
283     33     34     108
284     4     44     2409
285     51     40     46
286     9     36     117
287     44     40     1044
288     77     45     333
289     17     48     708
290     81     29     1135
291     17     19     1157
292     25     44     724
293     81     44     174
294     39     2     250
295     65     11     1959
296     43     2     572
297     15     44     316
298     11     3     352
299     10     31     1545
300     42     5     482
301     73     36     508
302     73     29     602
303     73     10     1161
304     59     36     152
305     36     41     304
306     10     35     2141
307     56     16     452
308     88     48     160
309     20     15     1885
310     65     40     406
311     1     18     264
312     5     10     2096
313     3     44     385
314     58     4     44
315     79     46     817
316     99     49     2017
317     80     11     516
318     1     37     914
319     95     48     1438
320     55     4     450
321     25     46     58
322     73     23     1110
323     60     43     2206
324     21     12     576
325     51     10     857
326     94     11     1939
327     38     11     391
328     7     6     1986
329     81     21     71
330     47     49     709
331     81     7     1164
332     50     46     215
333     47     47     132
334     80     27     1216
335     97     2     320
336     96     25     1826
337     14     13     250
338     1     37     2053
339     84     40     178
340     9     32     1327
341     13     15     176
342     64     25     1291
343     49     4     85
344     54     4     1361
345     49     16     350
346     88     26     785
347     79     40     1146
348     85     18     392
349     79     13     1287
350     15     8     313
351     3     41     1201
352     40     49     793
353     16     21     1132
354     40     46     933
355     8     29     392
356     71     10     1033
357     42     16     1844
358     51     46     326
359     11     48     2003
360     2     37     576
361     47     27     198
362     18     31     758
363     74     35     665
364     35     38     270
365     89     23     2039
366     93     23     220
367     76     42     1165
368     79     38     2067
369     64     34     58
370     12     34     2102
371     82     41     318
372     91     10     217
373     41     22     509
374     13     33     1579
375     57     41     228
376     43     5     1985
377     58     8     96
378     64     30     985
379     68     21     1984
380     9     36     483
381     80     37     1524
382     53     3     17
383     7     20     745
384     58     45     1292
385     57     38     588
386     4     37     153
387     51     16     3
388     55     27     1886
389     55     25     56
390     9     25     382
391     52     38     432
392     57     38     2168
393     49     7     506
394     44     24     2367
395     10     2     515
396     30     27     909
397     19     29     75
398     70     29     857
399     97     35     1021
400     88     46     2383
401     95     47     295
402     54     3     1731
403     53     16     516
404     53     35     758
405     62     28     1717
406     48     28     52
407     80     44     1368
408     70     41     101
409     80     15     436
410     15     11     2229
411     65     10     195
412     39     21     1094
413     96     17     450
414     58     39     1140
415     83     23     2102
416     55     25     461
417     91     44     941
418     54     40     1384
419     47     12     44
420     23     4     264
421     79     21     1398
422     39     15     105
423     4     28     212
424     39     14     1304
425     39     17     277
426     12     4     915
427     18     27     973
428     31     29     705
429     53     30     401
430     93     35     1918
431     7     1     559
432     88     23     2330
433     62     47     219
434     66     43     1259
435     48     40     489
436     90     41     1309
437     87     26     461
438     95     27     1846
439     68     42     153
440     17     44     1123
441     82     36     734
442     29     19     2306
443     48     46     127
444     94     6     300
445     53     46     607
446     41     8     412
447     75     29     279
448     6     19     1829
449     22     46     229
450     14     11     1327
451     56     36     432
452     23     27     1826
453     42     14     262
454     81     19     2330
455     76     6     289
456     34     26     2076
457     24     42     411
458     84     33     148
459     75     7     180
460     91     21     2098
461     92     13     188
462     50     11     4
463     60     1     1306
464     38     22     525
465     28     45     150
466     40     21     127
467     45     5     1594
468     11     14     170
469     26     16     2008
470     28     37     499
471     13     32     1414
472     19     21     196
473     77     16     1094
474     16     34     1811
475     38     10     546
476     53     23     638
477     39     34     1952
478     75     41     266
479     41     16     325
480     6     33     1596
481     95     41     447
482     58     48     667
483     36     14     2379
484     97     5     442
485     84     15     897
486     27     39     1613
487     36     22     262
488     2     18     340
489     13     1     931
490     5     46     1532
491     32     40     32
492     77     36     1194
493     88     17     1098
494     10     39     2330
495     38     29     53
496     20     23     2215
497     4     24     446
498     90     1     2188
499     13     13     280
500     68     30     1336
