1     179     70     592
2     135     90     234
3     84     80     1220
4     23     58     224
5     158     37     173
6     119     98     223
7     194     2     97
8     78     55     619
9     81     23     100
10     197     9     988
11     78     54     204
12     95     92     1019
13     1     69     163
14     101     66     427
15     142     88     148
16     48     35     657
17     182     67     13
18     59     85     798
19     123     47     107
20     18     32     195
21     127     33     1159
22     92     95     288
23     147     56     887
24     112     84     272
25     174     3     1053
26     80     13     232
27     106     76     1163
28     52     53     116
29     173     81     52
30     17     10     844
31     153     70     17
32     58     41     819
33     72     2     268
34     108     91     1192
35     137     28     206
36     92     57     686
37     23     20     25
38     99     75     1047
39     166     57     233
40     36     7     511
41     92     99     43
42     193     77     1111
43     35     37     73
44     3     10     1164
45     38     24     12
46     133     80     428
47     30     71     206
48     74     22     320
49     138     60     544
50     73     82     110
