1     24     32     2312
2     26     8     572
3     66     2     415
4     39     6     2067
5     36     44     241
6     8     47     1314
7     48     39     26
8     48     19     1840
9     45     30     502
10     27     12     547
11     1     46     347
12     14     18     607
13     92     14     321
14     83     18     1140
15     25     32     988
16     44     38     1583
17     20     27     130
18     97     7     984
19     91     41     2422
20     67     35     288
21     10     28     1268
22     22     11     54
23     86     8     1438
24     30     4     580
25     53     3     2157
26     67     29     317
27     10     48     1540
28     41     7     127
29     51     12     1642
30     60     11     11
31     76     20     1850
32     61     23     507
33     84     43     656
34     89     11     2247
35     45     20     241
36     32     11     2235
37     97     29     172
38     67     9     1987
39     73     32     283
40     65     38     950
41     4     31     1775
42     1     44     90
43     45     14     657
44     5     26     300
45     70     7     1129
46     27     24     2080
47     78     27     579
48     65     9     1275
49     80     28     373
50     42     7     2139
