1     89     30     162
2     94     25     234
3     45     23     165
4     64     15     40
5     44     21     158
6     91     10     488
7     97     24     110
8     81     35     10
9     82     6     45
10     56     25     510
11     17     1     72
12     11     43     144
13     13     29     177
14     80     6     440
15     66     25     88
16     41     38     259
17     67     43     65
18     94     30     59
19     35     13     270
20     97     12     120
21     59     22     276
22     65     47     95
23     2     38     433
24     62     34     74
25     4     33     310
26     56     8     92
27     67     38     174
28     32     2     219
29     76     16     361
30     61     13     95
31     7     16     47
32     91     31     161
33     86     44     168
34     95     25     84
35     88     16     313
36     57     25     25
37     85     34     366
38     42     30     22
39     13     10     269
40     27     34     55
41     53     22     66
42     93     22     243
43     15     1     407
44     52     2     47
45     12     12     463
46     5     42     127
47     55     29     25
48     37     42     407
49     39     40     46
50     31     5     180
51     44     24     470
52     77     6     39
53     97     5     423
54     33     2     90
55     82     27     175
56     29     46     288
57     42     42     30
58     15     32     514
59     63     34     123
60     43     28     467
61     10     33     35
62     28     45     66
63     3     38     57
64     98     44     407
65     14     38     28
66     47     34     486
67     30     39     67
68     38     37     394
69     76     1     106
70     78     5     323
71     47     20     41
72     5     16     275
73     94     23     36
74     19     31     411
75     27     43     123
76     66     21     278
77     29     43     57
78     27     49     83
79     27     45     172
80     65     15     418
81     32     19     32
82     69     25     415
83     4     46     29
84     45     49     123
85     96     23     360
86     46     18     82
87     76     3     219
88     37     4     53
89     74     48     185
90     47     40     320
91     86     7     104
92     89     1     441
93     50     10     121
94     95     39     227
95     25     42     250
96     15     34     59
97     61     12     328
98     43     34     6
99     45     6     514
100     27     15     101
