5     1051     985.2
5     1051     985.2
5     1053     985.2
5     1050     985.2
5     1051     985.2
5     1051     985.2
5     1050     985.2
5     1053     985.2
5     1051     985.2
5     1051     985.2
             
5     889     873.4
5.001     880     873.4
5     889     873.4
5     889     873.4
5.001     889     873.4
5.001     889     873.4
5     889     873.4
5     889     873.4
5.001     880     873.4
5.001     889     873.4
             
5.001     971     917.6
5     974     917.6
5     966     917.6
5     966     917.6
5.001     974     917.6
5.001     974     917.6
5     966     917.6
5     966     917.6
5     974     917.6
5.001     974     917.6
             
5     934     870.8
5.001     917     870.8
5     934     870.8
5     916     870.8
5.001     934     870.8
5.001     934     870.8
5     916     870.8
5     934     870.8
5.001     917     870.8
5.001     934     870.8
             
5     962     939
5.001     966     939
5     965     939
5     965     939
5.001     966     939
5.001     966     939
5     965     939
5     965     939
5.001     966     939
5.001     966     939
             
5     956     900.6
5     975     900.6
5     979     900.6
5     979     900.6
5     975     900.6
5     975     900.6
5     979     900.6
5     979     900.6
5     975     900.6
5     975     900.6
             
5     1001     927.6
5     994     927.6
5     1000     927.6
5     1000     927.6
5     994     927.6
5     994     927.6
5     1000     927.6
5     1000     927.6
5     994     927.6
5     994     927.6
             
5     976     946.8
5     990     946.8
5.001     976     946.8
5.001     976     946.8
5     976     946.8
5     976     946.8
5.001     976     946.8
5.001     976     946.8
5     990     946.8
5     990     946.8
             
5.001     965     935
5     967     935
5     967     935
5     964     935
5.001     967     935
5.001     967     935
5     964     935
5     967     935
5     967     935
5.001     967     935
             
5     939     870.2
5     937     870.2
5.001     937     870.2
5.001     937     870.2
5     939     870.2
5     939     870.2
5.001     937     870.2
5.001     937     870.2
5     937     870.2
5     939     870.2
             
