1       11        7       23
2        3        4       14
3       10        3       32
4       14        9       55
5        9        8       55
6       12        1       10
7       14        6       46
8       14        8       37
9       12        7       23
10       12        7       38
11       12        2       13
12        5        4       24
13       14        5        9
14        6        5       39
15        8        9        8
16        6        4       51
17        6        7        6
18        3        9       31
19       10        8       10
20        4        9       57
21        3        1       22
22        4        4       38
23        6        1       57
24        5        4       44
25       15        5       41
26       15        1       31
27       12        1       29
28        9        9        2
29        8        5       19
30        4        7       39
31       14        1        7
32       13        5       34
33       10        7       30
34        5        2       17
35       15        8        5
36       11        5       54
37        6        7       38
38        5        2       40
39       15        7       59
40        9        8        2
41        3        3       18
42       11        1       57
43       12        2        3
44        5        9       42
45        5        4       21
46        3        8        3
47        9        4       37
48        9        9       27
49       13        4        5
50        5        4       55
51        5        5       14
52       13        3       16
53       10        9       51
54       14        7        4
55        3        9       19
56        3        5       11
57       10        8       39
58        7        2        4
59       11        4       32
60       13        2       53
61        4        2       30
62       10        7       29
63       15        5       10
64        6        1       29
65       15        8       21
66        5        4       25
67       15        9       43
68        3        5       15
69       12        2       23
70        3        9       19
71        7        7       40
72       13        4       53
73        5        4       55
74        6        6       46
75        3        2        1
76       14        7       39
77        6        7       15
78       15        3       19
79       11        4       28
80       11        6       56
81        9        3        5
82        7        6        5
83        7        2       53
84       15        8       44
85       10        1       52
86       14        2        3
87       10        2        8
88        6        5       56
89        7        4        2
90       11        9       40
91       12        6       39
92        9        6       22
93        7        5       27
94       14        5       29
95        5        9       34
96       14        9        5
97        3        5       48
98       11        8       42
99        9        7       28
100        7        6        9
