1     36     10     410
2     31     94     52
3     42     67     292
4     99     67     159
5     35     53     470
6     24     67     71
7     39     65     533
8     16     66     28
9     54     64     508
10     43     43     105
11     14     94     144
12     91     41     305
13     31     33     559
14     53     2     125
15     64     62     524
16     31     81     44
17     60     77     587
18     31     19     2
19     80     68     81
20     48     85     291
21     49     9     594
22     80     11     80
23     17     35     181
24     87     94     336
25     93     36     26
26     29     83     572
27     30     67     75
28     99     2     329
29     7     36     71
30     9     50     49
31     46     14     406
32     99     29     51
33     23     25     169
34     20     23     569
35     58     81     156
36     42     78     604
37     29     91     78
38     88     86     468
39     69     48     137
40     88     29     491
41     74     95     152
42     25     78     341
43     95     84     91
44     64     94     150
45     78     66     472
46     32     64     155
47     76     1     166
48     42     42     274
49     1     36     626
50     35     33     1
