1     55     3     185
2     68     77     264
3     70     26     491
4     41     39     135
5     71     32     211
6     18     52     469
7     83     21     5
8     14     86     191
9     92     13     514
10     50     9     85
11     67     79     89
12     94     85     417
13     71     36     102
14     40     34     282
15     69     82     202
16     8     27     74
17     30     54     107
18     58     95     425
19     54     41     76
20     71     17     474
21     19     45     81
22     20     68     606
23     78     23     117
24     83     71     142
25     23     60     57
26     89     97     603
27     99     14     104
28     31     26     256
29     58     83     42
30     52     41     666
31     70     63     36
32     84     10     440
33     31     90     157
34     15     14     418
35     12     28     125
36     81     93     573
37     75     19     67
38     32     29     61
39     95     99     107
40     85     2     316
41     42     60     10
42     39     82     187
43     10     45     311
44     1     21     521
45     35     66     40
46     87     73     146
47     19     61     83
48     99     2     571
49     48     54     103
50     61     79     460
