5.001     2556     2492
5     2555     2492
5.001     2546     2492
5.001     2546     2492
5.001     2556     2492
5.001     2556     2492
5.001     2546     2492
5.001     2546     2492
5     2555     2492
5.001     2556     2492
             
5     2657     2541
5     2653     2541
5     2653     2541
5     2653     2541
5     2657     2541
5     2657     2541
5     2653     2541
5     2653     2541
5     2653     2541
5     2657     2541
             
5.001     2593     2538
5.001     2592     2538
5     2591     2538
5     2591     2538
5.001     2593     2538
5.001     2593     2538
5     2591     2538
5     2591     2538
5.001     2592     2538
5.001     2593     2538
             
5     2767     2713.5
5.001     2765     2713.5
5.001     2765     2713.5
5.001     2765     2713.5
5.001     2767     2713.5
5.001     2767     2713.5
5.001     2765     2713.5
5.001     2765     2713.5
5.001     2765     2713.5
5.001     2767     2713.5
             
5.001     2391     2341.5
5.001     2391     2341.5
5     2391     2341.5
5     2391     2341.5
5.001     2391     2341.5
5.001     2391     2341.5
5     2391     2341.5
5     2391     2341.5
5.001     2391     2341.5
5.001     2391     2341.5
             
5     2755     2552.5
5     2758     2552.5
5     2755     2552.5
5     2755     2552.5
5     2758     2552.5
5     2758     2552.5
5     2755     2552.5
5     2755     2552.5
5     2758     2552.5
5     2758     2552.5
             
5     2430     2376.5
5     2431     2376.5
5.001     2430     2376.5
5.001     2430     2376.5
5     2431     2376.5
5     2431     2376.5
5.001     2430     2376.5
5.001     2430     2376.5
5     2431     2376.5
5     2431     2376.5
             
5.001     2292     2226
5     2292     2226
5     2291     2226
5     2291     2226
5.001     2292     2226
5.001     2292     2226
5     2291     2226
5     2291     2226
5     2292     2226
5.001     2292     2226
             
5     2458     2402.5
5     2461     2402.5
5     2465     2402.5
5     2465     2402.5
5     2461     2402.5
5     2461     2402.5
5     2465     2402.5
5     2465     2402.5
5     2461     2402.5
5     2461     2402.5
             
5     2707     2508
5     2707     2508
5     2708     2508
5     2708     2508
5     2707     2508
5     2707     2508
5     2708     2508
5     2708     2508
5     2707     2508
5     2707     2508
             
