1     70     20     1094
2     84     25     2652
3     92     34     771
4     1     18     4207
5     69     19     1052
6     12     15     3455
7     97     14     289
8     50     48     2687
9     90     33     265
10     66     43     680
11     74     34     1593
12     88     16     3078
13     60     41     385
14     71     31     5168
15     91     7     541
16     72     35     437
17     91     15     2283
18     53     27     459
19     48     7     2496
20     41     35     2253
21     50     43     2823
22     95     6     1041
23     98     18     3765
24     98     21     1260
25     55     18     4348
26     18     7     800
27     10     31     1585
28     9     37     4293
29     55     20     537
30     42     15     2428
31     67     30     4175
32     45     13     1297
33     43     1     2448
34     83     44     1336
35     38     42     49
36     76     6     2068
37     64     40     1541
38     65     19     3621
39     41     18     1251
40     85     26     1964
41     62     36     1069
42     88     35     3547
43     90     1     867
44     47     32     2799
45     13     22     396
46     9     18     4121
47     42     31     1183
48     53     9     3677
49     54     37     318
50     74     11     4761
51     92     35     911
52     40     21     3004
53     96     14     302
54     50     29     2751
55     4     2     96
56     2     6     4697
57     12     37     991
58     80     27     3875
59     36     4     1230
60     21     12     4511
61     29     43     385
62     28     7     3906
63     72     36     563
64     74     16     1962
65     80     17     4550
66     55     21     350
67     25     26     3394
68     68     46     396
69     59     16     1349
70     23     2     507
71     59     28     3362
72     52     8     818
73     5     16     2570
74     76     25     1836
75     52     24     1861
76     67     28     3981
77     60     27     50
78     9     46     1386
79     98     49     2248
80     64     10     1887
81     92     37     2393
82     92     9     2495
83     69     34     1680
84     53     49     3522
85     17     36     575
86     69     3     245
87     1     10     5009
88     19     25     978
89     56     22     4667
90     25     40     1031
91     39     11     3526
92     77     35     1000
93     35     43     5039
94     5     13     1093
95     21     43     2613
96     23     34     805
97     22     32     2771
98     85     3     188
99     88     26     4310
100     55     29     1075
101     84     26     3010
102     21     1     123
103     98     11     1023
104     10     25     188
105     75     22     3881
106     87     25     842
107     72     21     2339
108     81     2     1890
109     82     5     1418
110     53     25     933
111     80     23     2698
112     72     16     1063
113     19     26     1010
114     55     37     4629
115     12     27     1157
116     36     47     1838
117     49     23     483
118     32     1     4519
119     34     9     1262
120     76     15     3951
121     56     20     1158
122     69     23     3294
123     4     5     225
124     6     22     4436
125     58     3     240
126     43     42     139
127     66     33     4764
128     17     26     829
129     8     26     2202
130     63     13     1591
131     91     2     4086
132     3     34     726
133     99     23     1737
134     49     35     2709
135     55     18     355
136     93     31     2323
137     81     39     4119
138     99     42     1174
139     59     37     3422
140     94     26     1008
141     2     8     4169
142     17     27     572
143     83     40     4070
144     12     44     191
145     6     25     2628
146     19     20     8
147     64     7     3390
148     88     23     431
149     40     32     3460
150     80     41     388
151     24     8     605
152     45     35     823
153     65     18     2138
154     56     12     880
155     43     1     3817
156     91     44     947
157     7     14     2605
158     30     26     51
159     79     18     3322
160     64     11     974
161     89     5     4782
162     86     36     153
163     8     16     1194
164     55     11     403
165     21     33     2563
166     76     7     3321
167     26     16     375
168     84     42     72
169     86     37     855
170     85     10     4426
171     84     48     133
172     32     47     772
173     15     42     2750
174     45     47     82
175     30     24     4399
176     69     3     1299
177     42     44     1345
178     8     8     2775
179     88     18     1159
180     15     46     3751
181     29     19     1008
182     85     7     2119
183     30     3     3729
184     71     41     1147
185     34     7     1740
186     67     5     2071
187     75     4     583
188     91     7     1399
189     80     27     2558
190     80     33     5072
191     44     39     31
192     34     9     3628
193     75     48     1151
194     23     36     3036
195     62     18     1173
196     63     26     4574
197     25     35     264
198     71     3     1501
199     84     33     3158
200     54     24     605
201     54     9     3600
202     1     9     1118
203     47     21     3971
204     55     46     357
205     74     29     728
206     91     14     4241
207     45     46     385
208     94     5     1751
209     20     38     3242
210     79     6     758
211     10     49     2127
212     46     11     1470
213     79     29     4852
214     61     30     784
215     30     10     3556
216     54     3     2
217     96     22     2584
218     32     28     2393
219     42     17     4747
220     56     11     1158
221     68     18     3273
222     17     10     434
223     50     19     878
224     78     27     2128
225     37     43     3190
226     63     13     713
227     62     10     1293
228     64     14     908
229     43     48     2665
230     76     48     1019
231     74     20     2949
232     47     24     158
233     46     46     4122
234     80     36     1200
235     51     26     4778
236     43     3     1201
237     57     38     2155
238     88     24     2064
239     53     27     1929
240     60     1     1297
241     37     17     3397
242     35     15     117
243     85     3     3632
244     22     5     930
245     5     44     2419
246     97     47     2597
247     22     29     3243
248     42     30     527
249     97     4     2163
250     66     1     3518
251     64     19     961
252     91     37     1183
253     30     13     1881
254     63     36     858
255     14     33     228
256     68     37     1309
257     57     24     2863
258     95     7     357
259     18     48     4912
260     11     42     631
261     22     26     4648
262     21     18     1282
263     68     20     4143
264     75     30     1209
265     5     42     1337
266     40     39     4750
267     90     11     180
268     9     12     3888
269     99     48     821
270     92     26     181
271     42     34     2493
272     3     39     2522
273     14     31     1891
274     57     18     3001
275     81     19     1227
276     63     34     463
277     9     4     1484
278     95     17     4862
279     58     4     1014
280     54     21     1955
281     66     11     2578
282     93     16     236
283     45     18     1925
284     33     6     2934
285     63     10     6
286     27     44     2011
287     5     48     3040
288     93     3     583
289     5     43     4251
290     6     9     599
291     36     2     3548
292     71     31     685
293     98     17     5178
294     63     35     1125
295     86     13     3509
296     4     48     653
297     44     19     3283
298     32     41     788
299     33     30     1973
300     4     21     3980
301     76     17     847
302     44     38     2740
303     7     41     1150
304     59     11     4087
305     11     23     664
306     29     13     261
307     19     38     1976
308     95     18     4785
309     1     4     1142
310     97     12     3681
311     87     43     43
312     58     35     1208
313     18     9     2371
314     50     3     3113
315     21     18     174
316     75     47     1812
317     56     15     1776
318     83     21     4036
319     77     22     413
320     16     23     812
321     26     38     225
322     33     48     1821
323     5     9     1155
324     66     32     4909
325     26     47     1091
326     3     44     2779
327     51     31     39
328     14     48     4615
329     5     4     256
330     24     46     4774
331     86     24     921
332     46     39     4624
333     48     47     585
334     23     33     4484
335     58     48     510
336     21     19     1884
337     45     37     3932
338     30     32     51
339     83     44     4425
340     44     22     191
341     91     4     152
342     6     35     4678
343     40     47     853
344     33     6     73
345     41     5     1201
346     26     32     4874
347     59     10     1033
348     54     27     3014
349     70     36     327
350     74     27     1077
351     86     5     4832
352     51     6     651
353     34     5     1531
354     46     13     881
355     27     3     1571
356     54     41     3132
357     92     17     945
358     98     44     1253
359     85     49     3117
360     49     24     1287
361     72     40     1882
362     30     31     4842
363     89     46     13
364     42     23     3830
365     4     14     36
366     24     16     13
367     34     16     3273
368     83     32     203
369     33     44     130
370     68     15     844
371     90     17     3503
372     3     49     788
373     56     43     265
374     66     22     5053
375     59     44     111
376     25     46     1656
377     31     40     1027
378     19     19     4770
379     25     1     536
380     81     25     503
381     32     16     2589
382     56     7     1743
383     15     40     1754
384     22     3     933
385     92     45     5063
386     22     18     249
387     5     10     1977
388     23     49     3347
389     15     33     383
390     39     23     919
391     60     16     459
392     69     35     994
393     76     30     4264
394     37     11     765
395     2     44     3697
396     1     41     729
397     91     5     4197
398     28     43     541
399     68     12     716
400     21     36     98
401     65     48     2502
402     74     39     3424
403     89     10     191
404     34     42     1378
405     54     39     4718
406     85     24     328
407     14     25     4524
408     97     8     157
409     54     25     787
410     50     27     4324
411     53     7     88
412     90     18     4199
413     2     31     105
414     76     27     1994
415     66     21     1654
416     1     18     3010
417     6     12     1284
418     67     11     2481
419     61     4     4647
420     92     6     931
421     5     45     4592
422     22     25     151
423     55     49     4228
424     31     8     143
425     40     37     2999
426     66     45     274
427     61     25     3390
428     17     35     387
429     48     35     2372
430     19     28     1498
431     85     29     3176
432     99     49     671
433     55     26     757
434     97     1     330
435     55     34     789
436     91     7     915
437     45     33     2524
438     95     27     4142
439     14     2     198
440     7     2     3175
441     86     49     938
442     58     43     1459
443     20     47     2965
444     44     23     1085
445     56     41     434
446     78     7     2298
447     25     18     4712
448     87     45     1272
449     36     43     3940
450     50     27     778
451     66     28     4952
452     91     35     996
453     90     30     4881
454     72     7     616
455     47     37     2144
456     58     3     4839
457     76     6     225
458     45     19     4930
459     8     41     381
460     82     32     4733
461     46     29     581
462     80     29     2523
463     46     19     4675
464     11     11     1264
465     35     2     3528
466     39     23     186
467     79     31     2964
468     97     20     400
469     69     42     4290
470     94     44     336
471     91     11     4593
472     46     7     473
473     81     18     1180
474     89     13     4500
475     56     44     851
476     99     42     3665
477     95     28     1072
478     23     34     969
479     31     13     2433
480     46     47     2402
481     42     11     4190
482     19     22     1103
483     39     46     2292
484     3     32     622
485     1     19     1206
486     45     1     1916
487     6     19     4133
488     83     1     743
489     95     19     3011
490     13     22     296
491     24     17     2707
492     3     48     945
493     88     4     900
494     46     41     5021
495     95     44     32
496     40     49     2660
497     31     26     589
498     93     12     3031
499     68     15     92
500     90     15     940
