1     11     19     505
2     36     12     129
3     35     31     550
4     45     41     13
5     4     29     256
6     24     18     94
7     44     44     313
8     1     21     144
9     36     41     627
10     4     13     112
11     20     2     336
12     33     2     12
13     26     37     362
14     47     8     137
15     34     1     542
16     39     27     2
17     32     12     431
18     48     27     34
19     47     26     389
20     6     23     137
21     46     29     371
22     17     10     17
23     46     6     470
24     17     24     152
25     10     9     254
26     14     39     186
27     4     45     531
28     18     38     131
29     33     11     184
30     22     23     85
31     26     33     402
32     20     18     154
33     19     41     352
34     38     3     35
35     20     38     557
36     1     22     89
37     40     46     159
38     3     22     172
39     49     38     534
40     19     46     150
41     27     41     586
42     48     32     155
43     12     34     136
44     29     48     263
45     32     36     140
46     20     23     629
47     23     24     123
48     7     8     19
49     4     31     486
50     43     6     77
51     31     27     471
52     45     42     123
53     29     38     294
54     46     19     580
55     33     5     96
56     18     23     254
57     6     27     109
58     26     23     419
59     27     22     116
60     12     31     62
61     39     49     207
62     39     5     175
63     13     14     441
64     39     29     5
65     43     45     202
66     43     8     246
67     24     18     298
68     2     7     538
69     33     28     53
70     2     11     98
71     31     28     430
72     10     46     98
73     5     13     7
74     24     22     36
75     4     17     115
76     19     17     488
77     30     34     139
78     11     23     310
79     18     16     467
80     34     32     97
81     30     20     386
82     34     46     136
83     27     7     309
84     40     38     430
85     46     45     131
86     13     25     78
87     46     39     202
88     36     28     485
89     8     11     23
90     31     21     479
91     38     14     147
92     18     36     263
93     8     12     370
94     2     9     129
95     38     5     0
96     40     15     612
97     48     2     103
98     35     11     638
99     7     26     148
100     9     7     48
