1     28     27     308
2     29     40     558
3     40     5     104
4     32     32     617
5     43     22     126
6     48     37     106
7     32     38     217
8     20     37     178
9     49     8     316
10     30     22     67
11     36     31     638
12     25     41     75
13     9     14     485
14     10     29     113
15     46     41     86
16     31     33     531
17     28     26     143
18     22     25     113
19     49     16     241
20     24     36     425
21     10     10     50
22     27     12     284
23     12     7     459
24     17     19     140
25     30     37     634
26     30     49     77
27     45     7     492
28     20     25     96
29     23     28     223
30     17     48     478
31     18     15     80
32     48     46     147
33     37     26     180
34     32     2     48
35     41     19     632
36     35     32     157
37     18     1     361
38     18     23     61
39     30     8     306
40     49     18     539
41     36     46     42
42     37     36     277
43     8     48     541
44     7     15     81
45     31     32     424
46     49     5     154
47     32     19     291
48     47     26     538
49     24     45     60
50     45     2     45
51     40     10     649
52     5     10     127
53     21     47     67
54     33     36     527
55     31     3     24
56     31     5     29
57     42     48     486
58     22     17     87
59     16     18     555
60     21     13     94
61     7     20     619
62     6     41     70
63     10     10     498
64     4     18     50
65     38     2     441
66     37     40     143
67     6     46     207
68     36     45     619
69     16     39     98
70     24     37     188
71     5     42     210
72     37     15     125
73     13     23     243
74     12     25     127
75     46     19     370
76     23     16     18
77     28     23     144
78     12     25     75
79     18     44     469
80     3     39     114
81     4     23     575
82     18     45     76
83     29     44     176
84     12     20     202
85     1     6     554
86     6     35     94
87     38     14     514
88     35     18     163
89     27     10     218
90     36     38     71
91     45     39     361
92     34     28     36
93     5     22     632
94     49     14     125
95     18     20     626
96     28     31     84
97     42     48     536
98     10     14     154
99     22     10     538
100     22     22     90
