10.003     2527     2403
10.001     2532     2403
10.002     2527     2403
10.002     2527     2403
10.002     2527     2403
10.002     2527     2403
10.002     2527     2403
10.002     2527     2403
10.001     2532     2403
10.003     2532     2403
             
10.003     2653     2557
10.001     2651     2557
10.001     2648     2557
10.001     2640     2557
10.001     2648     2557
10.001     2648     2557
10.001     2640     2557
10.001     2648     2557
10.001     2651     2557
10.003     2653     2557
             
10.003     2800     2665.5
10.002     2797     2665.5
10.002     2801     2665.5
10     2801     2665.5
10.002     2801     2665.5
10.002     2801     2665.5
10     2801     2665.5
10.002     2801     2665.5
10.002     2797     2665.5
10.003     2800     2665.5
             
10.005     2745     2668
10.002     2749     2668
10.001     2750     2668
10.001     2745     2668
10.001     2750     2668
10.001     2750     2668
10.001     2745     2668
10.001     2750     2668
10.002     2749     2668
10.005     2749     2668
             
10.004     2574     2500.5
10.001     2581     2500.5
10.002     2581     2500.5
10.001     2579     2500.5
10.002     2581     2500.5
10.002     2581     2500.5
10.001     2579     2500.5
10.002     2581     2500.5
10.001     2581     2500.5
10.004     2581     2500.5
             
10.002     2573     2498
10.002     2579     2498
10.002     2579     2498
10.001     2578     2498
10.002     2579     2498
10.002     2579     2498
10.001     2578     2498
10.002     2579     2498
10.002     2579     2498
10.002     2579     2498
             
10.001     2515     2436
10.006     2499     2436
10.001     2493     2436
10.002     2487     2436
10.002     2493     2436
10.002     2493     2436
10.002     2487     2436
10.001     2493     2436
10.006     2499     2436
10.006     2515     2436
             
10.003     2307     2256.5
10.001     2301     2256.5
10.002     2304     2256.5
10.002     2316     2256.5
10.002     2316     2256.5
10.002     2316     2256.5
10.002     2316     2256.5
10.002     2304     2256.5
10.001     2301     2256.5
10.003     2307     2256.5
             
10.001     2497     2450
10.002     2488     2450
10     2494     2450
10     2494     2450
10.001     2494     2450
10.001     2494     2450
10     2494     2450
10     2494     2450
10.002     2488     2450
10.002     2497     2450
             
10.002     2596     2485.5
10.004     2608     2485.5
10.002     2596     2485.5
10.004     2608     2485.5
10.004     2608     2485.5
10.002     2596     2485.5
10.004     2608     2485.5
10.004     2608     2485.5
10.002     2596     2485.5
10.004     2608     2485.5

