1     18     175     2374
2     73     31     5369
3     30     108     1201
4     165     21     3659
5     67     72     880
6     179     163     4786
7     115     167     537
8     167     142     3104
9     167     159     3986
10     121     28     1297
11     194     165     1246
12     35     143     2454
13     195     92     4446
14     155     36     1596
15     189     189     1997
16     99     83     3953
17     128     145     1606
18     180     76     235
19     87     41     104
20     72     84     5465
21     103     36     1204
22     18     112     5011
23     145     103     696
24     65     128     316
25     10     39     4250
26     122     96     346
27     35     86     4552
28     84     2     451
29     29     119     1890
30     147     54     482
31     67     171     1133
32     39     38     2944
33     129     31     2830
34     92     21     4452
35     150     100     270
36     195     130     2999
37     101     166     5511
38     18     197     1612
39     46     128     2447
40     92     40     2185
41     197     185     3439
42     51     148     1576
43     183     149     6390
44     135     137     420
45     133     95     1228
46     130     87     5322
47     50     81     709
48     94     135     2975
49     191     39     1859
50     199     147     4389
51     77     24     241
52     66     1     2858
53     149     27     3825
54     66     53     78
55     146     99     3107
56     54     105     3405
57     176     128     492
58     167     97     5187
59     121     34     979
60     41     189     3077
61     36     61     1922
62     115     123     4054
63     55     173     527
64     125     121     3063
65     74     76     4138
66     156     163     1588
67     7     107     2592
68     70     25     2063
69     152     56     5060
70     170     30     705
71     105     57     6219
72     117     157     901
73     193     8     4349
74     165     10     1464
75     62     160     3800
76     119     110     569
77     116     168     2881
78     2     134     257
79     113     180     2084
80     84     102     3361
81     147     123     712
82     43     65     2897
83     98     87     2949
84     177     95     3392
85     91     103     305
86     40     126     2844
87     140     101     1228
88     53     102     2491
89     81     58     2014
90     96     89     3171
91     52     27     6434
92     39     68     227
93     191     80     3145
94     32     150     4478
95     31     66     25
96     81     106     6056
97     39     150     1563
98     136     187     4441
99     85     109     86
100     187     138     1120
101     24     164     808
102     122     159     543
103     94     1     2392
104     189     100     3568
105     14     109     523
106     97     169     4549
107     128     67     1563
108     98     2     4271
109     198     4     31
110     11     29     1202
111     113     68     1911
112     91     178     5971
113     72     35     299
114     59     66     3717
115     122     81     710
116     81     52     6280
117     171     173     1396
118     118     141     5427
119     31     72     180
120     156     140     5909
121     114     32     1447
122     134     95     1331
123     137     55     2067
124     85     35     1727
125     6     78     6131
126     27     11     131
127     148     35     5998
128     176     9     1462
129     10     61     1181
130     163     63     4987
131     88     58     754
132     123     61     5395
133     106     10     1119
134     25     61     2039
135     158     95     254
136     168     88     1753
137     155     23     1917
138     127     53     62
139     196     128     2797
140     134     81     81
141     100     192     4997
142     36     14     1529
143     103     83     5770
144     104     114     645
145     91     190     5532
146     127     12     513
147     110     104     4366
148     84     132     632
149     80     67     3132
150     164     172     3385
151     145     61     514
152     113     47     4493
153     58     191     1149
154     100     159     4245
155     152     97     1561
156     166     193     2245
157     132     6     6197
158     75     151     472
159     27     196     5429
160     145     168     244
161     136     144     3376
162     3     182     528
163     128     183     4272
164     140     5     992
165     125     73     4811
166     41     196     667
167     147     8     469
168     21     166     2070
169     31     186     2840
170     87     182     3143
171     2     36     3660
172     163     199     1577
173     179     157     3083
174     177     192     490
175     54     126     2734
176     170     180     3824
177     60     79     272
178     131     127     207
179     6     64     5609
180     63     113     310
181     6     160     3861
182     16     47     941
183     154     36     6083
184     110     174     1600
185     137     116     2480
186     193     189     5372
187     142     91     1143
188     88     115     6428
189     187     88     132
190     132     138     554
191     176     44     2848
192     44     190     5773
193     151     84     1581
194     66     162     6426
195     191     162     1001
196     172     73     3143
197     14     145     164
198     176     40     4409
199     133     79     915
200     73     184     910
201     130     99     222
202     116     149     5576
203     80     131     669
204     162     82     3366
205     159     69     564
206     152     143     3128
207     64     119     1971
208     98     2     1394
209     85     46     6126
210     44     25     410
211     120     117     1301
212     155     6     5068
213     164     68     810
214     126     138     3320
215     83     141     1231
216     113     186     3516
217     193     48     603
218     39     190     2159
219     180     22     3857
220     102     166     922
221     170     47     792
222     62     100     4250
223     79     95     1426
224     115     31     2500
225     168     72     6203
226     18     35     322
227     165     176     5391
228     54     32     542
229     198     1     518
230     126     192     4519
231     189     130     1114
232     99     61     59
233     92     120     263
234     98     70     1656
235     182     119     1125
236     182     14     4088
237     65     133     1222
238     31     33     1907
239     138     6     4041
240     144     12     756
241     79     76     4586
242     29     181     668
243     167     103     876
244     13     4     270
245     193     40     3579
246     47     14     183
247     9     188     1666
248     189     36     5180
249     133     16     60
250     132     134     303
251     5     197     5995
252     101     125     337
253     171     69     1885
254     89     197     2817
255     86     92     2713
256     148     13     4020
257     13     28     1276
258     125     76     5259
259     199     101     640
260     152     77     5943
261     174     62     292
262     187     13     3616
263     47     159     155
264     195     199     4041
265     48     26     696
266     110     126     1959
267     116     87     3665
268     152     176     1153
269     93     162     5587
270     1     118     1419
271     66     121     5554
272     129     96     738
273     150     132     5363
274     66     97     1168
275     144     196     2720
276     198     164     1962
277     93     129     4964
278     151     82     664
279     116     8     2013
280     194     63     4298
281     182     112     105
282     84     122     268
283     4     28     4202
284     89     160     1218
285     81     161     2936
286     44     32     2228
287     193     171     1073
288     176     146     4956
289     1     148     586
290     129     119     78
291     20     79     4561
292     31     186     1584
293     83     69     2778
294     189     14     4619
295     88     42     223
296     79     72     5644
297     127     124     404
298     5     58     699
299     36     98     822
300     163     97     6389
301     101     109     1364
302     162     99     3116
303     151     99     4023
304     85     85     1329
305     103     131     474
306     97     100     1348
307     173     168     1296
308     177     76     633
309     38     138     4906
310     144     104     427
311     11     46     2252
312     182     84     2505
313     127     157     2747
314     175     63     1950
315     33     46     5838
316     27     40     25
317     15     155     2437
318     70     151     2909
319     144     154     196
320     107     95     2009
321     165     122     65
322     31     108     3177
323     47     61     343
324     108     148     1152
325     119     135     2455
326     154     155     3872
327     98     112     242
328     19     22     1584
329     15     94     1785
330     111     109     5426
331     47     134     71
332     35     184     3118
333     100     136     3561
334     88     185     1248
335     172     34     532
336     102     156     5110
337     132     47     269
338     25     81     5629
339     182     187     1531
340     189     47     2985
341     28     17     3303
342     99     56     471
343     174     150     640
344     126     192     4311
345     101     148     974
346     5     172     4945
347     26     50     889
348     148     137     5597
349     76     125     1170
350     162     178     3333
351     26     122     1576
352     113     95     1549
353     134     172     1815
354     109     105     1951
355     166     198     4811
356     133     99     31
357     139     149     389
358     72     165     5950
359     171     69     611
360     93     56     5008
361     24     191     859
362     166     46     335
363     45     60     1241
364     164     38     2593
365     68     94     4908
366     102     30     627
367     138     22     3532
368     75     71     1350
369     130     55     4897
370     53     8     257
371     15     73     2740
372     131     94     1706
373     127     39     2085
374     122     164     3246
375     122     78     1485
376     95     84     1309
377     88     124     3381
378     17     79     445
379     100     96     5466
380     189     110     1562
381     41     90     1221
382     65     50     1378
383     21     121     2835
384     104     112     1139
385     151     47     5093
386     71     30     1527
387     50     195     4842
388     127     79     434
389     172     189     1375
390     184     147     2294
391     133     96     1402
392     102     66     287
393     169     165     343
394     90     170     1074
395     52     86     2828
396     63     27     1368
397     41     43     236
398     152     189     6268
399     173     174     1186
400     67     132     1399
401     57     179     763
402     56     13     218
403     152     179     5642
404     87     184     1402
405     168     109     245
406     13     22     446
407     30     31     5176
408     92     40     1084
409     195     44     430
410     63     45     2823
411     5     148     3199
412     42     196     3570
413     109     89     860
414     27     163     1567
415     31     197     1568
416     38     113     1292
417     86     57     4052
418     166     181     1485
419     2     11     1618
420     177     152     5749
421     49     135     1605
422     166     179     2073
423     156     75     3630
424     60     141     127
425     83     99     5573
426     29     98     911
427     161     5     915
428     48     98     1328
429     128     190     3276
430     192     149     938
431     27     58     5111
432     72     199     817
433     33     199     5074
434     103     51     121
435     39     49     452
436     112     180     5122
437     30     170     348
438     120     192     837
439     197     131     301
440     49     102     6401
441     159     106     1258
442     3     137     1130
443     86     133     1408
444     68     44     3696
445     186     196     565
446     149     162     5403
447     80     146     1253
448     93     29     4514
449     19     187     393
450     58     100     4035
451     129     56     101
452     95     101     1214
453     58     190     4979
454     60     124     882
455     52     103     1228
456     130     156     2467
457     156     194     3433
458     174     126     467
459     79     196     1287
460     23     197     3518
461     137     195     828
462     38     44     6429
463     199     63     1154
464     165     172     1711
465     63     166     3942
466     94     67     1127
467     165     107     3898
468     96     153     525
469     79     93     2211
470     12     154     1211
471     177     150     3220
472     56     51     5686
473     113     82     837
474     28     19     5942
475     12     154     733
476     150     169     1547
477     34     192     2289
478     100     180     5157
479     22     199     290
480     156     161     3627
481     157     17     1065
482     26     35     457
483     176     19     1525
484     179     152     4920
485     199     171     1588
486     115     144     4648
487     7     55     640
488     175     150     2923
489     58     57     5622
490     184     124     657
491     134     14     5701
492     41     71     8
493     10     78     1094
494     99     127     5406
495     139     12     1324
496     75     75     636
497     70     95     6031
498     50     162     573
499     77     80     1384
500     167     140     4469
