1       15        1       39
2       12        3       78
3        4        1       81
4       13        4       32
5        9        6       74
6        7        9       88
7        5        5      127
8       14        9       15
9        3        8       30
10        8        9      121
11        6        8       63
12       15        2       20
13       11        3      113
14       14        8      122
15       15        8       95
16        5        3       27
17       10        2        3
18        3        2       69
19        5        2       98
20       10        8      137
21       10        6       83
22       12        5       35
23       15        1       33
24       10        7       58
25       13        7       18
26       11        1       59
27       14        1      101
28       13        9      117
29        9        9       61
30        9        9      140
31       14        4       56
32        7        3       46
33        8        4      136
34        6        2      135
35       15        4        0
36        4        2      102
37        4        6      100
38       10        8       20
39       12        8       57
40        3        9       47
41       12        9      108
42       10        5      135
43        9        5      111
44       13        5      134
45        7        1        8
46        5        3       10
47        9        8       25
48        6        2       26
49        8        8      140
50        5        6       26
51       11        4       87
52       12        2      112
53        4        3       54
54       11        5      122
55        8        7       87
56        6        2      124
57       12        4       80
58        6        5       13
59       11        2       70
60       15        4       82
61       10        3      109
62       10        5        7
63       10        2       33
64        4        2       97
65       11        2       99
66       12        2       85
67        7        8       14
68        9        7      124
69        6        5      119
70        4        7      126
71        5        9       17
72        4        4       96
73        4        5      108
74        6        6       45
75        8        5       45
76        3        8      129
77       14        6       54
78       14        4       48
79        3        7      142
80       14        8       17
81       12        4       70
82       13        7      142
83        7        8      132
84        7        1       52
85       14        3       21
86        5        6      132
87        9        6       84
88        8        6       70
89       12        9       75
90       14        7       13
91        6        6       89
92        3        2       51
93       15        7      124
94        7        4       36
95        5        9       46
96        9        1       62
97        6        3      133
98       10        8      120
99        6        2       58
100        7        7       90
101       12        9       88
102       11        7       32
103       12        4       24
104        9        3       36
105       11        5       42
106        8        9       28
107       10        5      133
108        7        9      143
109        6        8       56
110        7        5       31
111        9        7      116
112        4        8       60
113       13        1      125
114        7        5       71
115       14        7       40
116        8        3       24
117       14        8      136
118        9        1      101
119        8        1      137
120       13        2       64
121        5        9      143
122        7        6      134
123        7        1       15
124       12        1       95
125       12        7      111
126       13        9      141
127       11        6        0
128        3        5        1
129        6        3      121
130        4        1       76
131       10        5      105
132       10        9      143
133        3        7       78
134       15        6       35
135       14        5      144
136       13        2       41
137       10        5       42
138       15        6       52
139        9        9      105
140       13        8       35
141       14        6       81
142        4        2      128
143        5        1       93
144       14        7       76
145       12        5       29
146       15        2      129
147        3        5      103
148        7        2      108
149        7        5      100
150       14        7      142
151       15        6      112
152        7        7      142
153        3        7      117
154       15        7       92
155        4        6       36
156       15        6        1
157        9        4       53
158       10        1       22
159        9        2      137
160        5        4      133
161        8        2       63
162       14        5       24
163       12        6       30
164        3        3        6
165        5        9      130
166        6        3       76
167       14        2       46
168       14        4        2
169       13        8       65
170        9        3       21
171       11        7       34
172        5        2      106
173        8        1       16
174        6        6       11
175        6        6      119
176       15        7      143
177       15        7       60
178       15        3      128
179        9        1       72
180        6        3       96
181       10        6       12
182       13        9       23
183        8        3       70
184        7        8       54
185       12        9       84
186       11        6      124
187        4        6       99
188        7        7        5
189        4        7       41
190        6        2       41
191       12        7       20
192        8        4      101
193       13        3       84
194        3        9      106
195        6        6       47
196        6        5      127
197       10        8      121
198        3        4       26
199       12        6       32
200        8        3      113
201        9        7       47
202       13        9       70
203        9        2       32
204        3        5       87
205       12        7       20
206        6        7        8
207        7        9      142
208        5        8       53
209        9        8       38
210        3        4      115
211       13        7       36
212       14        3       90
213        8        1       96
214        9        6       19
215        9        5      115
216        6        3      140
217        6        3      111
218        6        1      112
219        9        5       52
220        4        9       59
221       14        8        1
222       13        6       67
223        5        8      126
224       14        3      139
225        3        5      128
226        5        2      119
227        5        4      120
228        3        3      105
229       10        5       38
230        7        9      140
231        4        7       10
232       10        3      137
233        4        4       36
234        8        5      117
235       10        9      112
236       11        1        5
237        8        7       75
238       14        5       99
239        3        9        8
240        6        2       47
241        6        8       39
242        9        1       68
243        4        9      130
244       14        7       43
245        7        8      108
246        4        2       56
247        8        5      103
248        7        4       29
249        3        2       86
250        8        7       20
251        9        6       74
252        6        9      125
253        6        3      121
254        9        4       40
255       10        7      107
256        7        8       62
257       12        5      117
258       11        2       82
259       12        3      117
260        3        7      119
261        6        4      134
262        5        7       14
263        4        7       77
264       13        8      143
265        6        5       54
266        6        9       21
267        8        6       44
268       14        2       48
269        3        8      137
270        6        6       55
271        6        9       47
272       13        3       85
273       10        3      116
274       10        6       47
275        5        7       99
276       15        1       72
277       12        1       70
278        6        1        0
279        7        6       86
280        9        1       78
281        6        4       21
282       11        2       35
283       12        3      107
284       15        4       29
285        7        5      125
286       15        8      140
287       11        1       99
288        3        7      116
289        3        1       90
290        4        4       96
291       10        6       95
292        9        5       67
293       10        8       54
294        5        5       67
295        7        4       89
296        4        9       54
297        5        8       98
298       13        9       16
299       11        1       79
300       12        7      118
301        9        1      133
302       14        5       16
303       14        8       52
304       10        6      132
305       15        5        6
306       11        9       51
307        4        4       22
308        9        1        9
309       14        6      125
310       13        1       83
311        5        1       13
312        6        7       77
313       13        3       39
314       11        2      142
315       11        8      129
316       14        2       42
317        8        3        1
318        5        1       39
319       13        9      131
320       11        6      132
321        8        7       60
322       14        8       55
323        3        9       14
324        6        3        8
325        6        9      141
326        5        2       62
327        8        9       93
328        9        5      105
329       10        3      136
330        8        7      125
331       12        4       78
332        9        5      125
333       11        9      113
334       13        7       63
335        7        1        8
336       15        8       22
337       13        2      141
338        5        2       15
339        9        1       25
340        9        8      132
341        9        5       91
342        6        7       42
343        3        3       26
344        5        1      111
345        3        5       99
346        6        1      115
347        5        8       24
348       14        7        6
349        3        3      144
350       12        3       71
351        7        1      142
352       12        5       91
353       15        3        8
354       14        1       79
355        3        9       18
356        6        9        3
357        9        9      134
358        9        7      138
359        9        3       32
360       14        4       94
361       12        7      108
362        5        9       13
363       10        6       89
364       12        6      137
365        9        8       95
366        6        5       61
367       11        7       86
368       13        2       28
369        8        5       53
370        7        2       96
371       15        1      134
372        6        5      144
373        5        1       54
374       13        5      130
375       12        4       16
376       14        7      133
377        9        6      126
378        7        9       93
379        7        3       13
380        6        8       65
381        5        1       51
382        6        9       76
383       15        7      107
384        8        9      126
385        5        3       36
386        6        2       79
387        6        7       13
388        5        4      125
389       13        2       29
390        4        8       84
391        4        7       41
392        8        4      123
393        6        9       76
394       15        5       15
395       12        3       65
396       11        9       82
397        5        4       68
398        5        7      107
399       10        9       72
400        6        6        2
401       14        2      126
402        9        4      103
403        8        7      129
404       10        4       53
405       10        6       74
406       12        3       99
407       13        8       72
408        6        3      105
409       15        3       22
410        5        1       18
411        4        9       65
412        7        1       81
413        7        3       65
414       11        9      119
415        4        4       52
416       10        7       93
417       12        7       76
418        7        7       50
419       15        3       92
420        4        4       23
421        6        9       88
422       13        4       53
423        7        9       11
424       14        6       11
425        5        7       66
426        4        4      105
427       13        8      144
428        6        3       46
429       11        6        2
430        9        3       91
431       10        9       85
432        6        9       92
433       11        5      128
434        6        2       72
435        3        9      127
436       15        9       16
437        8        9       33
438        8        3       75
439       13        7       31
440        8        5      141
441       13        8       93
442        4        5       53
443        9        7       57
444       12        3       71
445        9        5       65
446       15        6       53
447        7        4       47
448       14        5        0
449       13        1       30
450       10        5       63
451        4        4      102
452       11        7       76
453       12        5      113
454       14        9      142
455        8        4       24
456       14        6       27
457        4        8       89
458       11        6       53
459        6        9       80
460        9        8      122
461       12        9      121
462       15        3      125
463        4        8        0
464        4        3       19
465        6        1       93
466        9        1      115
467       13        3      143
468        6        7       57
469        5        5       83
470       14        4      120
471        5        6       73
472        3        7       73
473        4        3       43
474       10        4        3
475        7        3       49
476        6        9       60
477        3        5       47
478        4        3      109
479        5        3       63
480       14        2       10
481        9        1       63
482        5        2      132
483        6        2       85
484       13        2       94
485        7        8       19
486       13        9       91
487       13        7       62
488        9        4        2
489        6        3      118
490       12        8      144
491        3        4      106
492       10        3      122
493        5        9       48
494        8        5      118
495        4        7       27
496        3        9       99
497       11        9       29
498        6        8      142
499       15        8       94
500       12        5       63
