1     16     45     669
2     22     71     270
3     71     66     906
4     12     98     37
5     87     73     544
6     32     89     252
7     97     26     280
8     59     85     418
9     29     23     528
10     97     12     954
11     61     28     74
12     24     82     395
13     72     1     137
14     50     94     734
15     11     99     104
16     18     84     531
17     5     88     401
18     52     20     521
19     8     68     269
20     55     42     159
21     45     49     1133
22     39     90     94
23     1     46     900
24     44     89     255
25     26     36     176
26     52     4     174
27     13     12     850
28     9     52     197
29     14     38     569
30     37     68     2
31     49     70     231
32     13     94     133
33     71     72     873
34     75     92     56
35     21     36     827
36     63     84     49
37     96     36     825
38     64     96     95
39     74     7     980
40     92     98     76
41     90     5     447
42     57     44     927
43     52     53     42
44     19     42     463
45     39     73     373
46     55     25     743
47     63     71     32
48     9     37     212
49     62     85     465
50     71     20     312
