1     79     34     1006
2     70     48     86
3     12     67     694
4     17     6     130
5     81     78     928
6     76     98     91
7     47     69     649
8     40     1     161
9     35     90     754
10     2     34     198
11     70     41     1192
12     7     77     127
13     78     47     694
14     95     10     246
15     46     20     686
16     51     54     254
17     11     91     392
18     47     43     1187
19     73     46     214
20     99     70     248
21     43     50     819
22     60     3     95
23     46     19     515
24     47     4     497
25     7     88     1290
26     12     68     82
27     2     64     276
28     48     49     747
29     91     27     253
30     57     72     1355
31     74     89     28
32     73     93     313
33     88     25     1267
34     95     18     273
35     55     27     1151
36     85     93     190
37     10     37     362
38     89     43     469
39     84     3     185
40     78     96     1053
41     91     34     107
42     78     70     1198
43     30     57     122
44     77     18     479
45     43     74     493
46     13     55     181
47     56     7     416
48     56     55     340
49     54     29     898
50     51     63     167
