1     93     131     847
2     82     97     236
3     35     21     575
4     11     123     200
5     95     3     514
6     15     73     385
7     88     196     1172
8     47     175     190
9     17     4     407
10     71     160     69
11     34     7     565
12     17     5     839
13     86     20     382
14     43     67     1271
15     85     91     325
16     14     105     99
17     37     61     418
18     46     123     660
19     63     90     952
20     92     47     392
21     77     18     1242
22     61     118     398
23     56     139     740
24     78     24     1464
25     59     43     390
26     40     91     869
27     21     66     176
28     19     115     1067
29     94     78     13
30     90     172     527
31     18     190     190
32     91     181     741
33     43     90     1197
34     92     99     118
35     50     75     42
36     60     6     1246
37     21     100     111
38     58     45     261
39     60     33     1068
40     74     49     130
41     86     139     761
42     56     120     1519
43     34     170     127
44     72     13     951
45     47     34     184
46     75     151     543
47     16     59     408
48     46     166     753
49     81     61     421
50     1     101     1402
51     98     139     131
52     89     164     882
53     83     54     97
54     49     177     553
55     67     95     819
56     61     51     204
57     10     48     577
58     76     112     678
59     26     113     1033
60     32     17     161
61     34     114     1070
62     95     97     390
63     59     176     457
64     19     22     1048
65     63     3     0
66     75     28     547
67     86     157     540
68     84     128     723
69     92     85     1164
70     31     91     280
71     61     199     449
72     45     37     453
73     63     42     1454
74     54     37     26
75     22     9     76
76     18     122     754
77     36     14     1113
78     6     105     307
79     73     137     1530
80     52     103     226
81     23     102     897
82     35     198     374
83     67     75     236
84     88     40     1586
85     78     172     79
86     54     105     820
87     81     19     344
88     20     33     1433
89     72     110     197
90     60     144     1539
91     15     173     272
92     26     68     1064
93     27     101     145
94     37     44     328
95     56     58     1397
96     12     30     163
97     41     175     1488
98     54     87     61
99     40     103     1466
100     99     61     205
101     74     73     1249
102     25     12     32
103     46     193     1231
104     65     140     398
105     21     27     941
106     13     88     3
107     52     56     158
108     32     171     1382
109     49     178     352
110     37     88     1550
111     77     98     384
112     68     133     266
113     32     50     1290
114     67     2     181
115     59     43     876
116     54     174     106
117     83     154     666
118     17     41     835
119     44     151     140
120     18     43     482
121     71     93     866
122     10     73     173
123     97     27     740
124     33     100     1194
125     5     165     92
126     10     146     39
127     21     98     1344
128     28     60     4
129     84     96     1278
130     73     115     66
131     97     63     885
132     37     64     247
133     65     69     634
134     65     5     1121
135     64     152     81
136     24     130     1179
137     92     172     272
138     99     152     1307
139     71     48     197
140     31     137     397
141     84     186     1575
142     37     189     199
143     21     66     1480
144     22     11     157
145     88     150     1036
146     51     12     143
147     90     92     1520
148     41     108     299
149     36     127     67
150     68     10     630
151     14     24     1014
152     3     26     171
153     42     40     405
154     55     80     1089
155     80     8     134
156     33     193     42
157     13     32     487
158     49     130     1545
159     62     83     33
160     90     140     947
161     25     110     327
162     58     150     230
163     78     90     1375
164     46     76     74
165     72     97     1503
166     64     53     279
167     29     73     234
168     17     172     1263
169     19     55     339
170     83     17     1574
171     76     55     319
172     52     18     6
173     26     123     534
174     60     106     483
175     14     56     1543
176     49     144     240
177     54     163     488
178     78     175     560
179     73     23     914
180     39     97     138
181     87     169     1070
182     17     172     70
183     52     61     431
184     61     49     616
185     24     26     613
186     63     147     1395
187     92     125     253
188     96     91     28
189     34     27     198
190     60     83     402
191     90     107     169
192     75     84     259
193     94     44     1328
194     8     147     242
195     57     189     814
196     31     151     164
197     36     107     1460
198     14     168     246
199     27     59     1029
200     26     59     327
201     2     38     1318
202     61     113     348
203     80     51     130
204     22     188     1272
205     24     150     137
206     75     121     766
207     1     7     285
208     4     153     501
209     76     39     917
210     95     169     179
211     63     71     355
212     27     131     342
213     71     148     494
214     61     159     501
215     30     2     1414
216     70     94     358
217     38     24     206
218     74     104     1578
219     92     47     87
220     20     30     1575
221     91     158     86
222     86     187     509
223     13     19     1496
224     19     172     11
225     99     5     979
226     98     120     354
227     94     69     468
228     85     55     781
229     71     49     1139
230     79     122     27
231     61     60     1563
232     63     193     152
233     96     155     1445
234     22     177     186
235     24     2     1158
236     43     9     188
237     88     108     281
238     74     73     1260
239     69     43     259
240     92     108     1094
241     65     196     120
242     27     5     339
243     92     141     481
244     41     64     398
245     50     15     195
246     20     80     887
247     99     193     68
248     79     190     1565
249     3     113     6
250     45     78     641
251     46     84     323
252     15     99     174
253     53     5     135
254     87     79     151
255     57     71     27
256     98     165     1117
257     56     165     364
258     23     143     716
259     64     158     266
260     35     108     578
261     54     139     402
262     65     156     305
263     27     162     79
264     62     170     914
265     67     8     367
266     87     3     649
267     36     130     88
268     51     134     613
269     10     160     530
270     21     133     596
271     81     56     510
272     48     19     1091
273     56     196     396
274     85     186     425
275     7     75     372
276     47     118     1584
277     38     198     312
278     69     75     1142
279     8     193     47
280     16     124     622
281     72     178     625
282     11     176     280
283     27     22     236
284     32     96     1160
285     67     148     123
286     59     113     99
287     58     120     10
288     56     20     160
289     98     156     528
290     63     175     1155
291     93     169     232
292     99     9     1198
293     39     26     209
294     83     117     1223
295     86     107     87
296     42     137     363
297     22     112     892
298     36     132     359
299     50     115     369
300     30     82     124
