30.002     6399     6078.4
30.000     6389     6078.4
30.045     6430     6078.4
30.724     6437     6078.4
30.724     6437     6078.4
30.724     6437     6078.4
30.724     6437     6078.4
30.045     6430     6078.4
30.000     6389     6078.4
30.002     6399     6078.4
             
30.003     5983     5774.4
30.003     5959     5774.4
30.001     5969     5774.4
30.002     5953     5774.4
30.002     5969     5774.4
30.002     5969     5774.4
30.002     5953     5774.4
30.001     5969     5774.4
30.003     5959     5774.4
30.003     5983     5774.4
             
30.003     6016     5694.6
30.003     6016     5694.6
30.005     6016     5694.6
30.001     6016     5694.6
30.005     6016     5694.6
30.005     6016     5694.6
30.001     6016     5694.6
30.005     6016     5694.6
30.003     6016     5694.6
30.003     6016     5694.6
             
30.002     6277     5912
30.004     6216     5912
30.002     6226     5912
30.003     6255     5912
30.006     6255     5912
30.006     6255     5912
30.003     6255     5912
30.002     6226     5912
30.004     6216     5912
30.004     6277     5912
             
30.004     6218     5972.2
30.005     6192     5972.2
30.005     6220     5972.2
30.001     6214     5972.2
30.003     6214     5972.2
30.003     6214     5972.2
30.001     6214     5972.2
30.005     6220     5972.2
30.005     6192     5972.2
30.005     6218     5972.2
             
30.004     6246     5967.2
30.006     6225     5967.2
30.003     6254     5967.2
30.002     6226     5967.2
30.003     6254     5967.2
30.003     6254     5967.2
30.002     6226     5967.2
30.003     6254     5967.2
30.006     6225     5967.2
30.006     6246     5967.2
             
30.002     5975     5698.2
30.006     6027     5698.2
30.002     6052     5698.2
30.004     6004     5698.2
30.004     6027     5698.2
30.004     6027     5698.2
30.004     6004     5698.2
30.002     6052     5698.2
30.006     6027     5698.2
30.006     6027     5698.2
             
30.002     5949     5739.2
30.003     5924     5739.2
30.003     5956     5739.2
30.003     5956     5739.2
30.003     5956     5739.2
30.003     5956     5739.2
30.003     5956     5739.2
30.003     5956     5739.2
30.003     5924     5739.2
30.003     5949     5739.2
             
30.004     5816     5627.6
30.002     5811     5627.6
30.006     5822     5627.6
30.005     5828     5627.6
30.005     5828     5627.6
30.005     5828     5627.6
30.005     5828     5627.6
30.006     5822     5627.6
30.002     5811     5627.6
30.004     5816     5627.6
             
30.004     6001     5744.8
30.002     6001     5744.8
30.000     5999     5744.8
30.002     6001     5744.8
30.002     6001     5744.8
30.002     6001     5744.8
30.002     6001     5744.8
30.000     5999     5744.8
30.002     6001     5744.8
30.004     6001     5744.8
             
