1     32     40     3443
2     22     187     351
3     36     85     1904
4     8     185     758
5     31     132     2999
6     21     166     19
7     5     29     928
8     37     10     482
9     11     23     3386
10     40     25     302
11     23     198     532
12     5     102     1834
13     29     26     151
14     34     32     1946
15     25     30     242
16     24     172     2346
17     15     175     301
18     17     131     202
19     37     83     2073
20     26     181     232
21     4     12     683
22     34     162     2690
23     8     163     870
24     8     158     823
25     39     94     3638
26     26     34     370
27     12     123     2437
28     23     31     919
29     17     6     1476
30     27     29     3641
31     27     19     460
32     42     71     1528
33     20     98     1793
34     1     57     1028
35     13     197     2346
36     46     110     114
37     15     6     3450
38     42     142     360
39     20     79     693
40     43     173     2270
41     39     165     100
42     4     139     3468
43     40     52     65
44     13     155     3004
45     43     87     153
46     29     27     1146
47     27     89     3607
48     24     128     758
49     43     52     1755
50     45     54     2473
51     24     25     806
52     5     103     956
53     27     34     2643
54     43     152     711
55     28     31     2917
56     15     109     427
57     39     111     607
58     32     62     1015
59     29     105     3588
60     41     155     122
61     42     181     879
62     47     69     3198
63     17     48     43
64     8     77     1412
65     13     122     99
66     27     133     1508
67     18     173     2230
68     33     159     375
69     18     48     1913
70     23     126     245
71     26     190     3535
72     32     60     78
73     49     123     848
74     25     80     3627
75     44     138     172
76     19     187     1194
77     30     179     521
78     7     59     3179
79     5     157     384
80     3     21     890
81     22     9     2700
82     20     40     219
83     33     123     2022
84     31     123     246
85     42     165     333
86     15     36     2117
87     25     63     54
88     22     178     326
89     47     79     3418
90     49     32     728
91     11     112     3106
92     27     12     893
93     49     66     3449
94     5     87     14
95     36     33     3164
96     23     86     272
97     46     112     1537
98     33     164     2380
99     47     29     724
100     24     130     1048
101     44     188     2642
102     45     78     328
103     41     123     2672
104     4     62     57
105     32     37     632
106     37     37     3285
107     13     54     296
108     18     32     963
109     5     5     403
110     26     123     2379
111     40     12     128
112     10     106     1561
113     16     183     1365
114     44     59     2130
115     22     102     235
116     30     137     3443
117     7     184     894
118     33     185     2648
119     47     5     37
120     47     179     3692
121     38     158     615
122     47     196     389
123     38     194     3404
124     38     84     227
125     6     137     1210
126     8     53     1938
127     3     148     302
128     39     87     3406
129     5     113     577
130     44     106     1692
131     22     34     1649
132     28     49     2798
133     44     162     718
134     31     59     1295
135     2     14     2870
136     10     173     61
137     33     164     73
138     13     79     2449
139     16     104     347
140     6     176     2633
141     30     71     385
142     2     123     2215
143     3     56     751
144     35     117     973
145     4     3     1531
146     2     81     3262
147     32     161     174
148     27     196     614
149     4     31     670
150     35     22     791
151     22     162     2388
152     46     63     503
153     27     143     1159
154     2     181     3405
155     31     113     423
156     20     168     1632
157     1     27     1578
158     42     82     1584
159     3     195     210
160     42     196     2230
161     22     98     782
162     49     105     3351
163     29     183     380
164     22     153     1462
165     21     111     102
166     20     137     799
167     24     116     3057
168     20     177     352
169     9     133     776
170     42     171     2275
171     20     57     169
172     23     192     3553
173     39     48     534
174     19     58     1817
175     11     145     682
176     42     57     2922
177     20     146     117
178     38     24     2757
179     29     36     412
180     37     150     1315
181     13     59     3007
182     18     113     175
183     13     71     1874
184     34     167     294
185     14     131     920
186     15     188     622
187     39     36     105
188     10     185     3530
189     47     167     89
190     32     144     3103
191     9     181     777
192     49     108     886
193     49     158     3070
194     34     188     613
195     28     64     1280
196     18     152     2131
197     4     135     395
198     28     77     819
199     47     171     1475
200     34     118     2040
201     10     35     329
202     4     16     3046
203     17     52     63
204     3     177     1786
205     31     126     2219
206     17     189     433
207     21     104     1382
208     43     139     2924
209     15     67     425
210     37     191     3484
211     12     172     717
212     27     113     3168
213     28     94     561
214     19     192     460
215     12     4     2
216     26     24     2474
217     34     155     444
218     3     92     315
219     13     74     385
220     19     199     1752
221     25     97     1638
222     22     122     2762
223     4     51     506
224     37     181     2356
225     32     156     796
226     34     6     3644
227     7     169     556
228     47     31     1023
229     18     110     3679
230     6     47     132
231     27     193     3553
232     21     34     918
233     11     25     2641
234     8     111     580
235     26     148     3346
236     29     144     389
237     10     198     1540
238     25     63     148
239     46     103     240
240     30     194     3303
241     39     127     115
242     38     135     524
243     3     25     1088
244     18     152     2446
245     30     111     465
246     11     88     620
247     20     80     736
248     39     57     3510
249     18     90     277
250     44     31     2552
251     35     58     515
252     15     136     698
253     26     54     266
254     26     84     2348
255     48     126     316
256     9     51     3599
257     44     22     547
258     8     72     730
259     10     163     3638
260     31     163     258
261     23     142     1287
262     48     53     66
263     24     176     21
264     48     170     1528
265     10     63     183
266     23     7     470
267     29     8     2730
268     16     163     839
269     34     92     1870
270     44     31     2206
271     12     57     651
272     15     104     3637
273     10     195     551
274     25     80     16
275     12     180     1845
276     37     140     384
277     14     62     3530
278     13     137     794
279     44     170     573
280     1     41     2709
281     25     195     177
282     15     40     106
283     36     179     1365
284     25     180     3085
285     11     138     747
286     48     136     3259
287     18     127     133
288     31     162     1676
289     4     195     3584
290     8     96     437
291     40     20     2198
292     44     99     676
293     6     83     1248
294     11     41     2616
295     36     51     94
296     40     36     614
297     42     143     511
298     24     91     1982
299     15     100     591
300     29     107     2454
