1     43     19     1281
2     27     1     228
3     11     64     1127
4     32     138     214
5     14     108     637
6     1     19     1271
7     38     60     30
8     43     130     989
9     9     48     79
10     7     49     835
11     20     103     34
12     34     54     514
13     40     197     758
14     49     91     311
15     14     22     653
16     26     35     222
17     47     184     810
18     22     168     172
19     4     43     310
20     33     72     777
21     13     8     273
22     19     90     322
23     26     17     198
24     48     129     137
25     30     96     1042
26     36     104     149
27     2     192     372
28     31     146     1084
29     21     190     264
30     5     62     353
31     39     92     55
32     6     14     887
33     38     104     67
34     17     31     726
35     28     137     222
36     47     52     813
37     38     67     66
38     9     61     453
39     33     162     406
40     34     72     1197
41     31     164     93
42     10     193     861
43     31     197     273
44     35     169     315
45     21     142     513
46     41     19     577
47     23     178     26
48     15     107     1024
49     48     45     154
50     8     151     901
51     6     2     232
52     9     8     1096
53     27     120     64
54     30     100     844
55     32     191     2
56     38     87     931
57     48     40     256
58     34     112     769
59     19     100     31
60     7     151     1066
61     42     48     172
62     4     34     483
63     18     46     867
64     26     43     152
65     44     182     779
66     40     46     32
67     22     102     271
68     10     44     72
69     38     135     16
70     21     27     492
71     44     30     110
72     31     54     729
73     22     83     78
74     6     35     1187
75     30     76     36
76     34     45     758
77     8     173     137
78     37     156     943
79     44     21     152
80     5     155     943
81     49     38     233
82     15     143     797
83     25     150     68
84     4     19     918
85     43     147     172
86     45     47     34
87     45     23     246
88     9     39     588
89     17     89     159
90     38     82     524
91     27     192     321
92     4     126     815
93     12     193     31
94     46     144     902
95     11     9     59
96     19     159     704
97     48     99     225
98     25     143     428
99     43     116     262
100     12     185     745
101     29     51     38
102     19     112     392
103     37     155     1205
104     28     187     197
105     37     184     41
106     16     111     18
107     25     110     41
108     28     175     1021
109     49     164     210
110     37     156     898
111     6     52     117
112     27     123     428
113     37     188     418
114     34     62     1272
115     41     114     82
116     42     61     971
117     16     14     264
118     17     71     1061
119     32     103     133
120     32     2     799
121     28     71     182
122     5     141     416
123     31     170     446
124     7     8     950
125     41     96     15
126     34     65     616
127     1     84     152
128     18     23     683
129     12     12     81
130     8     33     381
131     3     64     792
132     6     183     256
133     30     99     830
134     10     13     314
135     48     124     739
136     41     119     44
137     24     175     767
138     10     62     287
139     1     90     350
140     28     129     725
141     8     108     3
142     45     125     1251
143     23     37     62
144     43     128     3
145     31     40     117
146     26     113     598
147     14     32     812
148     7     16     164
149     28     59     119
150     4     133     193
151     40     186     669
152     46     194     300
153     20     101     159
154     35     180     915
155     7     126     105
156     6     193     534
157     40     114     1228
158     17     142     246
159     22     93     592
160     45     177     544
161     48     161     996
162     8     148     141
163     23     16     828
164     48     32     91
165     20     39     505
166     35     106     784
167     43     142     165
168     1     92     1144
169     32     86     10
170     29     168     151
171     27     171     727
172     42     185     141
173     8     118     482
174     29     11     1283
175     23     106     285
176     12     131     202
177     43     142     862
178     6     20     317
179     45     50     627
180     39     149     970
181     46     96     53
182     49     167     779
183     45     121     271
184     27     66     1124
185     31     41     190
186     27     31     984
187     4     160     237
188     34     171     730
189     20     153     177
190     17     94     14
191     3     177     556
192     42     73     884
193     8     133     213
194     41     14     303
195     34     194     408
196     4     89     177
197     32     72     257
198     16     138     145
199     1     129     18
200     26     11     1134
