1     46     36     212
2     24     13     37
3     38     49     156
4     8     37     49
5     46     32     140
6     25     8     7
7     32     25     274
8     3     17     0
9     43     5     162
10     14     27     16
11     38     11     62
12     30     25     139
13     24     3     31
14     8     35     262
15     25     47     51
16     28     30     301
17     27     46     16
18     41     11     25
19     47     32     65
20     28     33     71
21     43     5     24
22     2     45     192
23     7     29     31
24     16     33     309
25     13     12     70
26     33     25     257
27     24     11     16
28     35     1     222
29     3     38     41
30     38     18     17
31     7     27     106
32     5     42     208
33     18     26     13
34     28     6     207
35     30     34     30
36     38     12     36
37     25     28     31
38     17     41     36
39     20     24     131
40     24     11     0
41     37     29     192
42     9     47     22
43     36     36     284
44     45     29     73
45     5     4     230
46     3     15     14
47     41     10     155
48     12     46     163
49     32     16     55
50     18     32     137
