1     31     17     290
2     46     41     81
3     27     42     161
4     9     31     278
5     45     9     78
6     45     43     80
7     35     42     284
8     30     8     13
9     10     36     101
10     15     41     250
11     4     32     28
12     49     24     182
13     47     42     17
14     32     19     80
15     47     46     296
16     39     10     73
17     38     40     12
18     42     16     40
19     27     6     80
20     20     40     270
21     8     37     7
22     33     33     72
23     12     46     305
24     24     17     31
25     36     7     347
26     47     13     30
27     46     47     324
28     11     15     83
29     3     26     74
30     8     18     263
31     36     5     66
32     12     20     190
33     6     31     39
34     25     22     74
35     48     38     235
36     11     47     11
37     33     16     134
38     19     25     83
39     15     38     166
40     20     34     70
41     47     10     184
42     28     28     12
43     45     46     228
44     26     48     55
45     32     32     191
46     14     42     42
47     10     46     276
48     39     18     30
49     44     19     220
50     13     6     17
