1     180     184     307
2     8     126     1391
3     133     163     138
4     139     99     750
5     85     126     957
6     133     112     1175
7     142     77     39
8     143     194     82
9     54     62     1872
10     142     77     96
11     72     125     414
12     158     120     1467
13     36     10     224
14     108     71     683
15     38     90     1853
16     127     9     270
17     144     15     1635
18     61     159     333
19     187     179     741
20     188     40     31
21     178     148     1743
22     20     58     179
23     6     152     41
24     108     152     670
25     65     43     16
26     27     130     1912
27     139     57     51
28     30     180     1492
29     32     92     239
30     73     142     1855
31     184     58     381
32     27     188     1092
33     36     132     170
34     44     74     1312
35     199     109     139
36     114     165     1315
37     57     127     239
38     158     152     1337
39     195     7     292
40     119     146     1590
41     137     40     474
42     49     90     381
43     76     94     1070
44     89     6     103
45     148     179     1851
46     154     118     326
47     155     95     1390
48     134     5     119
49     27     197     704
50     151     122     1720
51     97     131     457
52     78     127     83
53     82     108     1373
54     7     59     323
55     20     169     1628
56     57     182     425
57     116     71     1683
58     79     33     394
59     160     8     891
60     171     102     972
61     99     115     428
62     118     45     509
63     50     110     1000
64     135     197     99
65     52     110     762
66     92     171     1587
67     107     88     3
68     137     61     1739
69     102     6     246
70     151     154     366
71     56     126     1623
72     101     198     449
73     64     20     4
74     117     30     1844
75     144     114     444
76     6     14     1796
77     83     59     76
78     124     184     267
79     71     107     193
80     151     3     1622
81     128     117     309
82     164     28     1144
83     110     106     234
84     182     31     1
85     168     133     1807
86     26     141     474
87     195     194     1887
88     78     198     162
89     22     179     815
90     28     186     343
91     31     124     77
92     105     68     1896
93     47     80     406
94     193     7     1638
95     68     84     457
96     48     13     1342
97     196     108     93
98     113     120     902
99     153     52     1051
100     109     100     10
101     10     33     856
102     79     97     973
103     59     116     57
104     18     116     639
105     106     172     1850
106     169     121     370
107     183     192     1918
108     54     44     37
109     71     180     282
110     46     163     703
111     182     161     474
112     198     29     1014
113     27     118     370
114     52     82     1051
115     67     157     176
116     132     165     1653
117     76     128     80
118     176     52     1030
119     158     125     352
120     55     39     374
121     80     195     45
122     187     109     1670
123     76     158     56
124     128     189     1611
125     24     59     223
126     136     163     1817
127     85     32     139
128     97     124     1916
129     151     154     353
130     198     107     1822
131     71     156     48
132     195     188     539
133     31     34     452
134     90     10     1772
135     121     20     327
136     37     37     950
137     139     27     1772
138     116     155     404
139     184     137     925
140     47     182     1308
141     169     89     86
142     117     181     1772
143     134     71     290
144     72     151     1663
145     34     198     149
146     153     193     33
147     54     161     408
148     146     156     1332
149     166     128     0
150     194     144     700
151     83     46     1854
152     2     62     98
153     100     3     1226
154     182     156     116
155     124     155     787
156     131     101     1740
157     54     41     373
158     176     67     1044
159     8     183     86
160     105     85     1122
161     142     98     102
162     168     100     1305
163     58     61     85
164     142     38     1906
165     196     105     244
166     116     1     538
167     34     74     1694
168     158     195     431
169     189     158     1880
170     113     107     305
171     71     117     227
172     61     15     338
173     122     146     313
174     130     196     1362
175     44     93     166
176     155     167     749
177     21     111     726
178     21     42     1344
179     108     189     60
180     78     111     927
181     100     28     1904
182     67     138     48
183     101     39     1526
184     148     182     444
185     176     76     821
186     1     151     930
187     102     177     1626
188     26     14     409
189     26     9     1625
190     164     73     458
191     57     17     971
192     47     95     428
193     102     177     317
194     84     50     638
195     28     70     1181
196     128     13     48
197     183     157     1087
198     62     37     213
199     104     83     1039
200     118     156     52
201     150     51     747
202     49     189     1309
203     114     44     21
204     151     64     1394
205     121     162     155
206     14     26     762
207     178     32     1866
208     187     88     356
209     161     78     1212
210     169     63     196
211     67     145     157
212     122     65     237
213     162     59     1180
214     166     172     369
215     31     92     1826
216     47     103     243
217     37     130     1635
218     179     66     24
219     55     20     1864
220     139     114     388
221     53     111     614
222     73     128     1537
223     180     145     40
224     181     11     1912
225     54     7     205
226     166     53     716
227     25     34     1781
228     23     177     356
229     30     125     183
230     147     97     822
231     148     129     1796
232     52     164     366
233     76     81     169
234     145     30     16
235     53     47     1818
236     128     168     171
237     103     148     1531
238     161     5     261
239     155     47     1417
240     7     90     471
241     33     6     284
242     199     82     521
243     34     40     1124
244     100     148     291
245     10     125     840
246     189     82     1702
247     51     96     186
248     115     27     90
249     91     190     1534
250     141     82     4
251     194     67     1232
252     84     59     267
253     10     70     967
254     192     9     227
255     83     190     1658
256     142     176     290
257     97     16     1331
258     2     34     118
259     152     167     1333
260     43     141     162
261     96     53     1798
262     169     150     412
263     92     33     607
264     157     46     1633
265     37     185     330
266     52     126     1890
267     68     8     146
268     73     4     1822
269     64     140     7
270     22     101     757
271     103     83     635
272     74     10     665
273     111     145     183
274     21     91     1696
275     143     129     157
276     38     64     477
277     150     125     1443
278     104     142     6
279     15     71     1304
280     64     74     342
281     127     152     364
282     117     101     1482
283     183     154     13
284     188     25     384
285     186     136     1629
286     82     64     108
287     83     159     1155
288     174     117     234
289     147     122     1065
290     46     154     322
291     160     65     644
292     106     153     468
293     45     60     276
294     141     3     763
295     97     110     968
296     139     20     353
297     65     169     662
298     151     123     82
299     71     64     1351
300     42     36     21
