1     16     164     984
2     134     51     313
3     77     110     801
4     161     155     808
5     49     184     1089
6     11     71     192
7     121     145     1067
8     176     144     103
9     53     19     699
10     106     57     1005
11     191     71     158
12     3     29     1052
13     45     111     116
14     13     169     348
15     85     99     976
16     2     169     113
17     60     88     1066
18     84     59     233
19     106     109     1473
20     190     6     206
21     28     19     1849
22     99     128     43
23     141     154     138
24     152     99     478
25     35     92     935
26     96     125     277
27     87     43     1654
28     171     92     74
29     182     183     981
30     55     12     439
31     78     100     1187
32     65     10     323
33     76     186     476
34     175     136     485
35     37     164     1503
36     56     140     335
37     145     56     136
38     113     82     1633
39     79     196     257
40     57     95     262
41     36     173     1248
42     111     122     404
43     33     146     1147
44     127     77     260
45     121     146     1154
46     180     190     164
47     117     69     454
48     46     69     362
49     9     8     917
50     157     125     1835
51     133     166     92
52     185     146     1660
53     153     68     355
54     30     40     1695
55     78     50     382
56     177     151     1200
57     160     161     347
58     66     116     1592
59     162     109     155
60     1     155     108
61     8     30     1432
62     167     16     162
63     92     11     1018
64     98     10     325
65     71     88     1184
66     44     64     378
67     10     40     985
68     109     89     349
69     68     140     230
70     99     75     505
71     10     134     1080
72     81     123     397
73     131     11     100
74     30     32     1274
75     13     130     0
76     72     187     1482
77     165     95     156
78     51     80     1273
79     128     91     366
80     191     52     552
81     48     179     297
82     65     9     227
83     147     142     572
84     68     17     1060
85     72     140     415
86     107     106     931
87     67     8     491
88     68     105     837
89     84     157     810
90     156     115     290
91     56     27     554
92     27     96     608
93     139     141     1647
94     127     199     344
95     158     39     1706
96     155     90     304
97     90     190     1138
98     6     189     362
99     172     175     270
100     136     11     252
101     15     157     904
102     156     5     1258
103     23     154     302
104     9     111     755
105     11     126     1659
106     32     31     366
107     52     96     923
108     20     100     1503
109     181     50     352
110     181     167     1027
111     161     85     374
112     181     86     1450
113     161     7     2
114     23     58     1189
115     107     121     90
116     78     153     1171
117     15     46     283
118     110     4     1295
119     131     146     94
120     83     163     1138
121     60     111     320
122     140     69     750
123     149     41     622
124     144     192     57
125     8     187     1430
126     35     132     261
127     47     169     1784
128     2     99     105
129     18     159     1052
130     94     148     105
131     54     12     984
132     55     51     402
133     3     141     1170
134     169     83     403
135     121     35     1519
136     159     157     36
137     46     183     1375
138     191     24     322
139     152     175     1706
140     76     197     247
141     110     21     1673
142     16     51     373
143     169     154     1781
144     137     59     160
145     87     96     364
146     104     1     1804
147     175     65     67
148     22     115     1368
149     167     7     54
150     194     152     1481
151     121     114     405
152     131     153     951
153     160     76     53
154     132     71     350
155     44     17     318
156     47     116     1122
157     193     37     13
158     195     124     105
159     107     194     1602
160     29     137     178
161     19     59     209
162     170     120     1012
163     136     52     14
164     129     168     864
165     67     58     260
166     183     1     818
167     87     186     173
168     75     176     144
169     129     84     1261
170     172     90     365
171     118     185     1286
172     33     91     370
173     148     195     613
174     127     93     480
175     148     159     133
176     131     175     678
177     150     115     962
178     145     86     4
179     164     17     118
180     110     70     922
181     123     176     1488
182     147     148     217
183     182     43     1247
184     197     71     463
185     159     164     1627
186     37     58     133
187     83     186     1468
188     62     64     307
189     52     52     1786
190     7     57     105
191     181     186     1865
192     154     62     457
193     147     98     1193
194     30     140     325
195     157     58     573
196     11     6     749
197     116     29     436
198     51     175     1159
199     112     169     283
200     154     68     251
201     71     193     898
202     167     64     1025
203     119     101     46
204     25     51     1860
205     99     93     266
206     40     121     973
207     136     108     439
208     169     152     19
209     29     102     709
210     124     21     677
211     66     94     1367
212     75     75     434
213     79     109     1194
214     153     189     408
215     74     50     165
216     106     76     403
217     45     35     940
218     46     172     451
219     91     1     421
220     90     113     677
221     104     40     342
222     86     73     73
223     89     68     1524
224     170     186     381
225     63     79     69
226     8     30     661
227     175     183     237
228     49     197     1540
229     69     55     264
230     190     169     965
231     176     152     63
232     111     83     232
233     79     123     502
234     59     145     614
235     20     69     47
236     126     122     875
237     183     186     1229
238     165     110     320
239     137     5     760
240     183     97     502
241     164     108     612
242     126     94     235
243     65     188     352
244     94     29     803
245     11     181     431
246     109     157     1644
247     160     126     124
248     166     46     346
249     110     76     1043
250     144     89     68
251     70     60     686
252     190     105     1438
253     177     16     242
254     128     50     1416
255     60     57     274
256     118     185     403
257     133     152     373
258     35     104     941
259     135     146     63
260     39     38     358
261     180     103     805
262     83     35     632
263     119     198     1423
264     43     130     1
265     162     19     185
266     159     11     1241
267     148     6     30
268     66     22     313
269     68     66     1172
270     169     190     44
271     111     14     1700
272     63     111     110
273     3     81     957
274     28     83     102
275     119     113     714
276     154     150     1473
277     12     131     172
278     64     150     658
279     147     32     170
280     114     120     276
281     76     76     1832
282     182     189     391
283     4     111     1040
284     175     161     376
285     171     33     1321
286     9     191     351
287     155     180     582
288     97     10     1651
289     4     160     295
290     51     125     832
291     141     148     1736
292     11     146     199
293     77     99     491
294     75     156     682
295     2     185     1790
296     168     22     47
297     74     47     1062
298     143     93     169
299     155     3     1029
300     104     151     151
