5     2674     2378.5
5     2674     2378.5
5     2674     2378.5
5     2674     2378.5
5     2674     2378.5
5     2674     2378.5
5     2674     2378.5
5     2674     2378.5
5     2674     2378.5
5     2674     2378.5
             
5     2922     2737
5     2922     2737
5     2922     2737
5     2922     2737
5     2922     2737
5     2922     2737
5     2922     2737
5     2922     2737
5     2922     2737
5     2922     2737
             
5     2683     2480
5     2683     2480
5     2649     2480
5     2649     2480
5     2683     2480
5     2683     2480
5     2649     2480
5     2649     2480
5     2683     2480
5     2683     2480
             
5     2739     2651
5     2739     2651
5     2739     2651
5     2739     2651
5     2739     2651
5     2739     2651
5     2739     2651
5     2739     2651
5     2739     2651
5     2739     2651
             
5     2773     2741
5     2773     2741
5     2773     2741
5     2773     2741
5     2773     2741
5     2773     2741
5     2773     2741
5     2773     2741
5     2773     2741
5     2773     2741
             
5     2551     2434.5
5.001     2549     2434.5
5     2549     2434.5
5     2551     2434.5
5.001     2551     2434.5
5.001     2551     2434.5
5     2551     2434.5
5     2549     2434.5
5.001     2549     2434.5
5.001     2551     2434.5
             
0.131     3018     3018
0.147     3018     3018
0.144     3018     3018
0.144     3018     3018
0.147     3018     3018
0.147     3018     3018
0.144     3018     3018
0.144     3018     3018
0.147     3018     3018
0.147     3018     3018
             
5     2495     2328
5     2535     2328
5     2501     2328
5     2501     2328
5     2547     2328
5     2547     2328
5     2501     2328
5     2501     2328
5     2535     2328
5     2535     2328
             
5     2359     2238
5     2376     2238
5.001     2359     2238
5.001     2376     2238
5     2359     2238
5     2359     2238
5.001     2376     2238
5.001     2359     2238
5     2376     2238
5     2376     2238
             
5     2453     2370
5     2453     2370
5     2448     2370
5     2452     2370
5     2453     2370
5     2453     2370
5     2452     2370
5     2448     2370
5     2453     2370
5     2453     2370
             
