1     88     16     4005
2     113     89     410
3     112     7     2710
4     190     95     3303
5     103     41     207
6     145     64     5359
7     16     71     736
8     86     83     405
9     49     36     1503
10     34     31     1144
11     27     58     3006
12     37     18     993
13     160     67     1913
14     53     33     2606
15     153     23     5142
16     78     66     694
17     165     75     3699
18     119     58     201
19     198     79     4914
20     170     97     224
21     119     46     900
22     90     20     5076
23     155     53     167
24     104     74     124
25     59     9     2629
26     50     81     719
27     42     87     1336
28     70     9     2262
29     100     70     3118
30     159     21     999
31     53     68     4743
32     98     77     8
33     122     99     3890
34     186     55     123
35     177     39     1274
36     136     4     5266
37     177     66     695
38     156     84     2165
39     103     1     1642
40     122     36     3351
41     163     45     188
42     82     63     1468
43     74     80     1210
44     93     79     1413
45     183     62     2022
46     46     54     2360
47     178     9     5149
48     59     19     755
49     124     88     476
50     107     9     5111
