5.001     5232     4982.5
5     5185     4982.5
5     5185     4982.5
5     5232     4982.5
5.001     5185     4982.5
5.001     5185     4982.5
5     5232     4982.5
5     5185     4982.5
5     5185     4982.5
5     5185     4982.5
             
5.001     4942     4837.5
5     4952     4837.5
5     4942     4837.5
5     4942     4837.5
5.001     4952     4837.5
5.001     4952     4837.5
5     4942     4837.5
5     4942     4837.5
5     4952     4837.5
5     4942     4837.5
             
5     5825     5455.5
5     5816     5455.5
5     5816     5455.5
5     5816     5455.5
5     5785     5455.5
5     5785     5455.5
5     5816     5455.5
5     5816     5455.5
5     5816     5455.5
5     5816     5455.5
             
0.016     5421     5421
0     5421     5421
0     5421     5421
0     5421     5421
0.016     5421     5421
0.016     5421     5421
0     5421     5421
0     5421     5421
0     5421     5421
0     5421     5421
             
0.016     5038     5038
0.016     5038     5038
0     5038     5038
0     5038     5038
0.016     5038     5038
0.016     5038     5038
0     5038     5038
0     5038     5038
0.016     5038     5038
0.016     5038     5038
             
5     5697     5504
5     5697     5504
5     5699     5504
5     5699     5504
5     5697     5504
5     5697     5504
5     5699     5504
5     5699     5504
5     5697     5504
5     5697     5504
             
5     5489     5181
5.001     5489     5181
5     5489     5181
5     5489     5181
5.001     5489     5181
5.001     5489     5181
5     5489     5181
5     5489     5181
5.001     5489     5181
5     5489     5181
             
5     5114     4934
5     5108     4934
5.001     5108     4934
5.001     5114     4934
5     5108     4934
5     5108     4934
5.001     5114     4934
5.001     5108     4934
5     5108     4934
5     5108     4934
             
5     5149     4580.5
5     5149     4580.5
5.006     5149     4580.5
5.006     5236     4580.5
5     5149     4580.5
5     5149     4580.5
5.006     5236     4580.5
5.006     5149     4580.5
5     5149     4580.5
5     5149     4580.5
             
0.062     5509     5509
0.032     5509     5509
0.015     5509     5509
0.015     5509     5509
0.062     5509     5509
0.062     5509     5509
0.015     5509     5509
0.015     5509     5509
0.032     5509     5509
0.032     5509     5509
             
