5.001     5285     4982.5
5     5282     4982.5
5     5285     4982.5
5     5285     4982.5
5.001     5285     4982.5
5.001     5285     4982.5
5     5285     4982.5
5     5285     4982.5
5     5282     4982.5
5.001     5285     4982.5
             
5.001     4942     4837.5
5     4942     4837.5
5     4942     4837.5
5     4942     4837.5
5.001     4942     4837.5
5.001     4942     4837.5
5     4942     4837.5
5     4942     4837.5
5     4942     4837.5
5.001     4942     4837.5
             
5     5819     5455.5
5     5825     5455.5
5.001     5852     5455.5
5.001     5852     5455.5
5     5825     5455.5
5     5825     5455.5
5.001     5852     5455.5
5.001     5852     5455.5
5     5825     5455.5
5     5825     5455.5
             
0     5421     5421
0     5421     5421
0     5421     5421
0     5421     5421
0     5421     5421
0     5421     5421
0     5421     5421
0     5421     5421
0     5421     5421
0     5421     5421
             
0     5038     5038
0     5038     5038
0.016     5038     5038
0.016     5038     5038
0     5038     5038
0     5038     5038
0.016     5038     5038
0.016     5038     5038
0     5038     5038
0     5038     5038
             
5     5699     5504
5     5699     5504
5.005     5699     5504
5.005     5699     5504
5     5699     5504
5     5699     5504
5.005     5699     5504
5.005     5699     5504
5     5699     5504
5     5699     5504
             
5.001     5589     5181
5     5490     5181
5     5533     5181
5     5533     5181
5.001     5589     5181
5.001     5589     5181
5     5533     5181
5     5533     5181
5     5490     5181
5.001     5589     5181
             
5     5135     4934
5     5135     4934
5.001     5193     4934
5.001     5193     4934
5     5135     4934
5     5135     4934
5.001     5193     4934
5.001     5193     4934
5     5135     4934
5     5135     4934
             
5     5149     4580.5
5     5149     4580.5
5     5223     4580.5
5     5223     4580.5
5     5149     4580.5
5     5149     4580.5
5     5223     4580.5
5     5223     4580.5
5     5149     4580.5
5     5149     4580.5
             
0.109     5509     5509
0.109     5509     5509
0.422     5509     5509
0.422     5509     5509
0.109     5509     5509
0.109     5509     5509
0.422     5509     5509
0.422     5509     5509
0.109     5509     5509
0.109     5509     5509
             
