1     34     13     1375
2     46     44     36
3     43     8     469
4     23     41     1619
5     1     2     332
6     38     22     1310
7     13     41     327
8     5     9     1526
9     10     7     276
10     33     9     472
11     31     39     1117
12     37     7     398
13     42     46     1939
14     18     43     479
15     17     43     132
16     29     45     880
17     43     36     793
18     48     40     1132
19     7     44     74
20     7     11     1503
21     35     46     78
22     33     19     168
23     14     6     178
24     1     20     822
25     40     32     202
26     21     30     1936
27     48     17     140
28     1     46     1456
29     27     40     72
30     39     36     654
31     11     35     690
32     28     23     1580
33     31     7     422
34     42     42     771
35     24     1     382
36     19     14     493
37     48     15     220
38     9     31     1312
39     40     19     203
40     5     36     1725
41     17     47     91
42     49     16     1734
43     13     12     413
44     23     46     51
45     48     36     1681
46     9     5     20
47     18     17     1595
48     7     34     112
49     8     43     1533
50     22     18     156
51     35     29     292
52     24     11     1892
53     13     25     308
54     23     25     1913
55     29     12     421
56     4     45     1005
57     9     47     476
58     29     1     1426
59     16     33     39
60     27     13     737
61     35     13     1642
62     47     1     433
63     12     49     152
64     49     33     1217
65     9     14     281
66     16     22     1208
67     37     30     431
68     14     4     335
69     3     33     646
70     41     1     1254
71     4     3     428
72     32     24     1687
73     13     49     396
74     22     36     1778
75     37     21     346
76     3     24     1914
77     3     10     429
78     33     4     1348
79     49     29     333
80     2     36     1172
81     3     1     451
82     46     36     613
83     47     1     72
84     16     16     1889
85     10     10     95
86     14     35     1696
87     32     33     85
88     33     27     940
89     8     27     1780
90     34     27     424
91     35     47     1471
92     47     24     69
93     20     25     875
94     39     26     119
95     31     32     277
96     35     30     1712
97     13     27     366
98     3     3     837
99     25     37     1667
100     19     35     111
101     12     46     460
102     25     25     1482
103     2     19     26
104     26     24     980
105     46     25     27
106     39     25     951
107     22     25     1687
108     48     1     323
109     41     11     503
110     42     17     746
111     9     7     1854
112     41     18     214
113     23     11     1612
114     19     44     31
115     6     37     149
116     25     44     1822
117     32     31     92
118     10     7     1905
119     19     7     464
120     48     20     1931
121     9     22     186
122     36     47     213
123     29     49     161
124     30     8     1648
125     19     2     197
126     18     4     1290
127     13     8     81
128     1     7     136
129     23     29     390
130     13     11     670
131     40     11     1201
132     49     24     391
133     36     47     1774
134     28     41     472
135     7     36     738
136     36     19     1272
137     27     1     141
138     48     32     928
139     15     22     1354
140     41     28     125
141     14     32     1575
142     46     42     61
143     31     15     1620
144     29     22     41
145     1     43     254
146     2     40     1826
147     26     36     258
148     4     3     444
149     15     36     1070
150     26     24     197
151     46     40     562
152     46     44     883
153     14     11     571
154     21     19     1399
155     27     11     156
156     45     34     322
157     14     4     768
158     20     13     252
159     39     38     1938
160     42     48     194
161     9     9     891
162     10     26     840
163     24     47     704
164     25     2     738
165     17     21     1552
166     40     15     75
167     6     24     1004
168     36     6     110
169     31     18     730
170     31     34     1302
171     27     18     268
172     34     42     549
173     22     46     563
174     37     21     512
175     14     24     1387
176     27     5     409
177     28     13     112
178     16     12     853
179     10     18     244
180     47     2     372
181     38     12     1673
182     48     21     19
183     7     1     1191
184     46     28     240
185     35     28     545
186     29     20     59
187     46     4     1775
188     3     6     37
189     10     37     1956
190     31     43     225
191     49     14     1923
192     37     10     346
193     48     32     404
194     34     7     1823
195     33     11     408
196     20     6     1019
197     47     23     298
198     18     22     419
199     34     36     599
200     49     33     111
201     7     4     40
202     20     23     1105
203     48     15     187
204     6     8     851
205     10     7     120
206     5     49     1927
207     14     17     484
208     36     27     964
209     43     3     1508
210     9     29     466
211     29     1     643
212     4     12     1021
213     38     27     174
214     43     30     1733
215     33     9     476
216     42     7     1946
217     32     20     229
218     10     38     946
219     15     5     1271
220     18     46     295
221     22     48     986
222     44     20     256
223     45     38     1365
224     37     8     428
225     40     39     1775
226     31     45     67
227     9     7     1791
228     26     33     453
229     45     38     1092
230     48     23     259
231     16     1     431
232     28     40     1875
233     47     3     218
234     44     26     350
235     23     35     447
236     49     22     1545
237     45     13     58
238     2     3     979
239     44     31     1388
240     17     21     206
241     31     41     833
242     48     13     1839
243     20     25     180
244     2     26     1044
245     9     42     170
246     24     25     963
247     16     13     1807
248     37     13     424
249     11     26     1249
250     23     19     351
251     45     48     1509
252     2     17     332
253     10     17     1261
254     43     40     32
255     40     39     1229
256     32     5     168
257     22     18     1908
258     24     20     308
259     33     20     1320
260     11     20     85
261     18     40     1215
262     33     42     99
263     7     6     683
264     6     22     1537
265     45     19     396
266     30     38     430
267     35     14     1180
268     10     4     43
269     45     41     643
270     30     16     456
271     15     47     1931
272     15     47     460
273     49     28     1457
274     47     33     84
275     31     45     651
276     6     39     1513
277     23     35     93
278     13     29     525
279     45     16     453
280     28     30     403
281     35     16     36
282     27     11     484
283     21     4     760
284     26     21     1510
285     27     11     463
286     48     42     908
287     22     36     753
288     26     48     756
289     7     20     842
290     49     13     1880
291     41     28     197
292     45     35     1861
293     27     6     304
294     37     25     1670
295     20     33     120
296     15     26     1140
297     29     35     7
298     25     25     1149
299     22     48     310
300     28     29     268
