30.001     7658     7431
30.020     7658     7431
30.020     7658     7431
30.001     7658     7431
30.020     7658     7431
30.020     7658     7431
30.001     7658     7431
30.020     7658     7431
30.020     7658     7431
30.020     7658     7431
             
30.021     7408     7192.5
30.020     7396     7192.5
30.020     7396     7192.5
30.021     7408     7192.5
30.021     7408     7192.5
30.021     7408     7192.5
30.021     7408     7192.5
30.020     7396     7192.5
30.020     7396     7192.5
30.021     7408     7192.5
             
30.034     7688     7516
30.002     7720     7516
30.002     7720     7516
30.034     7688     7516
30.034     7720     7516
30.034     7720     7516
30.034     7688     7516
30.002     7720     7516
30.002     7720     7516
30.034     7720     7516
             
30.019     7841     7539.5
30.017     7754     7539.5
30.017     7754     7539.5
30.019     7841     7539.5
30.019     7841     7539.5
30.019     7841     7539.5
30.019     7841     7539.5
30.017     7754     7539.5
30.017     7754     7539.5
30.019     7841     7539.5
             
30.019     7659     7395.5
30.003     7681     7395.5
30.003     7681     7395.5
30.019     7659     7395.5
30.019     7681     7395.5
30.019     7681     7395.5
30.019     7659     7395.5
30.003     7681     7395.5
30.003     7681     7395.5
30.019     7681     7395.5
             
30.002     8185     7837.5
30.032     8197     7837.5
30.032     8197     7837.5
30.002     8185     7837.5
30.032     8197     7837.5
30.032     8197     7837.5
30.002     8185     7837.5
30.032     8197     7837.5
30.032     8197     7837.5
30.032     8197     7837.5
             
30.033     7562     7357
30.004     7574     7357
30.004     7574     7357
30.033     7562     7357
30.033     7574     7357
30.033     7574     7357
30.033     7562     7357
30.004     7574     7357
30.004     7574     7357
30.033     7574     7357
             
30.002     7626     7477
30.034     7678     7477
30.034     7678     7477
30.002     7626     7477
30.034     7678     7477
30.034     7678     7477
30.002     7626     7477
30.034     7678     7477
30.034     7678     7477
30.034     7678     7477
             
30.031     7581     7416.5
30.017     7581     7416.5
30.017     7581     7416.5
30.031     7581     7416.5
30.031     7581     7416.5
30.031     7581     7416.5
30.031     7581     7416.5
30.017     7581     7416.5
30.017     7581     7416.5
30.031     7581     7416.5
             
30.020     7787     7538
30.003     7787     7538
30.003     7787     7538
30.020     7787     7538
30.020     7787     7538
30.020     7787     7538
30.020     7787     7538
30.003     7787     7538
30.003     7787     7538
30.020     7787     7538
             
