1     38     7     1225
2     10     70     202
3     70     17     1231
4     77     174     201
5     76     133     237
6     28     152     256
7     13     86     735
8     94     49     212
9     85     167     1309
10     72     173     93
11     96     3     149
12     92     90     573
13     61     45     986
14     97     94     115
15     99     123     1291
16     35     54     104
17     10     97     71
18     47     23     215
19     15     182     1231
20     61     173     20
21     23     42     800
22     26     10     208
23     3     120     840
24     66     146     210
25     76     6     110
26     51     72     443
27     98     23     55
28     78     153     747
29     64     82     116
30     51     35     1092
31     8     55     318
32     58     151     981
33     98     46     232
34     63     66     77
35     78     25     340
36     92     101     323
37     1     90     421
38     30     131     537
39     37     48     139
40     51     146     1154
41     72     103     268
42     91     193     1154
43     28     48     216
44     90     79     147
45     87     72     330
46     15     137     296
47     86     14     948
48     74     148     205
49     81     119     1028
50     81     3     36
51     9     145     735
52     34     137     262
53     6     50     269
54     16     137     636
55     63     45     328
56     48     94     1289
57     9     111     208
58     79     133     152
59     73     67     374
60     10     196     1253
61     89     141     252
62     62     71     336
63     77     31     1128
64     21     52     289
65     4     196     698
66     32     87     69
67     65     92     107
68     63     85     18
69     67     160     472
70     57     110     484
71     2     122     1258
72     81     69     268
73     34     124     1112
74     41     12     171
75     78     176     55
76     28     84     700
77     61     170     175
78     39     96     911
79     30     58     142
80     34     8     1175
81     90     22     41
82     45     41     704
83     6     33     189
84     33     142     895
85     69     8     154
86     80     61     824
87     11     173     297
88     67     87     520
89     67     48     1081
90     58     175     66
91     42     88     1322
92     67     38     241
93     9     57     1281
94     9     12     4
95     89     167     477
96     57     142     306
97     92     18     901
98     62     16     30
99     77     148     522
100     49     180     165
