10.016     2005     1894.6
10.016     1986     1894.6
10.016     1986     1894.6
10.016     2005     1894.6
10.016     2005     1894.6
10.016     2005     1894.6
10.016     2005     1894.6
10.016     1986     1894.6
10.016     1986     1894.6
10.016     2005     1894.6
             
10.016     1938     1846.4
10.016     1930     1846.4
10.016     1930     1846.4
10.016     1938     1846.4
10.016     1938     1846.4
10.016     1938     1846.4
10.016     1938     1846.4
10.016     1930     1846.4
10.016     1930     1846.4
10.016     1938     1846.4
             
10.016     1917     1847.2
10.016     1916     1847.2
10.016     1916     1847.2
10.016     1917     1847.2
10.016     1917     1847.2
10.016     1917     1847.2
10.016     1917     1847.2
10.016     1916     1847.2
10.016     1916     1847.2
10.016     1917     1847.2
             
10.016     2056     1974.6
10.016     2056     1974.6
10.016     2056     1974.6
10.016     2056     1974.6
10.016     2056     1974.6
10.016     2056     1974.6
10.016     2056     1974.6
10.016     2056     1974.6
10.016     2056     1974.6
10.016     2056     1974.6
             
10.016     2029     1897.2
10.016     2031     1897.2
10.016     2031     1897.2
10.016     2029     1897.2
10.016     2031     1897.2
10.016     2031     1897.2
10.016     2029     1897.2
10.016     2031     1897.2
10.016     2031     1897.2
10.016     2031     1897.2
             
10.016     1809     1708.4
10.016     1808     1708.4
10.016     1808     1708.4
10.016     1809     1708.4
10.016     1809     1708.4
10.016     1809     1708.4
10.016     1809     1708.4
10.016     1808     1708.4
10.016     1808     1708.4
10.016     1809     1708.4
             
10.016     1882     1821
10.016     1870     1821
10.016     1870     1821
10.016     1882     1821
10.016     1882     1821
10.016     1882     1821
10.016     1882     1821
10.016     1870     1821
10.016     1870     1821
10.016     1882     1821
             
10.016     1925     1872.2
10.016     1939     1872.2
10.016     1939     1872.2
10.016     1925     1872.2
10.016     1939     1872.2
10.016     1939     1872.2
10.016     1925     1872.2
10.016     1939     1872.2
10.016     1939     1872.2
10.016     1939     1872.2
             
10.015     1876     1815
10.001     1876     1815
10.001     1876     1815
10.015     1876     1815
10.015     1876     1815
10.015     1876     1815
10.015     1876     1815
10.001     1876     1815
10.001     1876     1815
10.015     1876     1815
             
10.016     2023     1928.6
10.016     2013     1928.6
10.016     2013     1928.6
10.016     2023     1928.6
10.016     2023     1928.6
10.016     2023     1928.6
10.016     2023     1928.6
10.016     2013     1928.6
10.016     2013     1928.6
10.016     2023     1928.6
             
