10.016     2080     1894.6
10.016     2079     1894.6
10.016     2079     1894.6
10.016     2080     1894.6
10.016     2080     1894.6
10.016     2080     1894.6
10.016     2080     1894.6
10.016     2079     1894.6
10.016     2079     1894.6
10.016     2080     1894.6
             
10.016     1983     1846.4
10.016     1983     1846.4
10.016     1983     1846.4
10.016     1983     1846.4
10.016     1983     1846.4
10.016     1983     1846.4
10.016     1983     1846.4
10.016     1983     1846.4
10.016     1983     1846.4
10.016     1983     1846.4
             
10.001     1974     1847.2
10.016     1989     1847.2
10.016     1989     1847.2
10.001     1974     1847.2
10.016     1989     1847.2
10.016     1989     1847.2
10.001     1974     1847.2
10.016     1989     1847.2
10.016     1989     1847.2
10.016     1989     1847.2
             
10.015     2119     1974.6
10.006     2116     1974.6
10.006     2116     1974.6
10.015     2119     1974.6
10.015     2119     1974.6
10.015     2119     1974.6
10.015     2119     1974.6
10.006     2116     1974.6
10.006     2116     1974.6
10.015     2119     1974.6
             
10.016     2081     1897.2
10.015     2081     1897.2
10.015     2081     1897.2
10.016     2081     1897.2
10.016     2081     1897.2
10.016     2081     1897.2
10.016     2081     1897.2
10.015     2081     1897.2
10.015     2081     1897.2
10.016     2081     1897.2
             
10.016     1874     1708.4
10.016     1880     1708.4
10.016     1880     1708.4
10.016     1874     1708.4
10.016     1880     1708.4
10.016     1880     1708.4
10.016     1874     1708.4
10.016     1880     1708.4
10.016     1880     1708.4
10.016     1880     1708.4
             
10.016     1930     1821
10.016     1911     1821
10.016     1911     1821
10.016     1930     1821
10.016     1930     1821
10.016     1930     1821
10.016     1930     1821
10.016     1911     1821
10.016     1911     1821
10.016     1930     1821
             
10.016     2011     1872.2
10.016     1999     1872.2
10.016     1999     1872.2
10.016     2011     1872.2
10.016     2011     1872.2
10.016     2011     1872.2
10.016     2011     1872.2
10.016     1999     1872.2
10.016     1999     1872.2
10.016     2011     1872.2
             
10.001     1950     1815
10.007     1913     1815
10.007     1913     1815
10.001     1950     1815
10.007     1950     1815
10.007     1950     1815
10.001     1950     1815
10.007     1913     1815
10.007     1913     1815
10.007     1950     1815
             
10.001     2090     1928.6
10.016     2107     1928.6
10.016     2107     1928.6
10.001     2090     1928.6
10.016     2107     1928.6
10.016     2107     1928.6
10.001     2090     1928.6
10.016     2107     1928.6
10.016     2107     1928.6
10.016     2107     1928.6
             
