1     16     122     3340
2     12     105     217
3     95     15     3754
4     7     169     409
5     32     8     3409
6     50     119     1
7     26     123     3749
8     49     132     624
9     60     62     1774
10     48     119     1407
11     77     38     1326
12     16     166     1421
13     54     145     600
14     77     63     2855
15     79     176     888
16     9     60     1095
17     29     80     2236
18     1     115     686
19     39     185     3485
20     96     196     77
21     6     178     993
22     67     136     385
23     68     185     2526
24     46     60     132
25     52     121     870
26     79     156     812
27     57     184     477
28     70     101     2833
29     97     128     931
30     11     131     1367
31     40     90     1971
32     21     8     840
33     92     125     1828
34     71     29     601
35     85     115     3362
36     29     149     475
37     60     146     51
38     15     75     3480
39     51     90     765
40     70     45     3704
41     55     74     31
42     41     141     1959
43     41     18     44
44     15     158     704
45     12     124     3290
46     93     119     74
47     35     181     2092
48     51     198     522
49     23     130     771
50     1     112     556
51     75     47     794
52     7     95     1229
53     72     14     1147
54     40     186     2558
55     92     199     71
56     23     107     236
57     47     33     678
58     64     138     1895
59     92     154     860
60     49     25     1070
61     15     102     1369
62     42     94     3378
63     71     174     38
64     23     181     2237
65     74     6     686
66     86     40     472
67     67     195     366
68     66     154     3436
69     18     36     717
70     85     55     1154
71     86     39     2277
72     87     32     317
73     84     74     3199
74     96     31     582
75     68     40     2908
76     39     174     61
77     38     147     2609
78     61     7     780
79     7     194     1965
80     4     123     84
81     22     55     1076
82     97     130     75
83     13     170     2567
84     21     162     575
85     38     19     1656
86     59     80     1032
87     80     160     65
88     63     47     1359
89     99     172     2400
90     27     80     636
91     68     76     2956
92     36     6     580
93     71     10     459
94     88     140     2959
95     82     4     602
96     62     191     2289
97     42     74     750
98     49     180     2385
99     36     186     685
100     67     19     1611
101     58     81     49
102     30     116     1794
103     98     18     633
104     52     171     3160
105     71     193     361
106     40     79     3570
107     73     109     812
108     57     36     2312
109     65     199     258
110     63     99     2788
111     22     131     897
112     25     55     1902
113     26     188     777
114     17     19     2336
115     14     151     815
116     66     144     1915
117     31     185     63
118     98     29     408
119     8     73     933
120     17     57     3581
121     16     108     0
122     71     75     712
123     83     161     1874
124     49     52     613
125     74     88     2280
126     32     10     867
127     97     125     713
128     73     79     1579
129     65     101     2516
130     25     168     75
131     6     74     3709
132     54     81     284
133     96     119     406
134     39     189     1917
135     73     175     155
136     45     59     2425
137     80     42     486
138     82     110     2135
139     35     46     312
140     76     88     2391
141     45     140     659
142     86     71     3066
143     99     171     4
144     26     4     1926
145     30     65     938
146     7     135     3503
147     88     87     218
148     13     100     1771
149     67     95     1387
150     61     113     1810
151     73     135     3444
152     30     70     228
153     28     66     9
154     33     95     649
155     27     162     3614
156     55     138     118
157     18     25     2211
158     84     20     842
159     12     38     3125
160     67     137     333
161     60     9     3026
162     73     166     266
163     94     157     584
164     27     90     3153
165     62     196     490
166     94     52     3260
167     27     50     297
168     2     12     765
169     45     82     661
170     83     58     2687
171     31     128     799
172     48     104     1845
173     73     129     1436
174     54     132     2429
175     80     116     848
176     41     66     3303
177     73     108     230
178     59     161     1957
179     30     134     352
180     9     50     363
181     39     128     2752
182     10     145     529
183     6     30     2107
184     14     170     203
185     69     135     3658
186     96     46     649
187     30     53     1393
188     27     107     1596
189     11     166     2575
190     12     73     324
191     53     94     3027
192     17     176     578
193     38     137     1576
194     99     6     1237
195     31     50     572
196     72     49     3055
197     62     71     50
198     53     110     1897
199     98     45     372
200     59     174     3470
201     19     194     589
202     86     66     2723
203     86     46     190
204     31     7     1642
205     55     89     3502
206     61     110     867
207     91     8     461
208     50     49     1152
209     50     147     4
210     31     34     2528
211     6     16     815
212     41     59     569
213     41     79     600
214     23     20     2534
215     41     194     761
216     79     44     1185
217     39     68     923
218     44     53     3470
219     38     145     647
220     86     185     1520
221     69     81     2900
222     39     96     929
223     4     198     2296
224     82     192     64
225     20     6     1358
226     67     160     2010
227     30     71     254
228     9     134     980
229     95     33     1905
230     28     1     843
231     87     165     3582
232     84     71     286
233     39     61     1714
234     57     146     650
235     87     110     3272
236     2     152     600
237     53     173     2806
238     78     66     158
239     4     187     913
240     35     122     2166
241     72     78     106
242     27     30     888
243     36     107     3660
244     60     112     148
245     34     52     839
246     68     97     1849
247     5     87     294
248     5     91     225
249     72     102     2400
250     9     160     384
251     5     87     2647
252     31     8     179
253     98     59     3145
254     42     141     515
255     47     81     3478
256     88     11     359
257     65     183     3179
258     93     46     538
259     95     90     1825
260     17     13     337
261     40     51     106
262     1     119     1602
263     10     162     3482
264     35     74     405
265     46     187     3112
266     40     10     375
267     15     101     799
268     73     148     2084
269     20     194     44
270     12     78     3450
271     61     138     45
272     45     72     855
273     2     179     2646
274     80     91     429
275     98     54     2759
276     48     84     657
277     70     132     1265
278     72     30     1140
279     25     2     2189
280     9     128     558
281     2     158     1957
282     67     137     768
283     43     138     3534
284     83     39     98
285     50     198     657
286     11     140     1800
287     59     47     1496
288     60     82     1297
289     87     146     3585
290     86     157     542
291     74     155     224
292     79     15     3762
293     24     88     181
294     60     131     494
295     36     172     989
296     78     107     3064
297     95     116     720
298     46     9     2988
299     79     16     722
300     65     186     1856
