1     25     28     3624
2     96     38     177
3     78     42     2701
4     16     45     143
5     26     45     1923
6     180     24     365
7     54     36     1177
8     38     2     667
9     44     32     1673
10     56     26     767
11     77     47     309
12     64     1     554
13     89     7     2595
14     158     24     262
15     139     14     3037
16     113     24     235
17     86     7     2851
18     132     16     286
19     154     7     2804
20     190     47     920
21     49     15     2690
22     70     38     675
23     124     33     3384
24     51     40     44
25     126     15     2348
26     108     15     474
27     151     6     2277
28     173     32     595
29     64     13     207
30     188     30     1453
31     127     6     924
32     23     31     1532
33     30     47     3319
34     183     29     643
35     124     38     1553
36     140     5     2829
37     4     27     780
38     160     24     3566
39     13     6     843
40     72     39     3248
41     106     26     669
42     40     26     420
43     127     41     1205
44     63     13     3657
45     50     38     619
46     150     11     1238
47     137     30     3506
48     24     41     897
49     7     39     1993
50     46     49     184
51     32     37     1563
52     187     15     3604
53     94     25     243
54     7     47     3029
55     99     5     575
56     70     42     1502
57     181     23     2778
58     194     36     376
59     83     41     1235
60     46     13     2024
61     145     14     286
62     137     5     2419
63     37     38     333
64     85     23     465
65     75     16     2377
66     167     38     857
67     112     33     2594
68     139     34     98
69     61     39     2786
70     100     39     441
71     90     11     1911
72     163     39     931
73     148     39     967
74     70     21     1638
75     62     4     2730
76     149     26     162
77     62     24     696
78     180     1     3514
79     68     28     558
80     23     32     1270
81     39     9     3335
82     31     21     527
83     112     4     324
84     162     5     1254
85     195     39     2598
86     77     47     46
87     197     36     2644
88     81     20     836
89     64     49     1555
90     171     20     3193
91     116     26     130
92     53     41     2378
93     185     29     708
94     128     31     1303
95     63     34     1423
96     51     3     83
97     43     25     316
98     5     28     1337
99     90     25     887
100     2     48     1360
