50.828     25302     24898.5
50.882     25302     24898.5
50.882     25302     24898.5
50.828     25302     24898.5
50.882     25353     24898.5
50.882     25353     24898.5
50.828     25302     24898.5
50.882     25302     24898.5
50.882     25302     24898.5
50.828     25302     24898.5
             
50.255     26208     25762.5
50.223     26208     25762.5
50.223     26208     25762.5
50.255     26218     25762.5
50.255     26208     25762.5
50.255     26208     25762.5
50.255     26218     25762.5
50.223     26208     25762.5
50.223     26208     25762.5
50.223     26208     25762.5
             
50.002     24922     24415.5
50.112     25021     24415.5
50.112     24922     24415.5
50.002     24922     24415.5
50.112     25021     24415.5
50.112     25021     24415.5
50.002     24922     24415.5
50.112     24922     24415.5
50.112     25021     24415.5
50.002     24922     24415.5
             
50.068     24785     24417
50.191     24785     24417
50.191     24785     24417
50.068     24785     24417
50.191     24785     24417
50.191     24785     24417
50.068     24785     24417
50.191     24785     24417
50.191     24785     24417
50.068     24785     24417
             
50.548     25211     24711
50.474     25161     24711
50.474     25161     24711
50.548     25211     24711
50.548     25161     24711
50.548     25161     24711
50.548     25211     24711
50.474     25161     24711
50.474     25161     24711
50.474     25161     24711
             
50.175     25407     24959
50.911     25407     24959
50.911     25407     24959
50.175     25407     24959
50.911     25407     24959
50.911     25407     24959
50.175     25407     24959
50.911     25407     24959
50.911     25407     24959
50.175     25407     24959
             
50.472     24512     24163
50.564     24611     24163
50.564     24512     24163
50.472     24512     24163
50.564     24512     24163
50.564     24512     24163
50.472     24512     24163
50.564     24512     24163
50.564     24611     24163
50.472     24512     24163
             
50.551     25810     25165.5
50.064     25810     25165.5
50.064     25810     25165.5
50.551     25821     25165.5
50.551     25810     25165.5
50.551     25810     25165.5
50.551     25821     25165.5
50.064     25810     25165.5
50.064     25810     25165.5
50.064     25810     25165.5
             
50.566     24412     24061.5
50.503     24462     24061.5
50.503     24462     24061.5
50.566     24412     24061.5
50.566     24462     24061.5
50.566     24462     24061.5
50.566     24412     24061.5
50.503     24462     24061.5
50.503     24462     24061.5
50.503     24412     24061.5
             
50.737     25055     24608
50.131     25063     24608
50.131     25055     24608
50.737     25055     24608
50.737     25055     24608
50.737     25055     24608
50.737     25055     24608
50.131     25055     24608
50.131     25063     24608
50.131     25055     24608
             
