1     35     7     1611
2     154     86     14319
3     121     112     1082
4     61     18     536
5     67     28     13626
6     26     156     200
7     2     66     8590
8     174     50     17555
9     158     65     202
10     106     86     8116
11     175     68     14499
12     133     54     461
13     19     12     8421
14     120     166     6264
15     105     165     11959
16     60     4     484
17     117     172     16192
18     175     158     4076
19     94     196     4000
20     73     95     1117
21     193     67     11015
22     90     104     2495
23     110     68     12537
24     29     21     277
25     94     5     10623
26     68     103     2545
27     19     158     10690
28     186     198     652
29     6     116     18062
30     89     3     2843
31     137     181     17433
32     120     59     4630
33     195     86     19183
34     44     195     4880
35     94     43     10370
36     51     185     699
37     130     165     16839
38     140     135     3931
39     90     29     2391
40     129     34     13765
41     124     28     3523
42     93     93     4647
43     194     172     5101
44     13     4     7273
45     6     78     4301
46     14     41     16009
47     163     59     4716
48     57     125     6716
49     40     137     13853
50     192     197     2126
51     70     54     13306
52     134     189     3151
53     135     195     20136
54     39     9     4090
55     23     4     19444
56     179     189     4957
57     175     107     5236
58     195     49     20122
59     126     157     990
60     21     138     9050
61     22     163     5235
62     100     57     18511
63     78     91     3016
64     150     165     8839
65     130     141     6821
66     125     195     15412
67     183     31     767
68     122     188     5268
69     69     51     11682
70     171     76     2342
71     153     179     8388
72     83     163     16738
73     183     68     719
74     42     120     6846
75     128     158     12945
76     4     40     1490
77     32     180     5944
78     165     54     709
79     173     154     9900
80     144     21     12945
81     7     138     4240
82     88     39     12531
83     99     80     3302
84     148     134     9815
85     17     172     13033
86     83     167     3233
87     13     105     5890
88     36     4     18826
89     155     53     2069
90     30     107     4484
91     144     159     3202
92     45     166     2070
93     171     170     3173
94     154     60     3058
95     52     159     11926
96     30     70     4909
97     102     154     19384
98     82     174     3377
99     19     21     11397
100     173     176     1678
101     109     175     19997
102     155     195     1625
103     145     167     524
104     109     34     13117
105     120     46     2869
106     134     193     282
107     34     78     18650
108     19     30     2045
109     76     137     16124
110     14     14     1722
111     170     18     11547
112     67     86     2031
113     162     166     4101
114     84     180     19830
115     77     109     4170
116     163     74     4768
117     174     165     14055
118     13     138     281
119     44     32     11974
120     32     51     1318
121     145     71     18288
122     114     25     3585
123     97     123     5357
124     117     62     13940
125     73     48     3818
126     73     199     15037
127     142     42     2670
128     43     99     511
129     46     92     10249
130     184     144     2940
131     75     191     13023
132     172     186     744
133     166     114     512
134     190     152     19204
135     167     44     3097
136     59     177     12670
137     111     42     2182
138     145     154     7586
139     118     45     461
140     80     22     16024
141     155     137     774
142     81     184     10265
143     149     98     4208
144     84     171     12261
145     198     27     1866
146     48     55     12306
147     12     171     3872
148     183     8     15646
149     188     187     4889
150     30     46     13984
151     73     25     2037
152     48     145     19559
153     50     89     2586
154     99     86     4144
155     159     95     16177
156     112     65     280
157     80     175     5066
158     47     84     6447
159     63     136     2832
160     113     60     3751
161     50     145     4855
162     89     122     5139
163     104     148     10450
164     76     193     3454
165     3     135     7640
166     99     183     16959
167     165     14     1357
168     1     16     15714
169     190     162     2318
170     68     149     19282
171     1     60     4576
172     6     139     2749
173     47     4     19255
174     30     159     239
175     33     150     5891
176     42     180     14802
177     184     171     1763
178     176     149     15314
179     23     51     3583
180     151     52     18473
181     196     63     772
182     146     165     14847
183     72     145     2557
184     84     82     14372
185     199     5     10
186     23     74     13684
187     2     76     3820
188     47     166     10999
189     15     154     844
190     39     105     4534
191     20     15     19067
192     149     90     2444
193     32     61     19214
194     123     149     1664
195     192     98     6428
196     25     169     11471
197     41     145     2219
198     21     43     4136
199     168     69     7681
200     89     2     4941
201     136     142     4937
202     70     42     6861
203     93     17     3729
204     45     44     633
205     139     125     669
206     72     148     1492
207     52     45     1524
208     140     14     11088
209     116     130     3215
210     176     113     1391
211     14     181     3364
212     113     157     15380
213     85     101     3103
214     16     76     19633
215     34     149     4607
216     19     146     14815
217     83     53     1975
218     24     81     5707
219     41     158     399
220     25     27     1764
221     173     192     16925
222     60     164     3174
223     81     114     15288
224     75     156     448
225     22     143     2822
226     112     113     8400
227     191     8     12256
228     181     2     4625
229     79     109     13889
230     128     171     2322
231     70     182     7902
232     199     14     2603
233     120     146     20101
234     120     91     2287
235     77     179     1148
236     14     102     6730
237     182     62     9275
238     125     49     13846
239     71     36     4946
240     9     147     19102
241     187     37     3685
242     185     66     10430
243     194     80     945
244     196     49     3673
245     109     156     16840
246     165     31     3032
247     163     88     2149
248     60     28     18584
249     73     83     4040
250     69     104     16895
251     106     45     2386
252     175     72     11838
253     142     25     2014
254     114     74     10505
255     53     131     3088
256     89     25     2803
257     72     120     973
258     137     15     77
259     164     115     5490
260     74     75     7646
261     79     18     5689
262     95     91     1387
263     44     40     9930
264     144     21     8356
265     188     164     18235
266     91     68     26
267     144     113     11513
268     110     180     606
269     128     69     12792
270     23     109     4448
271     6     29     13260
272     73     181     4128
273     135     181     8999
274     123     7     3053
275     139     115     10809
276     172     166     4740
277     126     167     10980
278     175     14     1714
279     142     165     212
280     129     161     4483
281     168     133     10873
282     57     102     457
283     182     52     9294
284     78     179     17663
285     173     66     2914
286     161     119     7614
287     169     28     19391
288     141     199     2435
289     129     23     18146
290     88     4     580
291     178     37     11631
292     10     83     4593
293     199     69     6628
294     150     126     5886
295     23     103     1439
296     174     46     14343
297     77     107     2556
298     145     146     6389
299     199     71     5456
300     99     194     15404
301     193     75     3263
302     32     79     16182
303     143     107     1046
304     101     97     9890
305     115     197     8133
306     93     146     6150
307     85     61     12793
308     84     145     5087
309     39     174     16470
310     126     180     1084
311     108     47     6881
312     60     16     12464
313     106     139     972
314     45     33     20201
315     156     145     1919
316     116     6     14503
317     85     138     1630
318     44     95     10471
319     76     174     931
320     40     8     19604
321     41     11     4249
322     144     71     2312
323     25     146     11805
324     40     32     3242
325     115     34     16560
326     176     5     525
327     171     171     1822
328     171     49     3232
329     56     90     6567
330     80     77     14291
331     128     13     1901
332     73     87     12263
333     64     98     4609
334     141     161     16152
335     21     21     2949
336     106     22     6012
337     83     153     9748
338     87     49     12335
339     45     139     2462
340     76     109     19094
341     193     155     116
342     69     99     11654
343     183     180     1917
344     152     145     3557
345     170     190     6557
346     132     105     10571
347     194     27     3377
348     76     177     16801
349     16     104     1662
350     63     191     17480
351     160     101     115
352     4     171     9044
353     61     14     3327
354     22     4     18693
355     148     9     925
356     179     156     14911
357     61     152     225
358     160     141     3192
359     53     15     18706
360     68     20     256
361     44     71     12709
362     144     52     4970
363     51     155     16989
364     13     132     1590
365     9     93     18192
366     194     44     1767
367     88     177     13942
368     131     25     4805
369     73     72     6810
370     65     90     7689
371     136     11     4563
372     72     32     18007
373     108     86     4203
374     167     84     17536
375     77     167     933
376     137     9     16781
377     161     55     5050
378     192     179     9364
379     175     110     14129
380     92     47     1223
381     47     184     18720
382     147     114     879
383     106     56     19585
384     155     139     1421
385     102     107     6746
386     158     78     18530
387     29     82     326
388     137     78     12521
389     146     147     4363
390     26     72     5591
391     89     172     3725
392     162     34     7137
393     161     51     8365
394     122     147     13654
395     143     117     1348
396     191     166     15192
397     139     133     233
398     119     129     17204
399     84     65     3166
400     50     191     11981
401     95     114     1348
402     142     135     407
403     165     12     9784
404     153     45     18737
405     88     194     2623
406     107     101     3280
407     178     128     2449
408     114     193     15478
409     34     38     3674
410     170     170     18054
411     117     48     2765
412     7     86     7337
413     138     189     7198
414     95     82     2284
415     66     13     16360
416     188     84     2707
417     48     80     16445
418     48     150     175
419     70     163     4558
420     114     111     16391
421     113     164     38
422     56     117     9200
423     152     4     1887
424     161     176     11769
425     141     14     1131
426     83     23     1684
427     116     33     7475
428     124     194     16808
429     61     79     3508
430     10     18     4632
431     12     24     13815
432     69     139     4817
433     87     58     6854
434     119     74     19761
435     195     198     2152
436     18     42     5966
437     160     87     8688
438     194     188     16882
439     154     121     1848
440     167     59     13706
441     160     145     285
442     166     187     123
443     20     40     11489
444     51     46     3566
445     150     175     65
446     47     35     18327
447     46     22     2338
448     132     102     20083
449     163     53     279
450     51     115     11182
451     29     142     4408
452     95     75     20323
453     88     1     1313
454     7     46     13628
455     144     189     4205
456     157     158     15212
457     34     156     4926
458     138     197     13932
459     78     161     3370
460     164     16     14483
461     95     23     4079
462     66     39     1729
463     148     118     19867
464     49     11     735
465     77     141     13142
466     48     93     846
467     158     35     1435
468     166     79     11414
469     88     188     3885
470     83     184     13908
471     160     140     1367
472     169     25     18937
473     117     98     3378
474     3     39     16711
475     84     80     987
476     192     105     9518
477     3     163     19905
478     154     17     2368
479     41     74     11512
480     120     24     4900
481     182     36     10085
482     194     65     3361
483     195     15     13794
484     143     144     3919
485     191     44     5091
486     76     31     13038
487     38     81     1576
488     188     75     63
489     70     199     1464
490     26     184     19203
491     101     94     3671
492     23     153     13606
493     148     56     229
494     10     146     1947
495     156     75     14685
496     127     150     2032
497     62     98     13584
498     66     140     4095
499     40     73     18826
500     92     114     2980
