50.014     20398     20120
50.008     20394     20120
50.008     20394     20120
50.014     20398     20120
50.014     20398     20120
50.014     20398     20120
50.014     20398     20120
50.008     20394     20120
50.008     20394     20120
50.014     20398     20120
             
50.006     20046     19212.2
50.004     20111     19212.2
50.004     20111     19212.2
50.006     20046     19212.2
50.006     20111     19212.2
50.006     20111     19212.2
50.006     20046     19212.2
50.004     20111     19212.2
50.004     20111     19212.2
50.006     20111     19212.2
             
50.045     20193     19478.4
50.006     20206     19478.4
50.006     20206     19478.4
50.045     20193     19478.4
50.045     20206     19478.4
50.045     20206     19478.4
50.045     20193     19478.4
50.006     20206     19478.4
50.006     20206     19478.4
50.045     20206     19478.4
             
50.006     20048     19426.8
50.008     19983     19426.8
50.008     19983     19426.8
50.006     20048     19426.8
50.008     20048     19426.8
50.008     20048     19426.8
50.006     20048     19426.8
50.008     19983     19426.8
50.008     19983     19426.8
50.008     20048     19426.8
             
50.007     20309     20303
18.93     20303     20303
18.93     20303     20303
50.007     20309     20303
50.007     20309     20303
50.007     20309     20303
50.007     20309     20303
18.93     20303     20303
18.93     20303     20303
50.007     20309     20303
             
50.006     20369     19691.8
50.004     20350     19691.8
50.004     20350     19691.8
50.006     20369     19691.8
50.006     20369     19691.8
50.006     20369     19691.8
50.006     20369     19691.8
50.004     20350     19691.8
50.004     20350     19691.8
50.006     20369     19691.8
             
50.003     20727     20164
50.003     20735     20164
50.003     20735     20164
50.003     20727     20164
50.003     20735     20164
50.003     20735     20164
50.003     20727     20164
50.003     20735     20164
50.003     20735     20164
50.003     20735     20164
             
50.002     20581     20418
50.014     20593     20418
50.014     20593     20418
50.002     20581     20418
50.014     20593     20418
50.014     20593     20418
50.002     20581     20418
50.014     20593     20418
50.014     20593     20418
50.014     20593     20418
             
50.003     19823     19167
50.013     19848     19167
50.013     19848     19167
50.003     19823     19167
50.013     19848     19167
50.013     19848     19167
50.003     19823     19167
50.013     19848     19167
50.013     19848     19167
50.013     19848     19167
             
50.008     20448     19833.2
50.009     20497     19833.2
50.009     20497     19833.2
50.008     20448     19833.2
50.009     20497     19833.2
50.009     20497     19833.2
50.008     20448     19833.2
50.009     20497     19833.2
50.009     20497     19833.2
50.009     20497     19833.2
             
