50.074     20314     20120
50.174     20291     20120
50.174     20291     20120
50.074     20291     20120
50.174     20256     20120
50.174     20256     20120
50.074     20291     20120
50.174     20291     20120
50.174     20291     20120
50.074     20291     20120
             
50.293     19879     19212.2
50.209     19952     19212.2
50.209     19952     19212.2
50.293     19861     19212.2
50.293     19952     19212.2
50.293     19952     19212.2
50.293     19861     19212.2
50.209     19952     19212.2
50.209     19952     19212.2
50.209     19879     19212.2
             
50.171     20050     19478.4
50.035     20082     19478.4
50.035     20050     19478.4
50.171     20050     19478.4
50.171     20082     19478.4
50.171     20082     19478.4
50.171     20050     19478.4
50.035     20050     19478.4
50.035     20082     19478.4
50.035     20050     19478.4
             
50.064     19928     19426.8
50.104     19894     19426.8
50.104     19894     19426.8
50.064     19928     19426.8
50.104     19894     19426.8
50.104     19894     19426.8
50.064     19928     19426.8
50.104     19894     19426.8
50.104     19894     19426.8
50.064     19894     19426.8
             
3.046     20303     20303
4.23     20303     20303
4.23     20303     20303
3.046     20303     20303
4.23     20303     20303
4.23     20303     20303
3.046     20303     20303
4.23     20303     20303
4.23     20303     20303
3.046     20303     20303
             
50.069     20341     19691.8
50.093     20358     19691.8
50.093     20354     19691.8
50.069     20341     19691.8
50.093     20322     19691.8
50.093     20322     19691.8
50.069     20341     19691.8
50.093     20354     19691.8
50.093     20358     19691.8
50.069     20341     19691.8
             
50.340     20580     20164
50.342     20596     20164
50.342     20580     20164
50.340     20580     20164
50.342     20596     20164
50.342     20596     20164
50.340     20580     20164
50.342     20580     20164
50.342     20596     20164
50.340     20580     20164
             
50.209     20509     20418
50.093     20527     20418
50.093     20527     20418
50.209     20509     20418
50.209     20509     20418
50.209     20509     20418
50.209     20509     20418
50.093     20527     20418
50.093     20527     20418
50.093     20509     20418
             
50.031     19768     19167
50.117     19736     19167
50.117     19736     19167
50.031     19768     19167
50.117     19736     19167
50.117     19736     19167
50.031     19768     19167
50.117     19736     19167
50.117     19736     19167
50.031     19736     19167
             
50.036     20471     19833.2
50.028     20396     19833.2
50.028     20396     19833.2
50.036     20396     19833.2
50.036     20396     19833.2
50.036     20396     19833.2
50.036     20396     19833.2
50.028     20396     19833.2
50.028     20396     19833.2
50.028     20396     19833.2
             
