1       10        6        2
2       14        3       15
3        4        7       22
4        3        3       14
5        6        3       20
6       12        3       18
7        5        4       17
8        3        2       23
9       12        1       20
10       12        3       15
11        8        1        7
12        9        9       22
13        7        3       11
14        4        1       18
15       14        9       20
16        3        5       12
17       11        6       14
18        7        7       23
19        8        8       16
20       11        3        9
21        7        1       22
22       11        7        2
23        5        7        3
24        5        4       26
25        5        6        1
26        8        7        8
27       13        8        4
28        5        8       20
29       14        9       12
30       10        1       13
31        7        7        8
32       10        5        0
33        3        5       18
34       11        7       13
35        9        7        1
36        7        5        5
37        7        6        8
38        6        8       20
39       11        4        2
40        4        4        7
41       12        8       23
42        4        6       17
43       12        4        9
44       14        3        5
45       10        7       14
46        4        4       18
47        8        1       10
48        6        6       21
49        4        4       25
50       11        9       26
51        4        8        9
52        8        7       22
53       10        8       12
54        4        3       27
55        9        5       15
56       11        2        3
57       14        8       24
58        3        5       23
59        4        5        1
60       13        6       14
61        5        8       26
62        8        1        1
63       14        9       18
64       12        9        8
65       15        6        6
66        9        3        3
67        6        9       10
68       14        4        3
69        7        1       15
70       15        8       26
71        8        6       18
72        7        6        0
73       11        7        8
74       13        3       12
75       10        8        6
76        8        1       25
77        8        2       10
78       12        4        9
79        4        5       17
80        8        1       10
81       12        1       23
82        9        7       21
83        6        1       23
84        3        1       20
85       15        5       10
86        3        9       13
87       13        7       25
88        8        2       17
89        5        3       16
90       14        8       12
91       11        5       21
92       10        1        3
93       11        3       11
94        5        6        0
95        3        4       12
96       11        2        3
97       12        4       24
98       12        8       21
99        7        1       16
100       15        3        9
