1     28     101     647
2     27     180     1811
3     21     120     573
4     3     13     2442
5     55     129     552
6     41     42     1129
7     97     50     1497
8     43     173     602
9     92     179     1696
10     16     139     8
11     78     153     834
12     56     58     842
13     72     184     2050
14     89     94     584
15     8     3     507
16     53     44     1945
17     45     73     309
18     35     191     530
19     59     129     1210
20     2     37     1022
21     80     178     770
22     16     149     50
23     5     108     1912
24     35     93     245
25     33     19     814
26     70     191     1503
27     81     168     298
28     60     79     1445
29     31     105     553
30     41     105     262
31     16     42     1325
32     42     85     411
33     84     183     1996
34     8     69     150
35     45     68     2099
36     90     27     497
37     77     23     448
38     82     191     1609
39     75     9     505
40     80     178     1035
41     88     141     341
42     92     12     2166
43     38     142     543
44     60     190     1014
45     66     124     700
46     98     123     841
47     64     22     1966
48     76     113     556
49     55     4     420
50     22     150     2297
51     37     105     142
52     4     57     923
53     7     118     1156
54     4     26     1565
55     22     105     521
56     59     85     1908
57     88     181     390
58     24     122     2111
59     76     111     483
60     95     74     1300
61     69     109     182
62     56     37     1726
63     8     133     486
64     62     29     635
65     22     186     550
66     21     24     2000
67     89     17     604
68     26     82     352
69     98     192     1407
70     9     158     527
71     59     43     497
72     59     156     931
73     86     18     1792
74     36     183     301
75     81     68     58
76     16     192     2383
77     49     158     488
78     62     58     163
79     73     107     336
80     2     184     752
81     31     42     1515
82     70     122     464
83     64     79     1371
84     79     13     94
85     44     34     1732
86     44     155     292
87     95     193     2366
88     75     198     426
89     72     2     441
90     52     45     832
91     53     156     1293
92     45     62     203
93     68     148     2406
94     37     72     341
95     27     54     634
96     32     114     1247
97     63     58     599
98     60     161     2317
99     44     135     607
100     87     148     1556
101     26     157     418
102     48     49     1684
103     7     37     463
104     57     44     70
105     3     98     1901
106     27     94     16
107     25     176     1057
108     57     181     1156
109     37     189     960
110     80     158     2373
111     16     75     218
112     12     191     2263
113     91     190     284
114     48     36     170
115     98     58     214
116     23     80     177
117     15     79     1183
118     33     114     327
119     1     112     56
120     69     116     2260
121     91     121     110
122     12     197     1163
123     98     15     2232
124     48     65     390
125     45     106     302
126     24     199     122
127     39     188     672
128     65     107     1534
129     22     173     452
130     43     116     80
131     19     95     52
132     42     52     1624
133     22     3     322
134     60     13     2167
135     50     161     460
136     26     60     424
137     94     61     280
138     8     64     1777
139     85     152     428
140     41     171     999
141     79     192     2047
142     31     74     592
143     94     120     1873
144     5     147     290
145     82     21     770
146     20     70     394
147     49     39     518
148     12     77     308
149     97     21     1017
150     25     109     1447
151     18     14     112
152     97     15     1015
153     92     180     1359
154     12     54     164
155     37     188     879
156     7     5     11
157     89     89     2225
158     31     50     329
159     18     105     2061
160     41     34     502
161     76     117     1668
162     78     198     601
163     72     110     1790
164     93     127     339
165     6     84     1089
166     38     169     821
167     24     59     1889
168     86     178     500
169     86     49     1752
170     37     182     293
171     67     128     630
172     9     31     1260
173     77     163     508
174     77     72     2214
175     72     31     373
176     88     120     1971
177     92     84     238
178     43     98     2005
179     17     103     395
180     24     87     103
181     82     30     1424
182     56     50     556
183     22     124     1728
184     46     78     328
185     35     25     734
186     28     194     16
187     28     152     651
188     5     2     2289
189     90     161     157
190     2     117     1957
191     86     14     444
192     8     6     1193
193     47     132     1160
194     68     29     2195
195     15     93     306
196     62     132     2344
197     4     63     115
198     36     40     1306
199     26     59     305
200     93     19     852
201     16     152     521
202     17     138     273
203     18     161     156
204     1     7     190
205     93     158     1890
206     44     189     332
207     18     45     432
208     4     198     2387
209     93     165     300
210     68     162     1592
211     69     90     138
212     54     113     937
213     24     124     113
214     56     119     1350
215     18     123     529
216     43     94     703
217     86     3     646
218     89     17     1121
219     5     198     1407
220     69     124     245
221     68     73     840
222     84     62     536
223     76     145     1754
224     70     97     497
225     86     20     2192
226     55     80     449
227     15     36     380
228     12     98     284
229     28     45     2186
230     70     51     183
231     64     94     937
232     19     4     722
233     73     82     1398
234     73     144     495
235     20     19     205
236     82     96     175
237     96     197     2413
238     36     98     34
239     92     46     2
240     72     11     376
241     42     111     2082
242     97     125     40
243     4     98     1803
244     89     56     482
245     32     31     2207
246     7     136     163
247     29     160     2201
248     50     131     162
249     93     116     517
250     81     44     1208
251     55     181     1320
252     53     92     317
253     2     165     1673
254     50     52     229
255     42     118     1381
256     35     66     360
257     38     168     1113
258     30     136     2273
259     77     154     43
260     76     130     478
261     24     29     2330
262     95     8     535
263     95     125     18
264     8     121     1668
265     12     39     418
266     21     48     1532
267     74     130     283
268     92     80     2387
269     67     117     131
270     85     106     1961
271     37     61     315
272     13     47     74
273     16     195     856
274     94     32     1552
275     22     25     475
276     66     196     1052
277     13     193     2094
278     49     128     19
279     37     87     799
280     4     179     2075
281     8     50     70
282     94     3     532
283     26     9     1885
284     25     107     452
285     43     125     1386
286     64     49     461
287     99     118     1234
288     96     52     612
289     54     180     1053
290     42     150     1623
291     95     125     133
292     65     106     455
293     80     31     928
294     40     35     2252
295     5     38     149
296     93     156     1043
297     98     148     1294
298     84     93     486
299     83     112     542
300     84     57     1910
301     95     165     216
302     43     92     2115
303     24     137     22
304     23     81     1022
305     41     98     708
306     52     91     1300
307     55     188     537
308     44     38     1190
309     40     112     1537
310     70     92     342
311     38     172     1757
312     64     190     543
313     49     122     1778
314     58     94     470
315     91     52     1781
316     48     71     292
317     27     74     309
318     50     95     446
319     74     65     184
320     86     169     1396
321     39     125     27
322     66     47     1844
323     92     53     65
324     8     146     431
325     63     166     427
326     47     185     1381
327     85     15     280
328     25     108     2350
329     43     164     328
330     25     30     889
331     90     178     1025
332     91     166     1939
333     57     20     576
334     34     81     2035
335     31     95     108
336     70     187     1823
337     24     172     541
338     43     144     949
339     5     91     253
340     56     168     989
341     72     113     1355
342     83     128     569
343     58     157     2161
344     35     149     39
345     2     86     2201
346     98     58     23
347     69     27     1493
348     84     136     311
349     37     59     1751
350     41     60     563
351     2     124     1228
352     63     108     301
353     54     29     252
354     75     137     138
355     4     119     2282
356     90     192     287
357     35     58     968
358     74     5     590
359     95     15     2280
360     97     79     86
361     93     22     18
362     48     176     1390
363     11     194     264
364     5     80     636
365     80     76     2208
366     59     157     223
367     50     74     1363
368     9     98     455
369     91     159     2136
370     65     173     166
371     84     175     977
372     46     144     646
373     78     73     2007
374     6     68     322
375     12     156     760
376     99     114     1186
377     11     57     48
378     56     18     1257
379     7     158     443
380     31     165     1000
381     19     120     809
382     55     196     2402
383     2     176     327
384     41     180     756
385     42     17     987
386     14     74     1215
387     49     181     184
388     77     159     989
389     22     7     1548
390     29     23     297
391     45     70     2043
392     58     142     556
393     43     37     271
394     80     16     1180
395     21     114     1214
396     4     27     1880
397     31     149     383
398     41     183     709
399     16     19     1510
400     63     51     19
401     91     137     1665
402     38     30     120
403     88     128     2280
404     24     186     552
405     40     192     14
406     62     54     1273
407     44     80     485
408     1     168     1616
409     46     135     589
410     15     192     1822
411     72     191     276
412     82     111     1766
413     19     30     416
414     54     5     1950
415     53     23     192
416     8     46     1511
417     75     84     172
418     7     72     993
419     96     95     2227
420     22     165     146
421     16     148     898
422     81     35     368
423     43     65     438
424     61     22     263
425     83     103     749
426     3     156     2011
427     7     44     129
428     87     138     927
429     40     50     2035
430     51     58     208
431     12     45     326
432     76     191     2063
433     2     39     536
434     37     109     1034
435     60     120     949
436     23     143     339
437     67     198     1457
438     54     198     504
439     93     126     2095
440     43     131     52
441     25     187     1931
442     48     130     517
443     91     175     1604
444     25     39     565
445     3     14     985
446     88     116     712
447     64     88     1695
448     23     51     109
449     40     148     1185
450     14     172     956
451     63     21     405
452     96     199     1764
453     25     73     43
454     14     108     1070
455     67     65     1736
456     41     189     347
457     26     41     1874
458     29     65     451
459     85     138     726
460     55     177     63
461     54     120     2279
462     78     165     347
463     41     16     466
464     88     17     926
465     52     78     1151
466     12     48     2386
467     2     196     21
468     80     66     2457
469     51     42     52
470     79     6     949
471     52     184     1728
472     6     11     225
473     40     60     1010
474     14     109     1362
475     24     45     67
476     77     91     1081
477     13     22     752
478     58     3     493
479     45     172     713
480     99     169     2257
481     49     59     339
482     38     53     11
483     44     81     1854
484     1     138     188
485     36     157     283
486     21     21     1950
487     2     90     173
488     55     52     1170
489     31     140     2271
490     63     178     37
491     94     195     588
492     12     33     125
493     47     67     781
494     77     71     2017
495     6     33     72
496     59     177     618
497     2     13     588
498     58     163     1785
499     49     15     206
500     82     13     2447
