1.56     636     636
2.579     636     636
2.579     636     636
1.56     636     636
2.579     636     636
2.579     636     636
1.56     636     636
2.579     636     636
2.579     636     636
2.579     636     636
             
10.324     637     595
10.193     634     595
10.193     640     595
10.324     637     595
10.324     637     595
10.324     637     595
10.324     637     595
10.193     640     595
10.193     634     595
10.324     637     595
             
2.382     606     606
1.726     606     606
1.726     606     606
2.382     606     606
2.382     606     606
2.382     606     606
2.382     606     606
1.726     606     606
1.726     606     606
2.382     606     606
             
1.986     666     666
1.236     666     666
1.236     666     666
1.986     666     666
1.986     666     666
1.986     666     666
1.986     666     666
1.236     666     666
1.236     666     666
1.986     666     666
             
1.578     677     677
1.329     677     677
1.329     677     677
1.578     677     677
1.578     677     677
1.578     677     677
1.578     677     677
1.329     677     677
1.329     677     677
1.578     677     677
             
2.039     661     661
1.17     661     661
1.17     661     661
2.039     661     661
2.039     661     661
2.039     661     661
2.039     661     661
1.17     661     661
1.17     661     661
2.039     661     661
             
1.148     668     668
3.694     668     668
3.694     668     668
1.148     668     668
3.694     668     668
3.694     668     668
1.148     668     668
3.694     668     668
3.694     668     668
3.694     668     668
             
1.561     643     643
0.658     643     643
0.658     643     643
1.561     643     643
1.561     643     643
1.561     643     643
1.561     643     643
0.658     643     643
0.658     643     643
1.561     643     643
             
10.997     575     558
10.333     586     558
10.333     586     558
10.997     586     558
10.997     586     558
10.997     586     558
10.997     586     558
10.333     586     558
10.333     586     558
10.997     586     558
             
2.005     677     677
1.771     677     677
1.771     677     677
2.005     677     677
2.005     677     677
2.005     677     677
2.005     677     677
1.771     677     677
1.771     677     677
2.005     677     677
             
