1     62     166     3683
2     11     153     1315
3     95     132     2647
4     30     6     2602
5     88     168     697
6     93     110     3737
7     90     61     348
8     66     130     422
9     47     33     5696
10     8     12     1013
11     84     112     5341
12     47     167     23
13     99     92     1469
14     16     24     3477
15     65     34     607
16     63     167     1098
17     57     197     2526
18     58     168     1116
19     79     9     2477
20     32     130     2337
21     13     41     1400
22     56     38     5080
23     38     117     433
24     77     82     3354
25     52     183     74
26     80     122     4849
27     60     135     685
28     37     24     2955
29     80     100     5087
30     90     114     1525
31     31     180     3904
32     82     101     149
33     86     88     2824
34     66     1     3653
35     3     116     971
36     75     13     5651
37     51     198     1396
38     88     8     3040
39     74     100     1587
40     21     11     120
41     88     136     4717
42     3     19     1373
43     62     6     1459
44     80     110     1114
45     24     91     5867
46     59     159     1485
47     50     182     814
48     5     53     1206
49     67     21     4705
50     84     181     109
51     59     20     1784
52     54     76     1332
53     16     5     1761
54     55     125     4716
55     37     186     567
56     10     24     3249
57     6     28     287
58     45     128     5025
59     66     1     1041
60     22     146     1660
61     29     39     1911
62     71     97     5820
63     31     95     454
64     19     80     2767
65     85     33     2592
66     33     72     1422
67     94     101     3438
68     99     89     1336
69     36     45     2092
70     6     169     1804
71     68     195     4508
72     8     157     665
73     75     61     4388
74     5     22     1106
75     57     153     4496
76     15     151     106
77     32     191     5171
78     5     165     429
79     35     4     2414
80     23     17     4275
81     69     185     403
82     95     24     143
83     42     114     1122
84     79     174     3468
85     19     56     600
86     45     37     5815
87     65     50     1306
88     41     191     1538
89     71     65     3400
90     57     22     559
91     33     123     825
92     79     87     3340
93     7     114     522
94     21     186     1006
95     38     63     874
96     83     154     5250
97     42     91     496
98     9     130     49
99     96     99     4211
100     38     175     220
101     78     142     3702
102     2     92     177
103     47     157     4792
104     29     109     1038
105     69     85     2543
106     20     144     4174
107     23     176     686
108     43     117     4741
109     78     49     616
110     76     126     4795
111     14     183     567
112     84     16     945
113     69     179     4187
114     95     95     1145
115     52     159     1135
116     18     8     1101
117     7     79     5723
118     96     178     1463
119     2     148     2866
120     21     5     919
121     49     91     4804
122     5     21     1113
123     23     53     1217
124     19     76     3233
125     53     154     46
126     64     179     3781
127     5     56     1159
128     4     15     4783
129     10     124     652
130     4     73     1218
131     80     96     2654
132     64     83     2946
133     47     99     278
134     27     96     339
135     41     112     3658
136     1     117     570
137     67     15     5860
138     2     21     1285
139     20     69     2491
140     3     105     2690
141     67     42     4421
142     52     54     221
143     33     157     431
144     1     24     39
145     92     73     5389
146     71     97     68
147     71     67     4
148     88     138     3559
149     49     56     1145
150     73     188     3842
151     72     32     1174
152     23     56     1993
153     38     161     2419
154     33     178     4043
155     43     30     574
156     73     83     3290
157     1     71     584
158     17     99     2716
159     40     30     5480
160     5     113     95
161     88     5     1855
162     61     198     3508
163     42     48     1229
164     80     131     3536
165     53     118     1376
166     50     70     4919
167     58     178     845
168     58     26     4198
169     56     135     1253
170     28     20     3163
171     31     78     449
172     51     91     795
173     69     128     443
174     89     37     3618
175     32     43     385
176     94     3     2902
177     21     166     2152
178     10     91     946
179     1     18     3676
180     95     8     1480
181     42     66     5578
182     6     91     536
183     92     11     3143
184     24     110     630
185     31     190     4064
186     44     174     393
187     31     78     751
188     41     172     2016
189     29     180     2634
190     41     10     4369
191     59     164     576
192     45     54     2027
193     43     81     540
194     61     152     3352
195     44     194     510
196     46     68     2787
197     56     40     5845
198     27     11     121
199     25     159     57
200     4     181     4958
201     98     78     953
202     39     131     4999
203     87     140     231
204     49     47     3756
205     98     24     621
206     67     9     4630
207     59     191     655
208     56     89     5514
209     40     150     1046
210     94     126     4663
211     97     141     511
212     57     147     3629
213     77     85     186
214     44     141     1737
215     65     168     3668
216     38     24     1166
217     83     175     1315
218     29     96     4360
219     71     186     368
220     91     198     5539
221     42     103     821
222     85     79     4781
223     36     166     1249
224     55     13     3043
225     39     21     4925
226     98     176     216
227     96     47     2885
228     4     45     3596
229     62     122     602
230     88     93     2057
231     54     25     1617
232     84     177     92
233     82     76     5512
234     34     193     288
235     13     158     4405
236     60     149     1444
237     9     104     2606
238     60     65     5006
239     35     20     431
240     39     52     3191
241     40     102     35
242     57     91     580
243     7     187     3978
244     76     171     1087
245     40     58     1667
246     29     97     1794
247     90     53     2479
248     30     32     2897
249     97     99     4449
250     82     9     1063
251     44     27     531
252     67     53     1062
253     12     14     2026
254     3     36     2572
255     54     23     3975
256     88     162     191
257     6     59     4854
258     27     162     465
259     16     27     1364
260     90     81     4000
261     86     174     1258
262     1     44     1017
263     50     16     4775
264     36     13     608
265     46     85     940
266     61     113     2518
267     50     14     3387
268     18     78     1020
269     55     102     684
270     55     65     2223
271     54     130     2444
272     8     133     2932
273     57     182     4341
274     30     111     940
275     33     26     2946
276     29     54     2981
277     42     22     4748
278     64     154     1242
279     79     6     3682
280     12     108     350
281     64     57     1468
282     74     31     5530
283     52     51     1275
284     74     29     2200
285     99     11     2806
286     61     114     3593
287     81     176     1343
288     48     191     4427
289     74     145     1005
290     77     103     5185
291     44     28     629
292     74     199     3599
293     33     115     326
294     39     124     2345
295     41     165     4412
296     45     188     1452
297     64     174     4536
298     39     192     223
299     14     53     5884
300     42     160     1166
301     83     146     5743
302     78     51     533
303     13     129     1962
304     12     160     1318
305     54     106     5552
306     50     55     449
307     25     40     4731
308     58     114     681
309     1     22     5113
310     75     123     893
311     31     199     5545
312     59     173     1443
313     53     134     3890
314     79     66     979
315     15     49     3139
316     64     109     468
317     23     2     1680
318     77     188     1018
319     28     174     5473
320     9     166     365
321     99     48     3758
322     80     55     742
323     12     193     1331
324     41     141     1233
325     49     44     2353
326     47     7     4141
327     36     109     1149
328     47     100     3853
329     84     7     612
330     66     157     1456
331     10     89     1567
332     91     30     4515
333     80     193     1189
334     83     95     5700
335     52     52     1275
336     12     88     4408
337     97     46     1107
338     44     161     4202
339     72     112     277
340     62     107     148
341     36     121     2854
342     90     185     3120
343     34     184     993
344     94     142     6052
345     42     111     42
346     56     153     4409
347     42     97     392
348     39     38     3520
349     85     144     434
350     64     71     3964
351     75     150     1122
352     72     15     3277
353     87     48     106
354     9     120     2991
355     77     78     1256
356     14     22     6082
357     75     8     816
358     2     146     1057
359     17     126     4011
360     8     123     549
361     41     141     2956
362     45     143     4203
363     82     195     1304
364     1     51     2865
365     40     130     1567
366     27     35     4991
367     26     117     1188
368     81     12     6000
369     33     44     269
370     44     65     5013
371     95     107     647
372     2     27     23
373     92     69     5384
374     68     40     797
375     26     82     5158
376     45     78     258
377     19     27     3338
378     37     21     1348
379     59     156     3284
380     59     72     477
381     44     83     3902
382     93     58     591
383     73     123     850
384     62     8     822
385     74     124     3571
386     68     131     1017
387     8     175     926
388     56     111     2598
389     11     122     499
390     75     195     3301
391     17     47     1305
392     95     187     4760
393     4     107     1177
394     2     88     1865
395     85     177     255
396     32     168     4048
397     15     69     1231
398     86     81     2017
399     20     74     5132
400     71     70     330
401     64     193     1505
402     23     180     4368
403     6     109     893
404     36     156     6057
405     36     61     541
406     99     128     3557
407     5     130     659
408     79     11     1502
409     58     116     89
410     43     130     1054
411     72     179     5325
412     76     90     1378
413     25     151     3626
414     26     138     74
415     93     171     5492
416     84     14     263
417     33     11     2838
418     62     9     2519
419     42     135     1833
420     2     199     5278
421     25     31     1029
422     41     23     353
423     89     125     4301
424     51     150     193
425     47     168     2767
426     15     135     1188
427     2     170     2351
428     55     64     1031
429     3     76     5456
430     91     60     969
431     87     155     4350
432     24     33     1216
433     15     83     5299
434     65     44     718
435     3     53     5926
436     5     7     388
437     99     189     4390
438     39     183     75
439     41     145     194
440     25     52     1398
441     97     199     3366
442     90     35     1045
443     83     70     2543
444     61     96     5258
445     29     179     403
446     32     81     1880
447     3     105     4230
448     89     83     928
449     37     90     2802
450     47     22     3615
451     22     158     70
452     98     78     1815
453     37     111     708
454     10     156     1602
455     8     88     2767
456     12     142     2175
457     31     26     4929
458     99     54     1302
459     70     180     1403
460     89     132     4018
461     99     135     651
462     16     156     2879
463     41     95     4035
464     57     120     1293
465     37     128     2482
466     59     37     2850
467     17     31     3620
468     49     49     1304
469     62     158     730
470     14     177     618
471     47     33     586
472     91     159     3213
473     20     68     1240
474     90     189     2754
475     26     16     1148
476     77     116     1551
477     8     147     4884
478     58     17     128
479     23     134     870
480     37     25     2997
481     71     90     3513
482     5     168     1153
483     83     66     2139
484     43     65     5082
485     57     111     1091
486     17     129     3025
487     9     152     2899
488     98     192     4384
489     23     45     587
490     83     106     4328
491     36     64     450
492     76     123     904
493     83     73     5609
494     59     82     1210
495     25     112     4876
496     78     97     1171
497     57     190     5100
498     44     191     720
499     1     36     5372
500     39     75     945
