50.080     50133     49217
50.102     50133     49217
50.102     50133     49217
50.080     50133     49217
50.102     50133     49217
50.102     50133     49217
50.080     50133     49217
50.102     50033     49217
50.102     50133     49217
50.102     50133     49217
             
50.097     51994     50457.5
50.025     51904     50457.5
50.025     51904     50457.5
50.097     51994     50457.5
50.097     51994     50457.5
50.097     51994     50457.5
50.097     51994     50457.5
50.025     51904     50457.5
50.025     51904     50457.5
50.097     51994     50457.5
             
50.050     51922     50806
50.030     51922     50806
50.030     51902     50806
50.050     51922     50806
50.050     51922     50806
50.050     51922     50806
50.050     51922     50806
50.030     51922     50806
50.030     51922     50806
50.050     51922     50806
             
50.080     51108     49701
50.054     51108     49701
50.054     51108     49701
50.080     51108     49701
50.080     51108     49701
50.080     51108     49701
50.080     51108     49701
50.054     51108     49701
50.054     51017     49701
50.080     51108     49701
             
50.075     51709     50512
50.047     51612     50512
50.047     51612     50512
50.075     51709     50512
50.075     51709     50512
50.075     51709     50512
50.075     51709     50512
50.047     51612     50512
50.047     51612     50512
50.075     51709     50512
             
50.052     51075     49675
50.109     50770     49675
50.109     51077     49675
50.052     51075     49675
50.109     51077     49675
50.109     51077     49675
50.052     51075     49675
50.109     51077     49675
50.109     51077     49675
50.109     51077     49675
             
50.041     51256     49738
50.011     51056     49738
50.011     51056     49738
50.041     51256     49738
50.041     51256     49738
50.041     51256     49738
50.041     51256     49738
50.011     51056     49738
50.011     51056     49738
50.041     51256     49738
             
50.028     50418     49521
35     50418     49521
35     50418     49521
50.028     50418     49521
50.028     50418     49521
50.028     50418     49521
50.028     50418     49521
35     50418     49521
35     50418     49521
50.028     50418     49521
             
50.100     49750     49043.5
35     50046     49043.5
35     50046     49043.5
50.100     49750     49043.5
50.100     50046     49043.5
50.100     50046     49043.5
50.100     49750     49043.5
35     50046     49043.5
35     50046     49043.5
50.100     50046     49043.5
             
50.060     52524     51031
50.049     52624     51031
50.049     52624     51031
50.060     52524     51031
50.060     52624     51031
50.060     52624     51031
50.060     52524     51031
50.049     52624     51031
50.049     52624     51031
50.060     52624     51031
             
