1     41     42     362
2     4     23     277
3     9     26     521
4     20     34     165
5     15     35     260
6     48     7     499
7     1     36     73
8     44     33     442
9     7     20     70
10     30     3     524
11     36     12     33
12     42     3     676
13     45     8     119
14     3     45     635
15     15     44     27
16     25     11     417
17     39     35     188
18     36     31     343
19     10     15     105
20     31     24     356
21     36     35     23
22     5     22     148
23     39     13     338
24     17     11     378
25     27     48     132
26     41     45     433
27     32     16     85
28     28     30     287
29     29     48     695
30     43     33     4
31     2     9     424
32     30     12     78
33     13     38     565
34     37     48     103
35     16     5     298
36     13     44     549
37     18     41     49
38     7     11     720
39     38     3     92
40     48     31     540
41     13     16     7
42     16     43     159
43     28     22     203
44     41     7     68
45     2     47     743
46     17     5     45
47     42     4     517
48     40     20     47
49     13     45     56
50     18     47     584
51     47     17     180
52     6     10     166
53     38     5     634
54     7     14     68
55     5     40     533
56     36     49     148
57     46     49     216
58     24     49     514
59     5     46     22
60     20     23     381
61     32     22     763
62     33     23     167
63     23     41     615
64     36     19     33
65     4     32     284
66     24     1     581
67     12     23     92
68     18     3     188
69     33     2     486
70     4     30     126
71     42     42     697
72     44     32     22
73     43     7     589
74     32     22     141
75     9     23     179
76     7     14     93
77     4     9     364
78     13     49     356
79     22     37     537
80     38     9     113
81     38     26     652
82     11     44     97
83     43     41     304
84     20     13     299
85     14     28     439
86     14     33     90
87     15     9     556
88     34     29     170
89     23     24     492
90     48     16     44
91     9     29     247
92     49     18     286
93     47     28     438
94     11     33     49
95     25     17     352
96     29     27     760
97     16     7     168
98     40     43     444
99     8     10     34
100     4     35     369
101     13     47     117
102     14     30     482
103     28     44     29
104     7     36     627
105     8     30     121
106     32     15     358
107     48     6     337
108     34     36     221
109     5     11     594
110     19     40     136
111     24     2     382
112     45     39     718
113     34     48     125
114     49     1     53
115     44     5     440
116     32     46     192
117     20     39     602
118     32     13     93
119     7     16     478
120     29     39     83
121     9     37     650
122     5     15     32
123     14     21     672
124     41     9     50
125     15     25     65
126     44     27     139
127     41     31     592
128     45     44     100
129     12     28     211
130     33     16     387
131     13     16     159
132     26     28     627
133     40     33     7
134     7     32     502
135     42     40     91
136     14     23     608
137     47     14     141
138     41     5     297
139     10     5     712
140     35     16     49
141     8     22     231
142     19     19     169
143     19     41     762
144     33     8     34
145     17     15     299
146     10     27     217
147     39     17     372
148     23     36     738
149     40     5     192
150     14     13     77
151     9     2     498
152     46     22     134
153     13     40     735
154     38     44     178
155     40     44     89
156     49     19     283
157     2     26     459
158     29     27     145
159     7     28     415
160     9     34     8
161     38     41     432
162     33     16     13
163     7     44     757
164     40     38     78
165     34     9     438
166     48     8     1
167     3     36     686
168     38     1     11
169     25     27     402
170     48     13     21
171     44     41     477
172     22     42     67
173     3     16     761
174     33     35     143
175     22     28     170
176     27     19     124
177     27     36     309
178     3     36     466
179     33     14     102
180     47     32     628
181     47     2     31
182     32     18     624
183     14     48     137
184     38     23     341
185     20     17     654
186     26     45     68
187     38     40     172
188     36     26     2
189     3     11     500
190     16     4     111
191     45     11     178
192     15     35     540
193     26     21     147
194     9     23     480
195     33     27     190
196     17     31     621
197     20     8     89
198     38     46     614
199     10     6     133
200     6     6     584
201     37     10     70
202     44     1     391
203     14     4     145
204     37     26     729
205     8     42     164
206     8     1     677
207     13     17     1
208     41     7     226
209     15     10     275
210     38     18     505
211     26     19     174
212     40     27     564
213     44     4     113
214     16     20     213
215     41     44     657
216     36     26     118
217     10     21     479
218     46     21     3
219     20     26     6
220     42     3     719
221     2     24     139
222     48     44     422
223     13     3     38
224     23     30     320
225     17     22     618
226     5     25     169
227     23     20     415
228     34     13     155
229     39     11     83
230     46     16     264
231     3     36     126
232     46     28     623
233     14     26     49
234     19     21     263
235     34     12     448
236     42     32     87
237     37     45     122
238     29     3     716
239     40     6     76
240     23     37     696
241     37     15     32
242     39     3     385
243     33     28     24
244     7     6     98
245     18     38     576
246     49     14     28
247     11     19     730
248     3     42     175
249     39     28     15
250     2     14     405
251     43     26     173
252     3     8     617
253     11     7     124
254     5     27     303
255     44     33     89
256     26     41     82
257     39     16     252
258     2     6     259
259     13     24     656
260     12     22     151
261     27     41     331
262     38     48     680
263     24     34     141
264     21     18     329
265     8     49     105
266     36     33     434
267     31     11     13
268     35     2     74
269     11     20     584
270     35     7     94
271     32     16     467
272     47     5     82
273     37     47     89
274     12     23     274
275     19     44     358
276     13     42     268
277     33     44     514
278     3     38     109
279     15     34     693
280     31     33     2
281     32     42     645
282     29     40     163
283     30     5     291
284     35     6     679
285     5     3     69
286     37     31     644
287     12     44     125
288     48     37     191
289     21     28     674
290     26     9     180
291     30     22     183
292     29     32     91
293     49     18     659
294     15     35     136
295     47     11     422
296     11     29     83
297     35     24     578
298     17     23     136
299     32     24     644
300     20     34     145
301     11     36     435
302     16     3     62
303     6     4     555
304     7     38     40
305     24     21     622
306     5     35     162
307     48     11     230
308     48     3     130
309     24     28     83
310     17     7     469
311     4     9     50
312     18     1     231
313     29     41     557
314     37     11     12
315     17     49     167
316     43     45     738
317     1     43     136
318     6     9     362
319     42     34     176
320     5     45     663
321     29     10     103
322     35     2     93
323     6     18     274
324     12     13     181
325     13     30     180
326     48     14     219
327     16     39     511
328     44     9     122
329     8     18     162
330     8     5     568
331     14     29     124
332     21     37     696
333     3     34     162
334     5     17     639
335     30     38     109
336     42     35     410
337     26     32     161
338     1     31     457
339     26     40     148
340     43     19     99
341     19     9     641
342     10     24     77
343     22     21     466
344     43     29     142
345     10     39     419
346     9     7     167
347     38     10     181
348     1     33     685
349     49     43     157
350     28     3     559
351     19     36     4
352     38     34     186
353     49     46     456
354     36     39     125
355     42     12     261
356     5     44     193
357     4     46     563
358     31     44     47
359     8     34     705
360     29     17     84
361     22     3     408
362     16     15     32
363     41     14     261
364     20     24     703
365     27     13     129
366     47     47     148
367     3     7     574
368     19     45     123
369     4     31     560
370     4     33     126
371     8     48     14
372     35     17     542
373     13     1     124
374     48     46     316
375     14     25     282
376     15     45     662
377     28     10     140
378     46     28     349
379     32     10     274
380     42     27     27
381     43     7     665
382     20     45     145
383     21     16     674
384     25     34     150
385     13     38     473
386     42     33     44
387     11     31     386
388     13     8     88
389     48     19     448
390     11     42     30
391     33     20     485
392     5     11     135
393     11     16     738
394     23     44     7
395     46     43     18
396     28     27     73
397     7     21     342
398     42     44     228
399     35     49     200
400     29     8     68
401     12     41     438
402     12     39     9
403     12     33     634
404     22     33     16
405     23     6     500
406     12     4     58
407     20     18     657
408     26     43     166
409     11     27     262
410     27     43     91
411     14     14     381
412     4     30     388
413     40     35     18
414     26     33     46
415     4     36     32
416     20     1     725
417     34     32     94
418     22     42     750
419     14     10     142
420     27     5     482
421     5     1     50
422     3     48     504
423     20     47     88
424     13     33     338
425     8     48     86
426     29     5     605
427     2     6     187
428     38     9     303
429     19     44     43
430     25     1     650
431     24     8     179
432     13     26     159
433     34     45     440
434     42     40     43
435     26     2     239
436     38     40     121
437     44     44     253
438     3     30     629
439     41     9     28
440     42     20     163
441     32     44     239
442     41     16     300
443     5     27     698
444     31     46     14
445     31     15     356
446     44     22     326
447     18     10     103
448     17     29     214
449     37     16     416
450     42     36     99
451     11     33     261
452     23     25     1
453     11     21     474
454     17     25     111
455     24     1     363
456     1     3     404
457     26     19     179
458     18     34     747
459     12     44     102
460     35     49     518
461     35     10     117
462     33     28     693
463     19     23     38
464     37     36     763
465     2     36     180
466     10     48     115
467     32     29     118
468     1     3     172
469     13     17     271
470     30     26     399
471     11     47     99
472     19     3     44
473     25     29     459
474     5     35     78
475     22     19     460
476     19     34     168
477     35     24     348
478     16     9     332
479     18     9     617
480     17     8     56
481     7     7     644
482     1     45     88
483     43     2     484
484     28     8     174
485     28     15     609
486     24     8     111
487     11     4     213
488     14     14     51
489     24     16     23
490     31     32     182
491     39     6     486
492     20     9     145
493     32     17     430
494     47     43     83
495     39     39     734
496     34     27     73
497     17     31     529
498     48     41     139
499     43     17     86
500     15     28     615
