1     45     12     289
2     9     19     70
3     24     34     171
4     5     8     30
5     36     35     88
6     40     16     102
7     38     37     285
8     20     44     10
9     46     42     15
10     21     16     29
11     42     40     196
12     27     47     47
13     42     17     199
14     19     30     21
15     22     44     170
16     14     38     15
17     42     43     138
18     4     33     83
19     22     40     65
20     26     24     54
21     35     32     85
22     6     40     88
23     40     3     263
24     9     31     70
25     15     33     31
26     8     21     273
27     28     10     16
28     37     18     238
29     32     13     10
30     20     16     52
31     49     8     295
32     36     18     16
33     25     4     108
34     16     42     279
35     40     6     30
36     16     24     124
37     6     9     40
38     30     33     230
39     13     43     33
40     9     23     277
41     26     40     73
42     28     16     110
43     1     47     302
44     22     36     72
45     37     28     75
46     40     42     64
47     14     4     270
48     37     34     0
49     12     49     82
50     41     45     261
