1     6     42     1305
2     18     25     143
3     22     9     430
4     13     29     49
5     83     19     1968
6     37     49     523
7     31     38     1632
8     93     4     253
9     53     7     1303
10     46     34     33
11     52     25     1099
12     55     7     2195
13     2     30     465
14     92     21     2339
15     44     3     509
16     54     34     1188
17     97     4     269
18     20     38     1475
19     75     9     101
20     95     38     477
21     8     37     1625
22     42     16     163
23     56     43     648
24     51     15     710
25     82     8     33
26     4     28     2259
27     29     27     162
28     46     36     1023
29     1     35     1203
30     82     30     514
31     82     9     2140
32     17     45     98
33     37     32     1170
34     88     45     1567
35     82     11     44
36     88     12     1849
37     53     4     558
38     22     27     337
39     60     7     351
40     6     40     1863
41     98     6     408
42     99     28     1197
43     46     13     504
44     33     42     762
45     52     5     1760
46     48     15     475
47     4     15     758
48     41     22     2181
49     64     43     145
50     84     12     1134
51     44     48     512
52     56     38     1875
53     27     47     282
54     85     32     1929
55     71     45     50
56     53     16     1100
57     66     27     1468
58     61     34     469
59     20     24     2341
60     11     18     278
61     47     43     2051
62     91     16     255
63     16     35     1238
64     8     8     565
65     5     46     370
66     98     11     2100
67     8     13     98
68     32     42     2229
69     31     37     227
70     50     49     1338
71     80     10     446
72     79     2     1216
73     44     22     450
74     80     11     1413
75     77     5     0
76     13     21     144
77     4     11     831
78     3     45     943
79     50     30     1256
80     99     42     149
81     25     35     1785
82     42     17     222
83     18     38     2364
84     76     34     349
85     3     47     1207
86     1     31     41
87     67     25     1133
88     16     21     1328
89     34     44     452
90     81     25     2362
91     86     21     434
92     27     46     2155
93     96     24     102
94     4     35     593
95     78     18     1121
96     61     30     2162
97     85     34     419
98     91     14     229
99     15     24     366
100     16     46     1010
101     94     3     734
102     53     36     1305
103     5     2     108
104     71     5     828
105     64     29     1719
106     39     47     335
107     90     31     1549
108     67     33     49
109     73     49     341
110     44     12     1446
111     32     33     473
112     65     13     1953
113     60     3     131
114     43     5     195
115     4     8     432
116     38     32     1293
117     36     1     426
118     1     31     1484
119     18     40     295
120     23     27     2246
121     12     24     393
122     37     45     228
123     72     4     1988
124     23     47     287
125     17     32     241
126     27     27     427
127     16     43     1503
128     63     1     47
129     95     21     1080
130     44     23     1095
131     50     35     663
132     1     7     63
133     69     42     1143
134     8     10     990
135     95     8     522
136     93     36     2218
137     38     4     199
138     55     48     169
139     94     20     1709
140     14     45     351
141     1     46     1269
142     58     11     300
143     4     29     1374
144     20     18     359
145     73     6     1751
146     86     15     414
147     81     19     784
148     72     29     1058
149     90     48     731
150     29     11     1025
151     96     23     931
152     17     44     21
153     63     22     2305
154     24     9     217
155     63     7     1715
156     14     31     265
157     25     18     1280
158     80     41     141
159     8     18     1716
160     89     3     540
161     68     42     1090
162     12     5     50
163     41     35     2207
164     55     35     101
165     26     3     165
166     4     30     460
167     75     32     900
168     44     42     1441
169     11     10     400
170     33     48     1710
171     14     25     445
172     80     37     896
173     24     26     4
174     98     43     577
175     95     28     1936
176     20     47     573
177     3     34     1213
178     12     21     449
179     46     49     1253
180     57     29     187
181     91     42     1064
182     68     23     1883
183     55     35     444
184     87     19     620
185     47     10     315
186     80     40     1056
187     86     27     1180
188     42     32     746
189     86     9     689
190     98     32     204
191     22     20     201
192     22     34     393
193     5     19     935
194     8     15     466
195     26     43     282
196     26     26     292
197     39     12     1375
198     5     15     422
199     47     3     15
200     87     24     1071
