20.014     2645     2607
20.014     2645     2607
20.011     2645     2607
20.011     2645     2607
20.011     2645     2607
20.011     2645     2607
20.011     2645     2607
20.011     2645     2607
20.014     2645     2607
20.014     2645     2607
             
20.014     2758     2548
20.012     2758     2548
20.003     2758     2548
20.009     2758     2548
20.014     2758     2548
20.014     2758     2548
20.009     2758     2548
20.003     2758     2548
20.012     2758     2548
20.014     2758     2548
             
20.012     2558     2457
20.018     2558     2457
20.012     2525     2457
20.004     2558     2457
20.012     2558     2457
20.012     2558     2457
20.004     2558     2457
20.012     2558     2457
20.018     2558     2457
20.018     2558     2457
             
20.017     2643     2577
20.008     2621     2577
20.012     2643     2577
20.007     2643     2577
20.012     2643     2577
20.012     2643     2577
20.007     2643     2577
20.012     2643     2577
20.008     2643     2577
20.017     2643     2577
             
0.021     2613     2613
0.021     2613     2613
0.022     2613     2613
0.022     2613     2613
0.022     2613     2613
0.022     2613     2613
0.022     2613     2613
0.022     2613     2613
0.021     2613     2613
0.021     2613     2613
             
20.012     2578     2451
20.006     2578     2451
20.017     2576     2451
20.006     2578     2451
20.017     2578     2451
20.017     2578     2451
20.006     2578     2451
20.017     2576     2451
20.006     2509     2451
20.012     2578     2451
             
20.010     2694     2625
20.013     2694     2625
20.001     2694     2625
20.010     2694     2625
20.010     2694     2625
20.010     2694     2625
20.010     2694     2625
20.001     2694     2625
20.013     2694     2625
20.013     2694     2625
             
20.013     2593     2443
20.005     2593     2443
20.020     2593     2443
20.006     2593     2443
20.006     2593     2443
20.006     2593     2443
20.006     2593     2443
20.020     2593     2443
20.005     2559     2443
20.013     2593     2443
             
20.001     2728     2663
20.005     2728     2663
20.018     2728     2663
20.002     2719     2663
20.007     2728     2663
20.007     2728     2663
20.002     2719     2663
20.018     2728     2663
20.005     2728     2663
20.005     2728     2663
             
20.002     2661     2543
20.007     2663     2543
20.002     2663     2543
20.001     2663     2543
20.002     2663     2543
20.002     2663     2543
20.001     2624     2543
20.002     2663     2543
20.007     2625     2543
20.007     2663     2543
             
