20.017       664     660.6
20.001       664     660.6
20.001       664     660.6
20.001       664     660.6
20.005       669     660.6
20.001       664     660.6
20.002       665     660.6
20.001       665     660.6
20.001       663     660.6
20.001       663     660.6

20.001       669     659.4
20.001       669     659.4
20.002       669     659.4
20.006       670     659.4
20.002       669     659.4
20.001       669     659.4
20.001       668     659.4
20.001       668     659.4
20.001       668     659.4
20.001       668     659.4

20.001       668     659.2
20.001       669     659.2
20.005       667     659.2
20.001       667     659.2
20.001       666     659.2
20.001       667     659.2
20.001       667     659.2
20.001       668     659.2
20.002       667     659.2
20.016       667     659.2

20.001       658     655.6
20.005       659     655.6
20.001       660     655.6
20.001       658     655.6
20.002       659     655.6
20.001       659     655.6
20.001       659     655.6
20.001       659     655.6
20.001       660     655.6
20.001       659     655.6

20.006       702     697.4
20.001       702     697.4
20.001       701     697.4
20.001       703     697.4
20.001       701     697.4
20.001       700     697.4
20.001       702     697.4
20.001       700     697.4
20.001       701     697.4
20.007       702     697.4

20.001       691     688.2
20.001       692     688.2
20.001       692     688.2
20.001       691     688.2
20.001       692     688.2
20.001       691     688.2
20.001       691     688.2
20.001       692     688.2
20.006       691     688.2
20.001       691     688.2

20.001       671     664.2
20.001       666     664.2
20.001       667     664.2
20.001       666     664.2
20.001       667     664.2
20.001       671     664.2
20.001       669     664.2
20.006       668     664.2
20.001       667     664.2
20.001       668     664.2

20.001       663     658.6
20.001       667     658.6
20.001       661     658.6
20.001       671     658.6
20.001       663     658.6
20.001       669     658.6
20.006       663     658.6
20.001       662     658.6
20.001       663     658.6
20.001       667     658.6

20.001       700     698.2
20.001       703     698.2
20.001       700     698.2
20.001       700     698.2
20.001       703     698.2
20.006       700     698.2
20.001       699     698.2
20.001       699     698.2
20.001       700     698.2
20.001       701     698.2

20.001       686     684.2
20.001       687     684.2
20.002       686     684.2
20.001       688     684.2
20.007       687     684.2
20.001       689     684.2
20.001       690     684.2
20.001       687     684.2
20.001       687     684.2
20.001       687     684.2

