1     17     20     742
2     13     136     267
3     3     35     314
4     2     85     297
5     27     77     1161
6     47     109     287
7     16     176     76
8     37     138     1174
9     2     45     120
10     22     182     460
11     44     55     1180
12     49     84     84
13     28     121     1077
14     34     59     284
15     12     55     750
16     35     83     70
17     11     199     1133
18     18     123     191
19     7     96     847
20     10     48     96
21     19     118     75
22     15     194     12
23     10     94     562
24     29     41     1191
25     37     198     89
26     48     111     507
27     44     119     272
28     3     159     1045
29     31     48     293
30     46     122     88
31     16     7     106
32     19     174     158
33     37     199     1153
34     44     183     66
35     40     51     434
36     47     155     70
37     45     26     433
38     33     123     184
39     18     80     149
40     21     52     1159
41     14     118     83
42     20     134     156
43     7     35     190
44     47     74     1044
45     41     173     137
46     25     19     436
47     39     96     101
48     47     165     656
49     15     93     95
50     35     49     1100
51     42     137     235
52     44     82     66
53     6     136     61
54     13     116     940
55     19     68     201
56     5     54     220
57     30     180     1166
58     43     48     215
59     27     130     808
60     39     57     200
61     40     167     5
62     40     138     172
63     8     45     343
64     23     187     702
65     23     79     253
66     30     33     114
67     5     14     11
68     48     40     1185
69     42     18     230
70     25     96     1192
71     14     77     18
72     6     195     211
73     47     74     378
74     33     116     535
75     15     18     1058
76     27     180     247
77     14     32     660
78     2     77     87
79     42     9     50
80     3     85     353
81     18     115     65
82     15     81     234
83     13     77     582
84     13     130     1000
85     35     172     98
86     19     174     137
87     5     43     962
88     36     58     21
89     20     126     1157
90     43     4     11
91     24     83     333
92     40     60     468
93     16     160     987
94     1     17     208
95     25     84     117
96     4     183     122
97     45     142     743
98     1     135     31
99     20     21     438
100     10     132     412
101     2     67     570
102     24     46     35
103     32     24     1133
104     40     196     183
105     30     181     315
106     36     181     681
107     15     137     269
108     14     36     412
109     22     151     325
110     21     14     1181
111     16     66     185
112     24     121     132
113     24     185     241
114     11     108     1110
115     8     182     9
116     18     199     237
117     17     65     680
118     35     25     228
119     11     81     1050
120     39     13     247
121     16     182     792
122     28     117     291
123     22     27     908
124     5     33     5
125     48     88     35
126     4     77     4
127     8     2     665
128     24     92     240
129     10     56     749
130     27     107     45
131     24     98     189
132     4     72     887
133     13     175     54
134     42     102     12
135     15     6     209
136     20     27     1097
137     22     38     285
138     39     37     398
139     14     16     1158
140     33     144     199
141     33     28     154
142     45     43     155
143     28     120     294
144     22     190     1016
145     9     151     292
146     2     10     1003
147     46     179     96
148     24     12     876
149     14     131     160
150     4     117     501
151     10     15     1082
152     38     103     67
153     18     196     1027
154     5     145     64
155     32     156     651
156     3     121     252
157     13     63     1088
158     45     64     178
159     46     14     496
160     36     117     288
161     29     168     464
162     47     197     313
163     44     121     728
164     25     109     258
165     49     88     91
166     18     18     1041
167     40     104     271
168     38     22     655
169     30     94     31
170     43     57     281
171     14     180     697
172     38     155     266
173     13     130     1012
174     11     77     113
175     34     194     718
176     33     154     294
177     2     184     275
178     9     43     1132
179     15     192     241
180     4     118     870
181     4     102     153
182     1     47     532
183     13     190     30
184     33     21     66
185     39     78     610
186     17     120     31
187     24     73     821
188     32     37     161
189     29     14     590
190     15     50     692
191     43     119     127
192     4     193     783
193     19     126     186
194     46     25     598
195     39     184     65
196     11     152     1068
197     9     186     86
198     39     114     948
199     9     133     200
200     3     198     363
