1     43     44     394
2     19     46     468
3     48     161     247
4     44     107     1292
5     30     117     250
6     48     139     976
7     46     171     299
8     43     199     50
9     30     143     994
10     14     28     110
11     13     148     959
12     38     85     101
13     42     198     611
14     37     152     1037
15     10     137     190
16     36     80     924
17     35     152     62
18     18     147     722
19     32     39     236
20     8     80     900
21     7     47     27
22     37     90     299
23     48     196     569
24     31     11     675
25     5     23     195
26     17     134     295
27     9     57     327
28     18     7     1012
29     12     27     121
30     14     145     1267
31     27     98     322
32     31     61     1053
33     41     188     186
34     7     97     194
35     36     11     1274
36     2     161     132
37     31     158     754
38     28     85     216
39     37     80     478
40     36     191     205
41     31     3     271
42     21     161     681
43     37     66     305
44     37     94     708
45     7     180     96
46     32     196     89
47     36     48     0
48     10     146     56
49     35     50     1238
50     22     183     68
51     9     188     1087
52     10     199     130
53     42     152     153
54     17     117     862
55     29     16     146
56     28     196     627
57     2     179     602
58     21     45     966
59     10     153     13
60     25     106     271
61     24     12     1208
62     14     23     122
63     4     2     675
64     9     78     106
65     19     165     452
66     38     166     542
67     17     19     436
68     36     46     99
69     22     190     1107
70     10     159     81
71     32     124     127
72     23     76     1046
73     3     98     9
74     47     159     969
75     48     197     175
76     41     123     371
77     4     129     565
78     37     54     969
79     7     95     145
80     24     29     1252
81     27     147     174
82     36     57     504
83     44     47     708
84     32     137     212
85     25     41     1197
86     27     198     211
87     42     106     20
88     43     60     420
89     9     25     8
90     8     149     871
91     39     151     80
92     12     117     700
93     1     27     85
94     2     145     288
95     1     2     817
96     49     120     17
97     41     129     505
98     48     45     424
99     38     27     346
100     33     95     427
101     21     174     448
102     20     180     824
103     6     2     150
104     6     198     921
105     45     178     149
106     39     107     201
107     15     36     189
108     38     179     470
109     46     158     1164
110     12     66     183
111     2     184     55
112     17     104     27
113     38     134     687
114     32     59     258
115     10     151     236
116     27     52     1105
117     25     49     34
118     4     180     1044
119     6     101     100
120     41     189     1009
121     26     156     318
122     4     4     1215
123     34     61     260
124     28     82     1010
125     47     101     58
126     4     38     1149
127     33     37     140
128     25     28     423
129     42     42     1226
130     28     172     8
131     28     7     1230
132     18     23     8
133     44     188     633
134     37     124     675
135     15     19     123
136     30     136     1128
137     36     19     105
138     46     126     866
139     9     62     75
140     32     146     542
141     4     154     420
142     47     157     539
143     32     172     623
144     38     73     909
145     37     37     226
146     33     121     458
147     23     50     1140
148     1     97     93
149     28     49     813
150     31     161     159
151     49     121     417
152     45     16     816
153     22     189     132
154     2     173     733
155     7     29     4
156     30     185     175
157     9     165     1242
158     17     179     94
159     25     48     280
160     39     170     1041
161     33     47     320
162     36     128     744
163     18     166     200
164     25     73     804
165     31     35     248
166     30     161     439
167     23     183     60
168     34     110     1084
169     43     138     61
170     40     82     455
171     6     36     1188
172     16     3     57
173     3     194     472
174     34     175     108
175     28     92     437
176     42     138     367
177     23     113     828
178     18     5     260
179     36     34     64
180     23     131     1019
181     47     179     265
182     33     152     1178
183     32     47     97
184     18     100     129
185     7     16     369
186     6     37     702
187     2     116     113
188     10     77     311
189     29     10     414
190     44     12     1033
191     19     54     259
192     19     156     188
193     43     164     703
194     14     131     102
195     6     17     598
196     24     186     627
197     35     106     1227
198     43     133     64
199     33     172     657
200     49     141     259
