1     22     133     427
2     2     40     1087
3     31     10     281
4     7     170     628
5     13     55     91
6     47     26     1234
7     24     66     150
8     21     95     734
9     33     10     26
10     8     180     351
11     47     77     175
12     26     188     231
13     23     79     554
14     41     121     123
15     32     197     1013
16     38     115     172
17     34     100     254
18     7     80     1024
19     30     125     21
20     25     58     1055
21     29     180     209
22     5     32     1137
23     42     169     26
24     1     81     406
25     47     89     924
26     7     153     294
27     36     87     392
28     26     78     380
29     22     8     248
30     9     129     1228
31     40     150     152
32     26     42     207
33     30     27     431
34     3     119     793
35     28     117     9
36     32     166     628
37     18     141     71
38     35     25     647
39     33     63     152
40     23     197     966
41     37     35     13
42     27     22     295
43     14     144     634
44     11     52     46
45     42     88     352
46     36     71     17
47     23     10     1021
48     24     32     15
49     2     12     1211
50     13     73     209
51     4     66     792
52     26     10     145
53     10     57     741
54     36     151     31
55     3     86     952
56     13     43     165
57     5     114     313
58     48     18     640
59     16     143     239
60     32     187     513
61     45     23     1053
62     32     67     129
63     24     122     510
64     32     79     612
65     20     174     508
66     38     103     1140
67     45     15     166
68     14     185     826
69     49     44     255
70     23     155     221
71     30     47     683
72     36     12     212
73     45     142     515
74     22     87     834
75     6     106     121
76     40     129     1005
77     39     137     199
78     4     13     937
79     11     15     113
80     10     118     133
81     25     44     1000
82     28     198     307
83     13     150     1139
84     3     76     226
85     17     96     273
86     33     172     944
87     35     110     168
88     6     69     863
89     22     143     244
90     35     78     148
91     8     10     895
92     44     152     241
93     38     59     318
94     27     190     240
95     5     120     1133
96     6     55     225
97     25     175     465
98     6     70     468
99     12     73     314
100     33     160     1073
101     41     187     162
102     18     14     1160
103     36     104     220
104     11     82     227
105     14     168     987
106     39     196     113
107     16     88     750
108     33     198     238
109     4     34     707
110     23     141     285
111     46     11     207
112     29     114     742
113     15     163     291
114     13     25     88
115     12     131     918
116     29     174     23
117     14     178     628
118     2     191     80
119     48     164     159
120     22     40     904
121     41     54     237
122     37     95     1184
123     48     189     85
124     8     62     1068
125     33     193     227
126     11     121     119
127     6     151     826
128     32     76     124
129     18     34     24
130     24     132     509
131     10     171     106
132     37     1     447
133     24     46     221
134     31     31     1009
135     2     46     117
136     15     161     581
137     38     141     147
138     15     30     376
139     13     110     36
140     30     89     441
141     12     131     26
142     49     27     513
143     16     8     896
144     48     55     145
145     31     102     71
146     28     26     422
147     32     39     533
148     32     37     293
149     46     70     336
150     8     175     561
151     38     87     197
152     29     18     302
153     10     182     660
154     14     189     85
155     19     69     696
156     31     153     170
157     32     127     408
158     38     82     954
159     11     196     86
160     17     131     816
161     38     119     197
162     45     57     934
163     36     100     234
164     24     38     1182
165     24     166     98
166     34     80     278
167     16     69     770
168     11     135     228
169     5     142     984
170     31     66     148
171     46     127     118
172     41     79     834
173     17     173     208
174     41     139     393
175     15     156     1057
176     20     178     158
177     34     77     682
178     37     31     166
179     40     71     1029
180     40     176     249
181     41     47     1173
182     20     149     68
183     17     193     1191
184     34     81     1
185     33     79     442
186     21     50     517
187     16     15     1200
188     9     19     61
189     39     31     323
190     25     142     610
191     18     25     833
192     13     46     252
193     9     178     468
194     36     34     536
195     38     160     1146
196     12     21     202
197     1     195     487
198     29     154     197
199     37     26     210
200     25     155     533
