1     28     124     841
2     48     153     224
3     43     110     115
4     17     153     897
5     14     144     285
6     12     97     1203
7     35     33     65
8     22     53     1028
9     40     27     120
10     30     104     536
11     21     132     1181
12     14     128     25
13     48     94     673
14     41     15     52
15     29     175     926
16     48     125     273
17     43     66     763
18     25     174     81
19     17     151     808
20     16     86     38
21     3     8     878
22     19     160     284
23     35     195     1218
24     46     185     294
25     23     71     690
26     14     77     170
27     28     117     525
28     27     151     842
29     45     112     293
30     20     136     226
31     13     32     50
32     33     184     711
33     3     27     9
34     48     54     301
35     45     169     419
36     42     90     1162
37     15     34     124
38     30     114     559
39     23     196     1142
40     38     18     35
41     6     18     1225
42     8     109     72
43     27     157     866
44     5     174     67
45     39     47     157
46     37     77     284
47     4     83     577
48     48     150     229
49     8     8     806
50     11     11     127
51     39     89     755
52     47     109     59
53     22     166     851
54     17     141     196
55     42     167     1117
56     5     67     39
57     11     128     73
58     16     23     1085
59     17     199     12
60     6     58     1198
61     35     181     210
62     39     135     9
63     1     119     686
64     23     30     41
65     44     23     22
66     10     165     703
67     3     14     89
68     9     29     976
69     31     154     213
70     6     91     430
71     46     93     349
72     40     20     184
73     13     188     552
74     20     163     773
75     40     185     26
76     32     167     864
77     39     78     222
78     13     21     876
79     18     66     122
80     16     86     163
81     47     71     1032
82     29     182     132
83     48     54     395
84     7     198     176
85     44     92     935
86     14     4     277
87     33     69     369
88     5     52     496
89     3     60     682
90     2     107     233
91     42     34     679
92     3     26     187
93     14     4     841
94     11     75     61
95     16     64     715
96     22     140     241
97     18     5     0
98     36     148     240
99     7     103     669
100     9     45     167
101     24     178     735
102     30     172     160
103     33     63     79
104     48     98     1160
105     34     123     36
106     27     53     537
107     27     57     1173
108     29     160     187
109     23     169     766
110     37     115     31
111     33     58     645
112     12     18     87
113     21     26     872
114     30     36     250
115     3     113     501
116     9     199     207
117     25     93     1120
118     6     192     94
119     13     32     471
120     39     94     359
121     13     78     797
122     7     162     47
123     28     128     239
124     13     59     328
125     30     64     1017
126     45     148     28
127     42     38     804
128     42     193     170
129     14     22     402
130     23     127     330
131     23     80     720
132     14     23     287
133     14     193     1027
134     37     30     30
135     17     8     789
136     18     78     208
137     31     198     884
138     9     112     135
139     19     47     101
140     37     167     898
141     41     92     121
142     27     53     664
143     3     36     208
144     12     97     361
145     39     148     487
146     29     107     684
147     33     157     42
148     8     156     37
149     34     179     889
150     38     88     3
151     2     178     225
152     25     143     101
153     38     158     994
154     29     110     38
155     46     91     959
156     31     196     100
157     10     150     619
158     12     189     284
159     49     51     1107
160     15     35     271
161     1     182     1223
162     49     12     53
163     7     68     682
164     25     169     131
165     31     81     49
166     12     163     605
167     34     81     488
168     14     43     1081
169     19     91     146
170     39     169     58
171     47     143     570
172     7     143     1195
173     14     22     247
174     11     105     255
175     37     124     807
176     22     22     176
177     47     62     447
178     49     135     924
179     8     165     104
180     43     62     209
181     23     177     757
182     27     135     220
183     42     129     34
184     45     170     1184
185     1     106     193
186     16     37     383
187     36     13     1028
188     21     61     132
189     9     14     205
190     24     44     854
191     20     122     224
192     16     9     201
193     33     187     675
194     25     42     281
195     33     32     1090
196     17     73     70
197     31     85     385
198     49     138     591
199     10     70     622
200     3     111     2
