1        5        6        2
2        4        1       12
3        6        9        9
4       11        4        6
5        8        5        9
6        5        5        8
7       10        8       17
8       12        3       10
9        9        5       20
10       11        7       13
11        6        7       16
12        4        8       20
13        6        1       11
14        3        2       17
15        3        1       24
16       13        6       15
17        3        6       18
18        5        6        2
19       12        6       13
20       15        5        8
21       11        7        7
22       13        3       25
23        8        1       17
24        8        6       25
25       12        1       13
26       15        2       20
27       12        3        4
28        3        7        0
29        5        9       11
30        7        3        8
31       13        1       21
32       11        1       14
33       11        2        4
34       14        3       22
35        9        4       18
36        5        2        5
37       15        4        5
38       10        7        6
39        7        9        1
40       14        5       17
41       12        7        3
42       13        8       15
43       15        3       13
44       10        4       14
45        8        9       19
46        7        5       24
47        4        2       22
48        7        6       23
49        5        4        4
50       13        3       14
