10.078     2181     2102
10.094     2168     2102
10.094     2168     2102
10.078     2181     2102
10.094     2181     2102
10.094     2181     2102
10.078     2181     2102
10.094     2168     2102
10.094     2168     2102
10.094     2181     2102
             
10.297     2118     2077
10.376     2118     2077
10.376     2118     2077
10.297     2118     2077
10.376     2118     2077
10.376     2118     2077
10.297     2118     2077
10.376     2118     2077
10.376     2118     2077
10.376     2118     2077
             
10.344     2057     2023
10.172     2046     2023
10.172     2046     2023
10.344     2057     2023
10.344     2057     2023
10.344     2057     2023
10.344     2057     2023
10.172     2046     2023
10.172     2046     2023
10.344     2057     2023
             
10.203     2270     2170
10.141     2271     2170
10.141     2271     2170
10.203     2270     2170
10.203     2271     2170
10.203     2271     2170
10.203     2270     2170
10.141     2271     2170
10.141     2271     2170
10.203     2271     2170
             
10.219     2159     1945.6
10.500     2184     1945.6
10.500     2184     1945.6
10.219     2159     1945.6
10.500     2184     1945.6
10.500     2184     1945.6
10.219     2159     1945.6
10.500     2184     1945.6
10.500     2184     1945.6
10.500     2184     1945.6
             
10.547     2119     2041
10.047     2115     2041
10.047     2115     2041
10.547     2119     2041
10.547     2119     2041
10.547     2119     2041
10.547     2119     2041
10.047     2115     2041
10.047     2115     2041
10.547     2119     2041
             
10.344     2039     1940
10.344     2044     1940
10.344     2044     1940
10.344     2039     1940
10.344     2044     1940
10.344     2044     1940
10.344     2039     1940
10.344     2044     1940
10.344     2044     1940
10.344     2044     1940
             
10.172     2096     2014
10.172     2111     2014
10.172     2111     2014
10.172     2096     2014
10.172     2111     2014
10.172     2111     2014
10.172     2096     2014
10.172     2111     2014
10.172     2111     2014
10.172     2111     2014
             
10.250     2148     1978
10.469     2106     1978
10.469     2106     1978
10.250     2148     1978
10.469     2148     1978
10.469     2148     1978
10.250     2148     1978
10.469     2106     1978
10.469     2106     1978
10.469     2148     1978
             
10.469     2312     2035
10.219     2289     2035
10.219     2289     2035
10.469     2312     2035
10.469     2312     2035
10.469     2312     2035
10.469     2312     2035
10.219     2289     2035
10.219     2289     2035
10.469     2312     2035
             
