1     31     58     6004
2     12     12     1373
3     54     173     3950
4     57     155     9904
5     42     128     3066
6     38     94     3899
7     35     173     10638
8     55     50     3061
9     39     55     13538
10     45     107     3081
11     65     43     14210
12     12     182     1984
13     67     54     11356
14     2     34     3045
15     18     81     1375
16     8     39     8185
17     39     47     997
18     23     101     13971
19     86     33     1520
20     11     64     1754
21     25     179     12602
22     24     9     1084
23     19     80     15002
24     88     88     3138
25     59     53     2282
26     38     73     2327
27     29     157     12138
28     52     81     267
29     34     157     11015
30     25     68     1891
31     78     9     6183
32     31     10     8761
33     78     137     83
34     20     165     9893
35     18     115     1364
36     75     35     8853
37     77     192     2432
38     69     48     3470
39     7     18     14569
40     18     117     3751
41     1     131     8476
42     85     20     2810
43     15     101     13960
44     76     102     3046
45     37     162     1575
46     53     98     7205
47     84     14     14086
48     36     119     402
49     45     4     10920
50     9     182     2039
51     87     13     3523
52     53     97     9624
53     58     167     449
54     73     38     3920
55     13     28     8507
56     7     71     2755
57     93     183     7281
58     25     136     879
59     2     112     13840
60     57     146     1621
61     21     120     7071
62     7     103     989
63     97     62     5800
64     43     102     1801
65     28     188     3920
66     91     94     11538
67     69     80     394
68     33     195     4095
69     18     157     5866
70     86     123     4897
71     4     90     5655
72     33     86     12117
73     59     41     1111
74     47     194     3655
75     1     179     8076
76     89     96     1746
77     49     23     10641
78     5     158     664
79     24     183     6549
80     98     88     4782
81     48     74     6030
82     77     154     5908
83     41     120     12446
84     74     113     653
85     78     13     9900
86     61     100     3368
87     37     84     5797
88     27     182     1195
89     29     29     9457
90     38     36     1241
91     44     143     525
92     7     160     147
93     41     93     14842
94     87     15     2948
95     84     126     4864
96     14     143     4114
97     17     142     13495
98     23     12     2396
99     79     99     14003
100     64     11     3284
101     30     57     7267
102     31     154     4711
103     41     30     4818
104     48     138     14442
105     69     139     1749
106     97     135     11457
107     7     32     1456
108     74     25     5149
109     57     27     9628
110     91     194     3284
111     12     124     13685
112     44     110     3322
113     13     185     9738
114     33     125     3524
115     4     151     10404
116     53     74     1479
117     75     77     315
118     74     188     1050
119     4     149     702
120     72     129     1310
121     30     11     12878
122     83     138     3601
123     94     167     6011
124     52     19     7484
125     4     96     8513
126     40     169     2017
127     3     185     5244
128     69     110     14141
129     59     53     1234
130     75     186     2922
131     90     89     1423
132     96     127     14579
133     12     199     2447
134     56     88     6833
135     87     121     2927
136     72     9     14895
137     95     161     1630
138     79     144     14076
139     46     175     2339
140     18     69     14874
141     18     80     1157
142     80     57     387
143     90     118     6894
144     70     104     1701
145     63     64     3059
146     10     38     13726
147     80     29     777
148     67     11     1213
149     41     109     8761
150     74     51     3370
151     43     58     6089
152     84     11     13555
153     57     21     761
154     61     85     10776
155     77     50     496
156     79     17     13571
157     75     190     163
158     24     20     7400
159     6     186     12512
160     64     132     2157
161     9     29     11016
162     89     55     2926
163     51     116     5102
164     36     175     9180
165     99     155     1934
166     62     167     4528
167     79     117     13952
168     67     72     2929
169     27     169     13492
170     34     124     1014
171     97     119     13987
172     21     49     1987
173     38     53     8119
174     59     36     1529
175     17     71     215
176     66     137     5285
177     35     37     8397
178     97     104     236
179     90     89     671
180     68     161     13630
181     96     114     3037
182     59     24     905
183     95     21     14391
184     45     58     2505
185     46     182     10882
186     18     69     134
187     22     84     15015
188     72     171     728
189     70     187     5412
190     2     78     13688
191     74     194     764
192     43     23     8648
193     98     84     22
194     66     88     831
195     72     155     10193
196     94     152     401
197     10     35     3836
198     82     97     9786
199     57     164     39
200     91     45     532
201     93     60     2422
202     86     135     14795
203     6     52     649
204     96     45     8584
205     71     16     2672
206     55     174     7207
207     52     167     8959
208     99     115     229
209     64     134     5873
210     90     142     5845
211     92     72     5385
212     13     73     14597
213     62     149     2166
214     28     46     14143
215     22     62     1107
216     4     173     11507
217     16     69     2863
218     70     33     8945
219     46     119     4
220     66     73     12847
221     61     48     3680
222     19     34     7141
223     67     165     8367
224     23     95     1186
225     50     142     5947
226     91     10     6726
227     48     176     754
228     13     188     12973
229     25     166     385
230     47     192     8012
231     81     35     2999
232     84     194     6808
233     61     185     1266
234     38     87     12054
235     34     95     884
236     34     94     5125
237     85     150     5249
238     85     93     5150
239     51     93     4070
240     69     81     12880
241     49     78     2023
242     89     160     1547
243     12     192     7266
244     16     25     5915
245     15     194     1786
246     96     44     11337
247     25     178     2450
248     20     166     3517
249     31     178     13182
250     62     169     3440
251     33     143     5035
252     53     20     1836
253     77     178     3925
254     84     135     12259
255     51     100     903
256     98     179     8572
257     92     179     2663
258     58     72     5705
259     15     12     2063
260     8     182     10893
261     77     194     1582
262     88     12     840
263     27     27     4407
264     48     133     1458
265     5     32     7835
266     74     162     1732
267     27     16     6069
268     30     36     4495
269     20     98     12720
270     50     104     162
271     94     163     14053
272     98     7     578
273     8     135     6234
274     84     32     3780
275     33     123     5340
276     97     24     6270
277     90     78     6895
278     32     49     1912
279     82     5     14564
280     6     136     1749
281     8     14     552
282     22     49     12210
283     28     171     485
284     32     35     490
285     64     2     5248
286     12     72     7429
287     99     148     6669
288     50     41     2353
289     64     97     13816
290     44     33     2249
291     60     197     1473
292     1     175     11882
293     91     3     3315
294     48     11     10523
295     22     145     3751
296     71     91     6026
297     96     83     181
298     25     187     12037
299     30     174     696
300     9     137     4861
