1     38     9     1409
2     12     17     3646
3     23     12     444
4     59     2     1278
5     33     10     4347
6     45     15     465
7     26     26     1473
8     13     18     1504
9     54     5     5269
10     32     10     286
11     52     4     3939
12     57     33     215
13     97     33     583
14     90     31     4631
15     26     36     500
16     81     34     49
17     7     20     927
18     53     18     1458
19     61     29     205
20     73     7     924
21     64     23     3351
22     64     26     450
23     18     34     5672
24     2     9     893
25     10     43     452
26     3     38     5278
27     3     43     1044
28     18     18     664
29     21     4     2970
30     99     43     4370
31     3     42     1010
32     3     5     1707
33     70     21     2303
34     54     2     4524
35     60     17     462
36     74     40     4435
37     19     7     1047
38     64     15     633
39     85     42     2894
40     26     30     4387
41     18     43     590
42     59     6     5763
43     50     35     186
44     70     40     3378
45     73     37     644
46     19     30     1693
47     66     31     4419
48     97     5     774
49     23     6     3860
50     87     27     254
51     44     33     1121
52     62     3     3919
53     47     22     285
54     46     48     3384
55     74     42     688
56     21     34     5433
57     89     3     1319
58     94     34     2752
59     41     33     4081
60     31     40     929
61     30     9     4795
62     60     35     296
63     50     34     4923
64     69     5     57
65     80     32     5559
66     53     6     477
67     21     5     5308
68     98     17     292
69     70     17     3805
70     25     37     656
71     7     33     436
72     73     41     314
73     27     6     3447
74     42     8     1290
75     31     41     379
76     35     13     5801
77     73     20     325
78     40     49     3984
79     50     25     614
80     71     34     5671
81     92     29     704
82     20     48     2885
83     82     45     609
84     84     25     75
85     6     47     1813
86     99     2     931
87     49     48     795
88     5     25     4452
89     60     28     1457
90     20     11     4438
91     55     7     81
92     73     48     4420
93     97     23     679
94     56     23     2551
95     83     21     1053
96     12     6     5831
97     79     39     702
98     66     13     3688
99     45     4     1072
100     62     34     4788
101     31     28     87
102     34     1     5995
103     69     24     711
104     94     9     248
105     84     31     734
106     60     10     4032
107     97     15     1193
108     18     39     5912
109     34     6     1444
110     58     45     1262
111     17     3     3044
112     29     39     2071
113     8     34     2258
114     12     11     5925
115     72     9     93
116     27     19     3148
117     81     27     1386
118     47     11     3562
119     22     32     659
120     81     17     2487
121     22     8     2579
122     33     30     510
123     31     28     4266
124     92     48     1131
125     74     33     5196
126     93     44     1043
127     10     11     374
128     92     33     4498
129     65     36     263
130     52     45     4351
131     35     32     574
132     49     8     3306
133     99     7     1209
134     18     9     1305
135     46     25     2787
136     29     28     214
137     49     5     4200
138     64     38     1165
139     29     27     2871
140     69     5     5564
141     28     14     1359
142     72     10     639
143     3     14     4140
144     51     12     309
145     6     16     402
146     3     32     1608
147     69     37     5521
148     74     2     803
149     64     2     5669
150     44     43     1153
151     88     41     247
152     58     11     162
153     14     12     4737
154     86     31     76
155     82     12     1593
156     30     23     1323
157     15     21     2154
158     83     48     3218
159     61     20     572
160     81     43     1505
161     54     3     4929
162     59     38     244
163     46     4     5162
164     14     2     1022
165     51     17     4266
166     85     26     1206
167     40     28     4115
168     58     33     61
169     66     11     1376
170     20     49     5937
171     7     24     978
172     7     42     589
173     27     42     5730
174     6     33     1148
175     73     6     5404
176     95     18     1519
177     91     11     4115
178     19     15     1028
179     52     35     2598
180     2     3     548
181     74     49     2877
182     43     47     443
183     18     26     163
184     23     30     4572
185     1     4     339
186     17     25     2041
187     18     42     6086
188     29     21     957
189     8     7     5083
190     51     47     760
191     45     2     4276
192     82     15     750
193     46     36     4329
194     25     1     1199
195     19     47     463
196     60     43     2184
197     85     22     5488
198     22     47     1408
199     22     43     2275
200     70     26     5137
201     26     34     657
202     53     46     5712
203     96     34     712
204     90     3     2932
205     86     20     3301
206     78     37     779
207     83     2     3142
208     41     17     1477
209     64     17     1890
210     81     27     3626
211     40     5     324
212     70     41     5201
213     83     49     1377
214     35     18     2510
215     45     43     1553
216     15     26     249
217     12     20     4392
218     45     40     335
219     30     16     5889
220     97     22     4
221     70     42     2305
222     19     11     5803
223     69     32     846
224     6     41     3217
225     16     38     1200
226     94     35     1215
227     27     19     1887
228     98     20     5567
229     19     42     699
230     96     25     26
231     60     45     3984
232     32     43     226
233     60     31     4268
234     48     43     1333
235     50     34     3553
236     41     41     819
237     78     38     1500
238     46     47     3780
239     36     30     1408
240     60     18     927
241     32     9     1709
242     78     45     1797
243     10     7     204
244     28     2     138
245     44     18     1453
246     57     30     4600
247     1     37     1032
248     81     28     228
249     52     20     1753
250     70     5     4081
251     93     13     1390
252     53     46     4834
253     54     17     992
254     56     41     4240
255     13     9     1461
256     95     46     2434
257     99     49     4859
258     47     19     1421
259     35     16     4056
260     54     29     365
261     57     47     5778
262     99     38     396
263     89     5     2222
264     77     43     4718
265     42     14     1511
266     33     5     6066
267     14     33     769
268     94     43     5006
269     21     8     1094
270     73     25     6008
271     97     24     1295
272     73     24     1225
273     80     6     4471
274     68     48     664
275     45     7     4539
276     69     19     1238
277     91     24     5698
278     84     36     566
279     43     5     4459
280     29     35     1514
281     66     6     908
282     79     18     253
283     20     22     1887
284     36     27     1572
285     55     13     1583
286     29     23     2300
287     47     49     407
288     87     30     4289
289     37     22     446
290     64     7     2224
291     32     15     1242
292     81     29     1621
293     85     43     2688
294     99     41     5162
295     31     5     1202
296     73     15     4704
297     86     13     1384
298     8     25     3079
299     58     49     621
300     4     42     3429
