5     1129     1112
5     1139     1112
5.001     1132     1112
5.001     1132     1112
5     1139     1112
5     1139     1112
5.001     1132     1112
5.001     1132     1112
5     1139     1112
5     1139     1112
             
0.062     1035     1035
0.219     1035     1035
0.063     1035     1035
0.063     1035     1035
0.219     1035     1035
0.219     1035     1035
0.063     1035     1035
0.063     1035     1035
0.219     1035     1035
0.219     1035     1035
             
2.547     1119     1119
0.015     1119     1119
0     1119     1119
0     1119     1119
2.547     1119     1119
2.547     1119     1119
0     1119     1119
0     1119     1119
0.015     1119     1119
2.547     1119     1119
             
5.001     1163     1144
5     1169     1144
5     1172     1144
5     1172     1144
5.001     1169     1144
5.001     1169     1144
5     1172     1144
5     1172     1144
5     1169     1144
5.001     1169     1144
             
5.001     1186     1100
5     1152     1100
5     1172     1100
5     1172     1100
5.001     1186     1100
5.001     1186     1100
5     1172     1100
5     1172     1100
5     1152     1100
5.001     1186     1100
             
5     1130     1109
5     1126     1109
5.001     1130     1109
5.001     1130     1109
5     1130     1109
5     1130     1109
5.001     1130     1109
5.001     1130     1109
5     1126     1109
5     1130     1109
             
0.015     1104     1104
0     1104     1104
0.016     1104     1104
0.016     1104     1104
0.015     1104     1104
0.015     1104     1104
0.016     1104     1104
0.016     1104     1104
0     1104     1104
0.015     1104     1104
             
0.015     1242     1242
0     1242     1242
0     1242     1242
0     1242     1242
0.015     1242     1242
0.015     1242     1242
0     1242     1242
0     1242     1242
0     1242     1242
0.015     1242     1242
             
5     1094     994
5     1085     994
5     1101     994
5     1101     994
5     1094     994
5     1094     994
5     1101     994
5     1101     994
5     1085     994
5     1094     994
             
0     1083     1083
0     1083     1083
0     1083     1083
0     1083     1083
0     1083     1083
0     1083     1083
0     1083     1083
0     1083     1083
0     1083     1083
0     1083     1083
             
