1        5        3        0
2        3        1       22
3       10        2       51
4       10        9       44
5        4        1        5
6       12        4       45
7        6        1        8
8       13        9       41
9        6        9       23
10       14        8        3
11        9        5       41
12        5        5       48
13       10        5       31
14       11        5        2
15       13        8        3
16       12        5       40
17        8        9       10
18        5        6        6
19        6        8       35
20       12        7       32
21       10        4       51
22        3        8       24
23        6        5       13
24       12        1       24
25        6        3       18
26       10        8       10
27       11        6       51
28        4        3       30
29       10        7       33
30       13        4       53
31       10        5       21
32        4        1       28
33        7        5        9
34        4        3       40
35        6        3       43
36        6        1        7
37        3        3       49
38       14        6        1
39        8        9       38
40        7        2       35
41       11        5       45
42        7        1       16
43       15        3       42
44       13        5       37
45       15        2       48
46        8        7        1
47        6        5       29
48       14        3       33
49       15        6       11
50        3        1       27
51        9        6       43
52        9        7       23
53        4        9       15
54       12        1       38
55        6        6       20
56       15        1        6
57        7        4       36
58        5        8       38
59        3        5       37
60       13        1        6
61        3        8        5
62        6        9        3
63       14        4        2
64       10        4       29
65        3        7       43
66       15        8       18
67        5        9       11
68       14        4        7
69       10        6       14
70        8        8       44
71       13        3        3
72        7        4       51
73        5        9        8
74       10        7       47
75       11        1       32
76        6        6       31
77        6        8       30
78        6        8       25
79       14        8       26
80        5        2        2
81       14        3       53
82       11        1       49
83        9        5        8
84        5        6        1
85       13        3       30
86        6        1       35
87        4        7        4
88        3        3       13
89       13        3        7
90       14        8       51
91       15        3       48
92       15        6       26
93        8        5       15
94        3        6       31
95        8        7        1
96        4        7        2
97        4        9       54
98        4        3       28
99       15        5       39
100        4        7       27
101        3        2       47
102        9        1       53
103        5        2       12
104        8        2       46
105        5        6       50
106       10        3       15
107        3        6       23
108       14        2       40
109       10        8       18
110        6        8       32
111        3        6       27
112       15        9       41
113       12        4       23
114        3        3        8
115        7        4       22
116       13        8        0
117       10        7        3
118        5        3       36
119       10        4        2
120        5        4       51
121        6        9       29
122        5        7       51
123        7        7       10
124        4        3       41
125       10        2       48
126       11        2        3
127       13        5       16
128        7        7       51
129       15        1       27
130        3        5       43
131       14        3       18
132        9        8       45
133        7        8        0
134       10        8        3
135        8        7        0
136       15        4       30
137        7        5       24
138        5        9       32
139        8        1       47
140        9        6       46
141        5        7       37
142       13        5       51
143       15        9       48
144        9        7       44
145       10        7       32
146       12        2        1
147       14        4       41
148        7        2       10
149        5        2       29
150        9        6        9
151        5        9       18
152        3        9       16
153        8        3       16
154       13        9       12
155       14        1       22
156       15        8       35
157        3        9        9
158       15        3       35
159       14        1       54
160        6        2       38
161       12        3       27
162        5        2        2
163        9        2       24
164       14        4       36
165       10        8       26
166       14        2       41
167       15        4       18
168       11        7       29
169        6        7       30
170       13        3       46
171       15        8       49
172       12        1       42
173        9        1       33
174       13        1       19
175       10        4       33
176       14        3       51
177        3        1        4
178        8        4       38
179       12        3       38
180        9        8       32
181       12        3        2
182       13        3       23
183       12        2       33
184       12        5       16
185       10        7        4
186       12        5       53
187       10        4       33
188       15        7       16
189        7        6       22
190        8        6       24
191        7        2       38
192       12        9       38
193       12        9       42
194       12        1       47
195       13        7       14
196        3        3       34
197        5        8        4
198        7        7        9
199       10        5       10
200        7        5       12
