1     19     13     1670
2     77     29     566
3     83     25     1288
4     71     21     407
5     24     35     1944
6     16     19     292
7     57     1     2263
8     74     33     69
9     66     46     1814
10     96     24     48
11     40     23     1536
12     52     25     80
13     72     45     1297
14     73     26     518
15     32     16     1245
16     51     1     214
17     49     36     1167
18     14     12     372
19     38     9     34
20     15     38     1318
21     38     46     496
22     36     34     1570
23     17     10     572
24     12     2     2275
25     44     23     569
26     42     33     1610
27     16     18     560
28     12     34     997
29     4     41     1429
30     23     24     241
31     13     22     1334
32     44     4     451
33     82     2     191
34     39     40     777
35     24     30     1354
36     76     17     235
37     75     44     2189
38     78     31     519
39     94     42     1058
40     55     1     124
41     74     37     2253
42     5     40     435
43     49     19     1380
44     21     20     9
45     64     46     2363
46     76     22     43
47     29     10     2327
48     6     43     235
49     6     20     946
50     31     30     1412
51     28     22     523
52     41     35     1536
53     60     32     64
54     25     14     961
55     92     8     2263
56     81     10     18
57     95     5     967
58     87     41     1322
59     29     1     98
60     57     27     1418
61     40     13     543
62     62     32     190
63     41     6     721
64     51     8     2227
65     32     32     68
66     51     21     1230
67     83     32     73
68     32     23     422
69     24     7     1496
70     40     8     166
71     58     2     2272
72     72     32     445
73     34     42     383
74     10     11     537
75     82     9     956
76     96     38     1248
77     6     19     169
78     87     30     425
79     14     46     1388
80     95     43     161
81     6     17     1094
82     59     46     1158
83     82     17     629
84     50     31     1824
85     37     19     76
86     3     10     60
87     33     11     1876
88     51     18     0
89     61     33     1899
90     51     30     88
91     51     46     73
92     79     18     1365
93     31     34     227
94     8     42     1642
95     52     47     417
96     52     6     1992
97     45     17     163
98     45     1     1193
99     88     5     295
100     38     33     932
