50.418     6143     5977.75
50.067     6144     5977.75
50.067     6144     5977.75
50.418     6143     5977.75
50.418     6144     5977.75
50.418     6144     5977.75
50.418     6143     5977.75
50.067     6144     5977.75
50.067     6144     5977.75
50.418     6144     5977.75
             
50.069     6301     6160
50.000     6292     6160
50.000     6292     6160
50.069     6301     6160
50.069     6301     6160
50.069     6301     6160
50.069     6301     6160
50.000     6292     6160
50.000     6292     6160
50.069     6301     6160
             
50.001     6405     6183
50.057     6401     6183
50.057     6401     6183
50.001     6405     6183
50.057     6405     6183
50.057     6405     6183
50.001     6405     6183
50.057     6401     6183
50.057     6401     6183
50.057     6405     6183
             
50.046     6344     6191.75
50.001     6338     6191.75
50.001     6356     6191.75
50.046     6344     6191.75
50.046     6344     6191.75
50.046     6344     6191.75
50.046     6344     6191.75
50.001     6356     6191.75
50.001     6338     6191.75
50.046     6344     6191.75
             
50.684     6253     6116.75
50.047     6236     6116.75
50.047     6266     6116.75
50.684     6253     6116.75
50.684     6253     6116.75
50.684     6253     6116.75
50.684     6253     6116.75
50.047     6266     6116.75
50.047     6236     6116.75
50.684     6253     6116.75
             
50.023     6324     6120.63
50.044     6327     6120.63
50.044     6327     6120.63
50.023     6353     6120.63
50.044     6327     6120.63
50.044     6327     6120.63
50.023     6353     6120.63
50.044     6327     6120.63
50.044     6327     6120.63
50.044     6327     6120.63
             
50.925     6667     6435.88
50.052     6652     6435.88
50.052     6652     6435.88
50.925     6667     6435.88
50.925     6667     6435.88
50.925     6667     6435.88
50.925     6667     6435.88
50.052     6652     6435.88
50.052     6652     6435.88
50.925     6667     6435.88
             
50.057     6538     6334.38
50.046     6521     6334.38
50.046     6521     6334.38
50.057     6538     6334.38
50.057     6538     6334.38
50.057     6538     6334.38
50.057     6538     6334.38
50.046     6521     6334.38
50.046     6521     6334.38
50.057     6538     6334.38
             
50.000     6247     6066.5
50.049     6266     6066.5
50.049     6266     6066.5
50.000     6270     6066.5
50.049     6266     6066.5
50.049     6266     6066.5
50.000     6270     6066.5
50.049     6266     6066.5
50.049     6266     6066.5
50.049     6266     6066.5
             
50.017     6286     6089.63
50.008     6298     6089.63
50.008     6298     6089.63
50.017     6286     6089.63
50.017     6298     6089.63
50.017     6298     6089.63
50.017     6286     6089.63
50.008     6298     6089.63
50.008     6298     6089.63
50.017     6298     6089.63
             
