50.001     6218     5977.75
50.003     6220     5977.75
50.003     6220     5977.75
50.001     6218     5977.75
50.003     6220     5977.75
50.003     6220     5977.75
50.001     6218     5977.75
50.003     6220     5977.75
50.003     6220     5977.75
50.003     6220     5977.75
             
50.001     6338     6160
50.002     6338     6160
50.002     6338     6160
50.001     6338     6160
50.002     6338     6160
50.002     6338     6160
50.001     6338     6160
50.002     6338     6160
50.002     6338     6160
50.002     6338     6160
             
50.002     6475     6183
50.002     6467     6183
50.002     6467     6183
50.002     6475     6183
50.002     6475     6183
50.002     6475     6183
50.002     6475     6183
50.002     6467     6183
50.002     6467     6183
50.002     6475     6183
             
50.002     6397     6191.75
50.001     6390     6191.75
50.001     6390     6191.75
50.002     6397     6191.75
50.002     6397     6191.75
50.002     6397     6191.75
50.002     6397     6191.75
50.001     6390     6191.75
50.001     6390     6191.75
50.002     6397     6191.75
             
50.001     6294     6116.75
50.002     6298     6116.75
50.002     6298     6116.75
50.001     6294     6116.75
50.002     6298     6116.75
50.002     6298     6116.75
50.001     6294     6116.75
50.002     6298     6116.75
50.002     6298     6116.75
50.002     6298     6116.75
             
50.001     6406     6120.63
50.001     6396     6120.63
50.001     6396     6120.63
50.001     6406     6120.63
50.001     6406     6120.63
50.001     6406     6120.63
50.001     6406     6120.63
50.001     6396     6120.63
50.001     6396     6120.63
50.001     6406     6120.63
             
50.002     6769     6435.88
50.001     6768     6435.88
50.001     6768     6435.88
50.002     6769     6435.88
50.002     6769     6435.88
50.002     6769     6435.88
50.002     6769     6435.88
50.001     6768     6435.88
50.001     6768     6435.88
50.002     6769     6435.88
             
50.002     6616     6334.38
50.003     6601     6334.38
50.003     6601     6334.38
50.002     6616     6334.38
50.003     6616     6334.38
50.003     6616     6334.38
50.002     6616     6334.38
50.003     6601     6334.38
50.003     6601     6334.38
50.003     6616     6334.38
             
50.001     6327     6066.5
50.001     6311     6066.5
50.001     6311     6066.5
50.001     6327     6066.5
50.001     6327     6066.5
50.001     6327     6066.5
50.001     6327     6066.5
50.001     6311     6066.5
50.001     6311     6066.5
50.001     6327     6066.5
             
50.000     6346     6089.63
50.002     6379     6089.63
50.002     6379     6089.63
50.000     6346     6089.63
50.002     6379     6089.63
50.002     6379     6089.63
50.000     6346     6089.63
50.002     6379     6089.63
50.002     6379     6089.63
50.002     6379     6089.63
             
