1       10        9       84
2       11        4        2
3       15        4       20
4       12        6      126
5       15        9       47
6        8        3       60
7       12        1       42
8        6        5      112
9       14        7       31
10        4        9      157
11       10        5       15
12       12        7       69
13        6        5       17
14        4        4       50
15       12        4      143
16       12        2       11
17       11        7       78
18       10        1       18
19        4        4       51
20       10        2      117
21       15        4       76
22        4        7        3
23        9        6       56
24        4        8      126
25       13        3      106
26       15        7       63
27        8        9      128
28        8        7      143
29        9        8      124
30        9        8      152
31        6        8       40
32       11        8        2
33        7        9       36
34       10        6      154
35        9        9       57
36        8        9        8
37        5        9       34
38       15        5       80
39       13        9       66
40       13        3        9
41        9        9       45
42       14        2       42
43        9        2       38
44        6        4      106
45       13        9       98
46       15        4       93
47       13        7       18
48       10        1      116
49        3        8      157
50        7        2       11
