1       11        1      482
2        6        6       86
3       10        7      467
4       13        4       97
5       10        9      505
6        4        2      169
7        7        6      275
8        3        9      132
9        6        6      225
10       13        1      510
11        5        4       32
12        9        8       77
13        5        5       91
14       10        3      471
15       11        5      264
16        6        8      341
17       12        9      310
18        6        2      487
19        5        3      380
20        3        6      423
21       15        2       54
22        7        3      324
23       11        8      442
24        8        5      467
25        5        6       99
26       15        9      572
27        9        2      204
28        3        1      537
29        7        5       82
30       13        1      344
31        7        3      549
32       12        7      267
33       14        7      474
34       13        2      539
35        3        9      407
36       13        6      472
37       13        1      393
38       11        5      430
39       11        3       57
40       11        6       65
41        9        2      222
42       10        6      418
43       10        5      161
44        7        3      307
45       13        9      462
46        6        8      446
47       14        4      464
48        8        9      499
49        5        5      550
50       14        4      247
51       15        7      533
52        9        2      267
53        7        7       80
54        8        4      498
55        5        8      111
56        4        8      134
57       14        6      379
58        3        3      300
59        7        2       27
60       14        9      161
61       12        4      456
62        4        8      240
63        8        8       34
64       12        6      495
65        7        5      359
66        4        9      336
67       10        6      335
68        8        7      170
69        4        7      142
70       13        1      101
71        7        4        3
72        4        3      567
73        4        5      256
74       15        2      189
75       10        5      480
76        5        3       60
77        7        7      545
78       14        8      365
79        4        8      395
80       10        6      443
81       11        1      441
82       13        4      248
83       15        8       42
84        3        9      334
85       11        8      482
86       11        2      445
87       10        4      334
88        7        4      257
89       13        7      206
90       13        7       96
91        7        7       41
92       15        6       72
93       12        8       29
94       15        8       64
95        6        4      498
96        3        9      421
97       10        1      203
98       14        5      215
99        9        9      135
100        7        3      460
101        6        8       64
102       15        8       50
103       11        7      475
104        7        2      334
105       11        7      256
106       15        9      407
107       13        4      466
108        4        8      111
109       14        2      114
110       10        2      405
111       11        1      186
112        9        7      438
113        3        5      128
114        6        7      418
115       10        3      363
116       12        9      110
117       13        5      569
118       14        4      299
119       13        5      205
120        6        8      133
121        3        1       17
122        8        8      171
123        6        2      556
124       11        3      268
125       14        6       28
126        8        9      556
127        6        2      373
128       13        3      475
129        6        9      226
130        7        6      451
131        4        7      507
132        7        3      199
133       10        3      486
134        9        6      250
135       13        7      176
136       11        2      137
137        5        5       10
138        9        3       37
139        4        7      397
140       15        6      267
141        4        1      398
142        3        2      424
143       11        9      335
144        5        7      509
145       13        1      494
146       14        5      222
147        3        2      564
148        5        4      133
149       11        3      521
150       11        8      163
151        6        6      358
152        9        4      266
153        6        7      115
154        5        1      269
155        8        2       85
156       11        9       75
157        6        7      526
158       11        9      401
159        7        7      491
160       10        2      268
161       13        1      229
162        6        7      569
163        9        5      343
164        9        3      456
165       11        3      577
166        4        6       68
167        7        7      214
168       13        8      502
169        7        8       41
170        6        1      190
171        4        5      494
172       15        8      525
173       11        8       28
174       11        7      248
175       14        7      556
176        9        5      425
177       10        3      540
178       13        4      399
179        5        1      233
180       13        9      559
181        3        5      529
182       12        9      113
183        6        7       51
184       14        6      336
185       14        9      374
186       15        8      547
187       11        1      265
188       13        1      451
189        4        1      163
190        7        5      286
191       13        2      312
192       13        8       31
193        5        3      452
194        5        6      207
195       14        3      503
196       14        2      178
197        4        9      100
198        4        4      293
199        3        2       33
200        5        8      551
