1        6        2       14
2       11        3       90
3        4        4       26
4        3        4      184
5       12        3       62
6       14        7      446
7        7        3      104
8       12        4       42
9       13        7      329
10       12        6      142
11        6        4       20
12       12        8      123
13        8        4      339
14       14        8      246
15        7        4      410
16        6        1      361
17       15        6      149
18       11        4      316
19        8        4      199
20        5        3      161
21       15        1      119
22       12        7      213
23        4        6      193
24       15        6      245
25        4        8      439
26        4        3      452
27       13        6       85
28        8        7       35
29        7        5      257
30        6        1      256
31        6        6       88
32        5        9      291
33       15        8      103
34        4        8      110
35       13        6      138
36       10        6      305
37        4        8      338
38        3        1       87
39        8        7      304
40       12        2      221
41        8        2      378
42        9        3      436
43       12        2      250
44        8        5      311
45        9        5      314
46       14        4       30
47        5        3      212
48       10        7      430
49        8        2      296
50        4        7       66
51        8        6      360
52        7        6        2
53        7        9      212
54        3        6      294
55        8        4      403
56        8        7      192
57       14        1      406
58       14        2      381
59       12        5      239
60       13        6      431
61        6        7      437
62       13        4      393
63       14        4      178
64        9        7      105
65        3        6      365
66        5        4      338
67       10        4      421
68       10        9      148
69        4        2      113
70       10        6      105
71        4        7       39
72       15        4      138
73       15        6      306
74       11        7       10
75        9        2      395
76       10        9      373
77       10        1      102
78        7        6      370
79       15        2      279
80        3        7      311
81       13        4      164
82       12        6      236
83       15        9      310
84        3        7      337
85       10        3      279
86        4        9      123
87        8        8      129
88        3        5      226
89       10        1      249
90       13        5      147
91        6        6      393
92       13        5      147
93       10        5      130
94        6        4      440
95       12        7      368
96        6        9      376
97       10        2       41
98        4        9       52
99        6        5      153
100       11        9      289
101       11        5      443
102        5        6      179
103       15        3      181
104        8        2       98
105        4        7      169
106        5        1      250
107       10        7      256
108       13        1      304
109       11        5      230
110       12        1      439
111       13        7      267
112        5        1      302
113       10        5       90
114       14        8      130
115        7        4      227
116        8        1      230
117        4        6      441
118       14        3      308
119       15        5      338
120       11        5      227
121        9        9       48
122       11        5       87
123        6        5      300
124        4        6      238
125        5        6      200
126        7        9      398
127        8        7      316
128       12        9      360
129        5        2      235
130       14        6      214
131        3        2       16
132        3        7       40
133       11        4      375
134        8        7      342
135       11        1       34
136        9        4      213
137        4        4      329
138       15        4      187
139        8        1      385
140       12        6      199
141       12        5      203
142        6        1      151
143        7        4      288
144        9        1      441
145        5        2      193
146        7        4      282
147        4        6      445
148        5        8      153
149       10        9      241
150        9        5       42
151       10        9      301
152       15        8       19
153        8        8      186
154       13        9      399
155       13        5      262
156        6        8      234
157        5        9      414
158        8        5      226
159        8        7      197
160        7        2      296
161       14        5       82
162        9        5      279
163       13        5      329
164       11        5      185
165       15        3      149
166        8        2      320
167       13        3      271
168       11        5      211
169       14        3      215
170        8        9       77
171        5        4      447
172       15        6      385
173        4        8      317
174       15        4      289
175        9        8      190
176        4        6      320
177        5        4      186
178        3        8      238
179        4        7      422
180       10        1      289
181        8        7       88
182        3        9      107
183        8        9      396
184       14        2      145
185        4        6      183
186       10        8      357
187       15        2      288
188        8        6      285
189        4        5       37
190        6        3      164
191        8        9      378
192       14        9      170
193       15        4      263
194        3        5       16
195        5        5      203
196       14        3      243
197        4        7      342
198       11        4      124
199        8        4      258
200        7        1      348
