5     1193     1076.25
5     1226     1076.25
5.001     1215     1076.25
5.001     1215     1076.25
5     1226     1076.25
5     1226     1076.25
5.001     1215     1076.25
5.001     1215     1076.25
5     1226     1076.25
5     1226     1076.25
             
5     1144     970.75
5.001     1154     970.75
5     1158     970.75
5     1158     970.75
5.001     1154     970.75
5.001     1154     970.75
5     1158     970.75
5     1158     970.75
5.001     1154     970.75
5.001     1154     970.75
             
5     1298     1132.63
5     1282     1132.63
5     1280     1132.63
5     1280     1132.63
5     1298     1132.63
5     1298     1132.63
5     1280     1132.63
5     1280     1132.63
5     1282     1132.63
5     1298     1132.63
             
5     1074     970
5     1097     970
5.001     1089     970
5.001     1089     970
5     1097     970
5     1097     970
5.001     1089     970
5.001     1089     970
5     1097     970
5     1097     970
             
5     1308     1196.75
5.001     1321     1196.75
5     1330     1196.75
5     1330     1196.75
5.001     1321     1196.75
5.001     1321     1196.75
5     1330     1196.75
5     1330     1196.75
5.001     1321     1196.75
5.001     1321     1196.75
             
5.001     1133     1017.25
5     1118     1017.25
5     1135     1017.25
5     1135     1017.25
5.001     1133     1017.25
5.001     1133     1017.25
5     1135     1017.25
5     1135     1017.25
5     1118     1017.25
5.001     1133     1017.25
             
5.001     1257     1149.88
5     1227     1149.88
5     1257     1149.88
5     1257     1149.88
5.001     1257     1149.88
5.001     1257     1149.88
5     1257     1149.88
5     1257     1149.88
5     1227     1149.88
5.001     1257     1149.88
             
5     1180     1067
5.001     1184     1067
5     1207     1067
5     1207     1067
5.001     1184     1067
5.001     1184     1067
5     1207     1067
5     1207     1067
5.001     1184     1067
5.001     1184     1067
             
5     1216     1077.75
5     1189     1077.75
5     1187     1077.75
5     1187     1077.75
5     1216     1077.75
5     1216     1077.75
5     1187     1077.75
5     1187     1077.75
5     1189     1077.75
5     1216     1077.75
             
5     1257     1128.25
5     1267     1128.25
5     1258     1128.25
5     1258     1128.25
5     1267     1128.25
5     1267     1128.25
5     1258     1128.25
5     1258     1128.25
5     1267     1128.25
5     1267     1128.25
             
