5     1182     1076.25
5     1182     1076.25
5     1157     1076.25
5     1157     1076.25
5     1182     1076.25
5     1182     1076.25
5     1157     1076.25
5     1157     1076.25
5     1182     1076.25
5     1182     1076.25
             
5     1103     970.75
5     1090     970.75
5.001     1115     970.75
5.001     1115     970.75
5     1103     970.75
5     1103     970.75
5.001     1115     970.75
5.001     1115     970.75
5     1090     970.75
5     1103     970.75
             
5     1228     1132.63
5     1227     1132.63
5.001     1228     1132.63
5.001     1228     1132.63
5     1227     1132.63
5     1227     1132.63
5.001     1228     1132.63
5.001     1228     1132.63
5     1227     1132.63
5     1228     1132.63
             
5     1045     970
5     1042     970
5.001     1030     970
5.001     1030     970
5     1042     970
5     1042     970
5.001     1030     970
5.001     1030     970
5     1042     970
5     1045     970
             
5.001     1294     1196.75
5     1268     1196.75
5     1260     1196.75
5     1260     1196.75
5.001     1294     1196.75
5.001     1294     1196.75
5     1260     1196.75
5     1260     1196.75
5     1268     1196.75
5.001     1294     1196.75
             
5.001     1072     1017.25
5     1097     1017.25
5     1098     1017.25
5     1098     1017.25
5.001     1097     1017.25
5.001     1097     1017.25
5     1098     1017.25
5     1098     1017.25
5     1097     1017.25
5.001     1097     1017.25
             
5     1192     1149.88
5.001     1204     1149.88
5     1204     1149.88
5     1196     1149.88
5.001     1204     1149.88
5.001     1204     1149.88
5     1196     1149.88
5     1204     1149.88
5.001     1204     1149.88
5.001     1204     1149.88
             
5.001     1141     1067
5     1138     1067
5     1132     1067
5     1141     1067
5.001     1141     1067
5.001     1141     1067
5     1141     1067
5     1132     1067
5     1138     1067
5.001     1141     1067
             
5     1174     1077.75
5     1148     1077.75
5     1174     1077.75
5     1148     1077.75
5     1174     1077.75
5     1174     1077.75
5     1148     1077.75
5     1174     1077.75
5     1148     1077.75
5     1174     1077.75
             
5     1207     1128.25
5     1233     1128.25
5.001     1228     1128.25
5.001     1228     1128.25
5     1235     1128.25
5     1235     1128.25
5.001     1228     1128.25
5.001     1228     1128.25
5     1233     1128.25
5     1233     1128.25
             
