5.005     1151     1076.25
5.001     1167     1076.25
5     1179     1076.25
5     1179     1076.25
5.005     1167     1076.25
5.005     1167     1076.25
5     1179     1076.25
5     1179     1076.25
5.001     1167     1076.25
5.005     1167     1076.25
             
5     1128     970.75
5     1113     970.75
5.001     1103     970.75
5.001     1103     970.75
5     1128     970.75
5     1128     970.75
5.001     1103     970.75
5.001     1103     970.75
5     1113     970.75
5     1128     970.75
             
5.001     1243     1132.63
5     1248     1132.63
5     1245     1132.63
5     1245     1132.63
5.001     1248     1132.63
5.001     1248     1132.63
5     1245     1132.63
5     1245     1132.63
5     1248     1132.63
5.001     1248     1132.63
             
5     1046     970
5     1053     970
5     1036     970
5     1036     970
5     1053     970
5     1053     970
5     1036     970
5     1036     970
5     1053     970
5     1053     970
             
5     1276     1196.75
5     1301     1196.75
5.001     1265     1196.75
5.001     1265     1196.75
5     1301     1196.75
5     1301     1196.75
5.001     1265     1196.75
5.001     1265     1196.75
5     1301     1196.75
5     1301     1196.75
             
5     1066     1017.25
5.001     1087     1017.25
5     1092     1017.25
5     1092     1017.25
5.001     1087     1017.25
5.001     1087     1017.25
5     1092     1017.25
5     1092     1017.25
5.001     1087     1017.25
5.001     1087     1017.25
             
5.007     1225     1149.88
5     1210     1149.88
5     1224     1149.88
5     1224     1149.88
5.007     1225     1149.88
5.007     1225     1149.88
5     1224     1149.88
5     1224     1149.88
5     1210     1149.88
5.007     1225     1149.88
             
5     1150     1067
5     1144     1067
5.001     1155     1067
5.001     1155     1067
5     1150     1067
5     1150     1067
5.001     1155     1067
5.001     1155     1067
5     1144     1067
5     1150     1067
             
5.001     1148     1077.75
5     1154     1077.75
5     1148     1077.75
5     1148     1077.75
5.001     1154     1077.75
5.001     1154     1077.75
5     1148     1077.75
5     1148     1077.75
5     1154     1077.75
5.001     1154     1077.75
             
5.001     1217     1128.25
5     1236     1128.25
5     1239     1128.25
5     1239     1128.25
5.001     1236     1128.25
5.001     1236     1128.25
5     1239     1128.25
5     1239     1128.25
5     1236     1128.25
5.001     1236     1128.25
             
