1     7     48     62
2     47     90     172
3     39     12     49
4     6     41     120
5     1     59     89
6     34     75     26
7     34     51     171
8     40     1     23
9     36     37     167
10     40     19     39
11     34     84     82
12     25     16     63
13     4     67     32
14     20     11     229
15     5     80     30
16     25     90     52
17     19     80     6
18     9     57     78
19     41     79     46
20     6     37     111
21     14     69     162
22     45     4     34
23     21     71     98
24     16     57     50
25     13     34     24
26     15     4     44
27     17     17     234
28     37     19     17
29     48     94     89
30     32     11     148
31     12     19     0
32     39     94     182
33     24     64     24
34     17     18     37
35     23     33     71
36     31     28     32
37     36     69     37
38     11     43     83
39     38     39     165
40     4     60     17
41     28     63     79
42     3     23     156
43     20     69     25
44     48     97     100
45     33     13     81
46     38     96     112
47     13     19     113
48     8     88     53
49     41     16     68
50     15     32     108
