5.003     521     486.6
5.006     519     486.6
5.004     520     486.6
5.004     520     486.6
5.006     519     486.6
5.006     519     486.6
5.004     520     486.6
5.004     520     486.6
5.006     519     486.6
5.003     519     486.6
             
5.002     443     425.8
5.001     444     425.8
5.002     443     425.8
5.002     443     425.8
5.002     444     425.8
5.002     444     425.8
5.002     443     425.8
5.002     443     425.8
5.001     444     425.8
5.001     443     425.8
             
5.003     489     459.8
5.002     492     459.8
5.003     489     459.8
5.003     489     459.8
5.003     489     459.8
5.003     489     459.8
5.003     489     459.8
5.003     489     459.8
5.002     492     459.8
5.002     489     459.8
             
5.001     470     443.4
5.003     468     443.4
5.001     469     443.4
5.001     469     443.4
5.003     470     443.4
5.003     470     443.4
5.001     469     443.4
5.001     469     443.4
5.003     468     443.4
5.001     468     443.4
             
5.001     523     477
5     523     477
5.003     523     477
5.003     523     477
5.001     524     477
5.001     524     477
5.003     523     477
5.003     523     477
5     523     477
5     523     477
             
5     497     466.2
5.002     498     466.2
5.006     500     466.2
5.006     497     466.2
5.002     497     466.2
5.002     497     466.2
5.006     497     466.2
5.006     500     466.2
5.002     498     466.2
5     497     466.2
             
5.002     492     459.6
5.001     495     459.6
5.001     492     459.6
5.001     494     459.6
5.002     492     459.6
5.002     492     459.6
5.001     494     459.6
5.001     492     459.6
5.001     495     459.6
5.001     492     459.6
             
5.002     425     405.8
5.005     425     405.8
5.005     431     405.8
5.005     425     405.8
5.005     432     405.8
5.005     432     405.8
5.005     425     405.8
5.005     431     405.8
5.005     425     405.8
5.002     425     405.8
             
5.004     457     438.4
5.007     466     438.4
5     457     438.4
5     465     438.4
5.007     457     438.4
5.007     457     438.4
5     465     438.4
5     457     438.4
5.007     466     438.4
5.004     457     438.4
             
5.003     486     459.6
5.007     488     459.6
5.002     480     459.6
5.002     480     459.6
5.007     480     459.6
5.007     480     459.6
5.002     480     459.6
5.002     480     459.6
5.007     488     459.6
5.003     486     459.6
             
