10.400     966     922.6
10.198     966     922.6
10.095     976     922.6
10.133     966     922.6
10.134     966     922.6
10.134     966     922.6
10.133     966     922.6
10.095     976     922.6
10.198     966     922.6
10.400     966     922.6
             
10.080     1004     934.6
10.139     1003     934.6
10.279     1001     934.6
10.279     1001     934.6
10.279     991     934.6
10.279     991     934.6
10.279     1001     934.6
10.279     1001     934.6
10.139     1003     934.6
10.139     1004     934.6
             
10.146     1002     951
10.006     989     951
10.376     989     951
10.318     995     951
10.318     995     951
10.318     995     951
10.318     995     951
10.376     989     951
10.006     989     951
10.146     989     951
             
10.159     1035     977.8
10.101     1033     977.8
10.263     1035     977.8
10.318     1029     977.8
10.318     1031     977.8
10.318     1031     977.8
10.318     1029     977.8
10.263     1035     977.8
10.101     1033     977.8
10.159     1035     977.8
             
10.392     1008     939.2
10.127     1004     939.2
10.452     1007     939.2
10.226     1000     939.2
10.452     1007     939.2
10.452     1007     939.2
10.226     1000     939.2
10.452     1007     939.2
10.127     1004     939.2
10.392     1008     939.2
             
10.116     1043     980
10.046     1045     980
10.161     1046     980
10.358     1044     980
10.358     1046     980
10.358     1046     980
10.358     1044     980
10.161     1046     980
10.046     1045     980
10.116     1045     980
             
10.438     965     941
10.246     972     941
10.228     975     941
10.058     977     941
10.159     977     941
10.159     977     941
10.058     977     941
10.228     975     941
10.246     972     941
10.438     972     941
             
10.060     919     879.8
10.313     916     879.8
10.313     916     879.8
10.064     919     879.8
10.313     919     879.8
10.313     919     879.8
10.064     919     879.8
10.313     916     879.8
10.313     916     879.8
10.313     919     879.8
             
10.131     1000     962.6
10.395     1012     962.6
10.359     1011     962.6
10.163     1018     962.6
10.359     1018     962.6
10.359     1018     962.6
10.163     1018     962.6
10.359     1011     962.6
10.395     1012     962.6
10.395     1012     962.6
             
10.033     1038     989.4
10.322     1044     989.4
10.355     1048     989.4
10.297     1052     989.4
10.367     1052     989.4
10.367     1052     989.4
10.297     1052     989.4
10.355     1048     989.4
10.322     1044     989.4
10.322     1044     989.4
             
