10.029     958     922.6
10.020     959     922.6
10.020     959     922.6
10.025     960     922.6
10.025     960     922.6
10.025     960     922.6
10.025     960     922.6
10.020     959     922.6
10.020     959     922.6
10.020     958     922.6
             
10.015     984     934.6
10.019     985     934.6
10.019     985     934.6
10.015     984     934.6
10.019     985     934.6
10.019     985     934.6
10.015     984     934.6
10.019     985     934.6
10.019     985     934.6
10.015     984     934.6
             
10.023     989     951
10.005     988     951
10.039     990     951
10.023     987     951
10.023     987     951
10.023     987     951
10.023     987     951
10.039     990     951
10.005     988     951
10.005     988     951
             
10.024     1027     977.8
10.019     1030     977.8
10.019     1017     977.8
10.030     1026     977.8
10.030     1017     977.8
10.030     1017     977.8
10.030     1026     977.8
10.019     1017     977.8
10.019     1030     977.8
10.019     1027     977.8
             
10.007     995     939.2
10.024     993     939.2
10.019     992     939.2
10.019     996     939.2
10.023     992     939.2
10.023     992     939.2
10.019     996     939.2
10.019     992     939.2
10.024     993     939.2
10.007     993     939.2
             
10.025     1031     980
10.021     1031     980
10.021     1031     980
10.025     1031     980
10.025     1031     980
10.025     1031     980
10.025     1031     980
10.021     1031     980
10.021     1031     980
10.021     1031     980
             
10.007     962     941
10.005     963     941
10.001     962     941
10.022     963     941
10.022     967     941
10.022     967     941
10.022     963     941
10.001     962     941
10.005     963     941
10.005     962     941
             
10.010     908     879.8
10.023     907     879.8
10.024     908     879.8
10.007     907     879.8
10.024     908     879.8
10.024     908     879.8
10.007     907     879.8
10.024     908     879.8
10.023     907     879.8
10.010     907     879.8
             
10.013     994     962.6
10.028     995     962.6
10.007     998     962.6
10.009     994     962.6
10.029     996     962.6
10.029     996     962.6
10.009     994     962.6
10.007     998     962.6
10.028     995     962.6
10.013     994     962.6
             
10.006     1032     989.4
10.009     1032     989.4
10.023     1032     989.4
10.030     1033     989.4
10.024     1032     989.4
10.024     1032     989.4
10.030     1033     989.4
10.023     1032     989.4
10.009     1032     989.4
10.006     1032     989.4
             
