1     75     13     1309
2     5     28     15
3     6     31     411
4     55     43     1800
5     77     10     163
6     10     26     408
7     22     17     943
8     22     23     973
9     43     43     712
10     33     44     895
11     10     1     1611
12     98     35     288
13     53     19     589
14     43     24     101
15     40     40     985
16     57     15     739
17     71     12     803
18     37     42     1450
19     37     35     248
20     9     13     1357
21     47     22     477
22     84     46     2385
23     58     43     54
24     69     33     1184
25     95     36     2311
26     46     34     179
27     67     29     1806
28     19     1     453
29     91     13     188
30     15     49     2128
31     46     44     64
32     89     24     1311
33     90     18     38
34     89     15     1240
35     66     40     503
36     63     18     1231
37     87     22     279
38     29     13     1179
39     40     6     2123
40     52     44     299
41     43     38     1295
42     99     23     356
43     47     27     132
44     40     2     700
45     64     31     1742
46     18     34     423
47     95     31     262
48     4     31     1383
49     81     14     570
50     62     34     1919
51     19     48     216
52     80     25     1915
53     42     19     385
54     64     25     2134
55     33     19     72
56     40     29     1092
57     33     35     73
58     87     14     2381
59     50     27     190
60     64     31     327
61     76     30     170
62     22     33     443
63     9     49     2126
64     5     15     172
65     14     37     2184
66     92     42     546
67     9     31     826
68     12     14     2130
69     18     17     407
70     65     29     2017
71     97     38     300
72     11     3     1724
73     66     3     47
74     80     26     882
75     8     9     1977
76     66     21     43
77     62     7     1196
78     11     44     357
79     26     22     726
80     47     44     379
81     9     16     1775
82     25     18     341
83     25     31     1338
84     65     44     31
85     23     5     1020
86     4     7     2408
87     87     34     115
88     23     10     135
89     21     47     1963
90     69     40     315
91     85     25     1120
92     66     33     1121
93     18     43     1232
94     35     49     557
95     37     28     293
96     32     32     38
97     25     4     1953
98     2     29     17
99     35     15     1591
100     73     38     26
101     98     47     433
102     47     19     1014
103     18     22     2266
104     7     34     535
105     87     36     423
106     52     31     1870
107     52     27     282
108     89     34     1184
109     50     16     488
110     66     48     2118
111     21     6     17
112     67     1     1748
113     69     49     389
114     83     19     2248
115     16     3     504
116     96     16     1570
117     53     29     340
118     81     17     353
119     5     33     2047
120     62     1     181
121     41     5     1002
122     62     33     2085
123     31     27     133
124     83     7     2254
125     98     5     565
126     71     3     1185
127     38     11     1495
128     26     48     332
129     60     27     2398
130     30     41     155
131     48     25     276
132     65     22     2152
133     49     35     323
134     38     7     2015
135     54     31     35
136     55     17     1149
137     3     26     1490
138     69     14     449
139     47     10     1509
140     68     19     238
141     84     23     1599
142     67     10     417
143     59     47     778
144     95     4     2247
145     44     21     330
146     44     4     707
147     15     15     899
148     22     38     536
149     48     6     1037
150     54     35     1247
151     24     11     555
152     43     46     2036
153     14     14     315
154     34     18     1685
155     4     47     462
156     50     27     1670
157     23     24     506
158     40     27     248
159     74     36     2245
160     43     1     17
161     80     47     2373
162     17     30     1
163     37     32     1402
164     85     24     24
165     56     20     74
166     91     15     258
167     62     6     1010
168     27     45     2266
169     73     10     90
170     36     33     899
171     40     25     8
172     52     20     2329
173     94     30     178
174     38     12     1483
175     57     6     196
176     88     15     1619
177     25     5     308
178     68     6     1753
179     66     37     34
180     44     48     260
181     18     1     2340
182     5     9     163
183     2     44     186
184     85     14     153
185     28     17     1200
186     85     42     1852
187     88     22     95
188     68     4     919
189     25     13     438
190     66     10     2260
191     56     41     109
192     31     11     2024
193     78     21     569
194     53     17     258
195     91     8     1118
196     49     10     337
197     27     44     758
198     18     26     1147
199     50     37     1375
200     6     10     347
201     32     48     1984
202     62     40     384
203     76     24     727
204     98     42     1498
205     83     4     233
206     98     32     285
207     32     14     131
208     63     39     1030
209     82     49     2072
210     92     4     548
211     79     6     43
212     77     15     865
213     43     28     450
214     53     35     890
215     12     39     1577
216     90     34     77
217     92     45     67
218     20     16     2424
219     25     22     146
220     18     11     1639
221     37     14     239
222     1     10     1647
223     20     11     122
224     61     4     706
225     62     42     2265
226     19     12     262
227     15     47     1303
228     17     4     59
229     3     11     1583
230     67     5     209
231     43     32     112
232     70     1     1813
233     46     25     243
234     5     41     1503
235     84     11     582
236     13     39     192
237     3     6     1370
238     77     13     245
239     29     15     1083
240     40     41     158
241     39     44     1156
242     95     17     1383
243     82     15     39
244     59     23     2061
245     37     29     71
246     67     20     548
247     88     22     1174
248     31     11     2043
249     79     10     157
250     85     11     746
251     26     38     1528
252     44     18     59
253     37     32     1415
254     87     17     249
255     41     36     475
256     67     42     1571
257     29     25     452
258     45     22     2229
259     33     14     598
260     17     19     112
261     4     32     2001
262     51     27     359
263     22     49     1754
264     81     34     115
265     13     17     2402
266     77     47     74
267     7     2     1918
268     42     43     361
269     37     6     1583
270     98     28     19
271     86     28     2057
272     37     44     8
273     27     19     1539
274     8     33     541
275     85     27     562
276     8     24     1595
277     71     9     547
278     63     23     1356
279     70     23     587
280     35     31     1833
281     68     28     174
282     64     19     1712
283     26     41     544
284     44     29     1690
285     36     39     405
286     47     43     2106
287     26     12     467
288     16     43     1516
289     47     29     117
290     68     14     1157
291     88     43     1793
292     27     13     530
293     5     28     653
294     98     34     1493
295     96     20     591
296     35     22     1720
297     12     7     28
298     22     45     2017
299     83     48     419
300     4     20     2
301     9     8     481
302     57     18     1986
303     27     42     295
304     20     21     555
305     39     31     1752
306     7     36     484
307     86     49     802
308     85     3     2257
309     34     29     28
310     50     28     1928
311     32     12     350
312     4     42     1278
313     14     14     400
314     1     24     1308
315     10     4     491
316     72     21     901
317     29     17     2202
318     37     37     470
319     92     25     1369
320     80     26     443
321     11     7     1512
322     7     15     405
323     88     47     411
324     95     49     1661
325     80     41     469
326     53     46     1771
327     45     45     423
328     82     48     930
329     14     18     23
330     95     17     2396
331     74     41     108
332     25     47     966
333     10     37     796
334     95     34     2302
335     39     18     542
336     40     19     1992
337     70     24     551
338     63     8     1380
339     79     22     34
340     50     16     640
341     19     44     1205
342     40     44     1463
343     38     12     518
344     26     4     1585
345     41     41     206
346     38     21     737
347     58     10     1925
348     30     8     467
349     60     23     1748
350     89     43     195
351     72     37     1474
352     69     41     573
353     30     41     1081
354     46     42     645
355     53     28     1824
356     45     22     256
357     28     5     985
358     35     11     2129
359     60     15     37
360     65     30     1157
361     91     47     1589
362     42     11     314
363     62     40     902
364     89     9     856
365     41     23     1647
366     47     35     12
367     15     33     2216
368     14     22     281
369     16     15     793
370     99     40     234
371     27     14     1768
372     42     2     71
373     68     20     2113
374     56     41     595
375     97     25     2364
376     38     42     99
377     34     30     1296
378     46     40     239
379     71     33     2200
380     27     43     52
381     36     24     1087
382     89     28     1053
383     18     25     2170
384     91     33     3
385     4     29     1176
386     55     44     275
387     81     17     1168
388     49     49     1284
389     5     1     198
390     49     39     626
391     11     32     507
392     79     5     1522
393     11     1     75
394     37     14     1847
395     93     13     565
396     37     20     513
397     79     6     1623
398     85     8     55
399     11     38     186
400     35     44     81
401     59     36     667
402     42     40     278
403     2     12     1189
404     64     17     1079
405     50     46     1153
406     89     20     1770
407     82     22     204
408     18     5     2360
409     77     42     51
410     41     10     1232
411     53     3     594
412     19     38     1609
413     21     30     520
414     61     15     1710
415     57     39     187
416     74     41     1484
417     50     36     488
418     15     15     2231
419     17     47     354
420     44     30     991
421     17     5     890
422     44     48     294
423     59     42     1342
424     22     9     476
425     59     49     160
426     59     13     2318
427     27     22     39
428     39     18     2314
429     17     15     327
430     84     43     1982
431     31     1     606
432     20     39     388
433     41     39     1786
434     80     46     80
435     24     30     451
436     41     33     2085
437     65     37     353
438     23     38     567
439     46     3     2235
440     88     36     38
441     37     5     179
442     18     48     1265
443     19     24     310
444     98     46     1215
445     48     38     161
446     33     4     1713
447     86     34     36
448     28     3     2076
449     82     48     341
450     81     45     329
451     86     41     411
452     32     28     2066
453     34     32     472
454     51     19     966
455     97     38     1160
456     76     27     672
457     60     29     1074
458     79     37     1158
459     40     16     604
460     13     24     1803
461     70     2     449
462     63     16     1436
463     2     4     101
464     76     18     885
465     67     39     1872
466     21     31     71
467     98     30     124
468     18     35     1380
469     92     29     97
470     12     8     1152
471     6     32     2184
472     89     41     23
473     8     26     285
474     9     28     482
475     44     30     2380
476     32     13     430
477     47     8     660
478     79     36     894
479     52     18     63
480     33     16     692
481     76     41     2369
482     43     1     234
483     38     27     2404
484     78     28     449
485     59     49     253
486     26     45     1009
487     7     18     2170
488     81     45     139
489     99     35     1776
490     55     36     355
491     20     10     2226
492     78     5     102
493     16     39     1506
494     95     28     586
495     23     49     812
496     63     23     1924
497     15     34     507
498     34     31     1521
499     36     23     604
500     9     20     722
