1     67     32     168
2     85     42     742
3     27     34     760
4     52     7     1756
5     74     34     417
6     47     16     1303
7     95     2     338
8     27     3     1082
9     24     22     2127
10     72     3     178
11     80     46     1908
12     91     10     196
13     68     19     510
14     72     21     752
15     61     29     517
16     86     27     1704
17     79     31     376
18     76     32     2067
19     27     19     365
20     43     28     1554
21     78     23     355
22     59     12     1944
23     13     6     198
24     88     5     33
25     74     38     1485
26     94     11     221
27     81     33     1122
28     47     45     658
29     75     11     977
30     56     15     404
31     42     40     2256
32     79     14     312
33     18     21     1144
34     74     36     1196
35     44     10     45
36     81     36     670
37     26     6     1400
38     38     26     501
39     80     43     1434
40     28     2     347
41     83     49     2101
42     60     6     90
43     48     5     2304
44     63     38     144
45     49     27     1403
46     34     10     188
47     35     14     948
48     7     8     1613
49     55     2     530
50     8     16     2506
51     15     35     50
52     41     11     794
53     83     17     2487
54     5     12     447
55     79     48     450
56     77     6     1660
57     69     37     135
58     7     39     472
59     76     41     948
60     78     49     988
61     35     31     436
62     54     2     429
63     64     4     381
64     26     17     1485
65     40     2     56
66     5     40     1576
67     27     6     216
68     80     46     2392
69     4     20     449
70     22     42     1449
71     84     33     67
72     64     43     757
73     89     18     1902
74     94     49     351
75     77     29     1504
76     7     24     366
77     21     3     64
78     2     33     2331
79     99     14     234
80     96     34     1384
81     16     27     290
82     1     19     145
83     53     1     274
84     69     23     14
85     21     20     1969
86     29     35     527
87     88     35     861
88     25     7     1753
89     59     38     618
90     63     22     825
91     31     36     717
92     89     36     1378
93     87     11     32
94     57     25     738
95     60     31     1476
96     1     6     576
97     96     23     1426
98     38     36     467
99     63     48     2079
100     94     13     603
101     8     3     2172
102     83     44     400
103     73     12     1769
104     97     41     40
105     35     18     315
106     93     42     1823
107     60     42     145
108     56     29     1221
109     15     31     1495
110     34     43     263
111     67     1     1861
112     58     30     240
113     31     35     2455
114     31     48     533
115     67     49     2119
116     78     15     80
117     26     35     2345
118     31     43     112
119     76     35     741
120     53     20     1014
121     45     15     724
122     55     3     354
123     12     19     1570
124     87     29     436
125     73     24     806
126     19     18     256
127     44     45     1530
128     50     39     6
129     45     5     60
130     21     27     2237
131     96     39     195
132     58     32     2008
133     98     11     362
134     77     20     1916
135     77     34     120
136     42     20     2484
137     10     44     494
138     34     7     1466
139     25     14     507
140     7     47     2005
141     92     47     346
142     47     32     2214
143     1     16     272
144     20     19     45
145     51     33     777
146     79     30     1483
147     92     17     382
148     80     12     1506
149     18     20     39
150     99     43     2033
151     68     32     237
152     84     47     296
153     2     31     742
154     37     40     1843
155     48     4     276
156     44     7     330
157     53     47     2101
158     88     13     323
159     47     30     1721
160     49     46     306
161     41     42     746
162     96     2     1334
163     4     4     530
164     37     45     85
165     6     18     138
166     76     5     2085
167     28     42     268
168     56     39     1647
169     86     12     236
170     36     3     1259
171     85     25     321
172     90     33     1532
173     31     40     358
174     81     26     522
175     2     1     1453
176     23     20     575
177     18     1     1162
178     39     33     935
179     37     12     1646
180     92     18     396
181     82     40     1662
182     45     28     506
183     84     36     314
184     77     23     131
185     5     8     1422
186     15     33     275
187     68     39     1673
188     55     11     115
189     26     15     264
190     15     28     2149
191     29     1     385
192     34     11     578
193     87     31     2474
194     34     8     343
195     11     28     165
196     59     43     144
197     63     22     2361
198     98     35     9
199     91     13     765
200     42     1     1469
201     98     16     420
202     95     47     1388
203     51     21     93
204     22     9     1190
205     80     30     2018
206     34     9     142
207     11     14     907
208     58     48     827
209     99     8     1942
210     27     17     612
211     97     31     2368
212     52     17     55
213     1     41     607
214     35     49     2126
215     50     47     614
216     82     29     965
217     36     38     392
218     85     34     2175
219     60     32     395
220     37     21     1891
221     67     16     155
222     54     11     515
223     95     48     1305
224     99     17     165
225     47     23     2040
226     27     30     36
227     19     30     1759
228     23     8     303
229     35     14     781
230     11     40     1401
231     12     44     509
232     50     30     1423
233     14     18     46
234     86     38     440
235     65     31     1452
236     51     19     481
237     55     27     1464
238     12     33     110
239     79     10     951
240     39     41     1030
241     31     20     2339
242     27     35     358
243     81     7     2375
244     84     8     136
245     84     5     1464
246     1     32     313
247     52     42     438
248     89     21     2088
249     79     35     335
250     87     17     1959
251     81     28     100
252     49     19     947
253     80     48     881
254     8     38     1486
255     11     49     85
256     51     26     132
257     26     48     1744
258     57     9     461
259     96     48     429
260     7     38     212
261     37     46     967
262     90     33     355
263     74     17     991
264     33     34     926
265     99     23     105
266     90     20     1754
267     11     34     185
268     22     36     2245
269     52     23     54
270     48     20     1523
271     88     14     137
272     91     25     1561
273     40     34     530
274     44     36     696
275     6     11     995
276     28     28     757
277     64     27     1835
278     27     8     467
279     54     30     606
280     96     39     726
281     56     16     180
282     31     48     783
283     13     28     2508
284     24     49     330
285     13     37     233
286     49     25     1317
287     49     20     421
288     5     9     1519
289     59     6     416
290     2     34     459
291     27     11     433
292     24     31     841
293     2     29     861
294     77     30     1930
295     22     13     174
296     45     36     2078
297     28     10     441
298     63     33     432
299     98     30     1096
300     70     47     545
301     69     28     7
302     39     43     1515
303     8     13     315
304     70     11     2078
305     44     1     565
306     19     47     720
307     65     48     1983
308     90     3     230
309     9     23     1764
310     7     31     198
311     2     5     1350
312     84     11     105
313     89     32     675
314     19     16     1179
315     93     33     151
316     93     32     252
317     21     13     1834
318     68     43     342
319     56     21     2180
320     42     33     230
321     10     32     224
322     4     48     704
323     82     32     727
324     30     27     1233
325     59     34     1491
326     37     21     455
327     36     6     1103
328     11     8     921
329     62     20     523
330     46     3     787
331     54     16     1088
332     60     25     72
333     52     14     1392
334     76     18     588
335     43     46     1247
336     60     46     1741
337     49     20     529
338     90     1     803
339     60     15     1515
340     48     12     171
341     50     35     1336
342     37     27     311
343     15     9     2229
344     7     48     355
345     84     11     1848
346     57     46     232
347     16     12     1793
348     58     27     573
349     32     15     389
350     91     18     1602
351     60     39     552
352     98     31     1029
353     89     45     2486
354     31     25     399
355     13     47     351
356     32     44     88
357     40     25     317
358     89     11     1074
359     91     44     1587
360     89     3     155
361     82     13     593
362     4     25     983
363     33     12     1448
364     84     1     314
365     55     2     569
366     74     23     2104
367     27     30     600
368     63     18     479
369     17     49     1639
370     4     29     511
371     38     43     426
372     18     13     1986
373     46     41     467
374     17     28     799
375     74     11     168
376     87     39     612
377     26     29     54
378     12     4     1924
379     75     45     294
380     36     12     2033
381     66     2     471
382     11     19     225
383     52     10     1839
384     91     27     146
385     40     44     871
386     59     49     217
387     47     47     1799
388     44     47     380
389     1     27     274
390     58     5     1964
391     92     38     45
392     86     10     2425
393     95     44     574
394     53     12     1286
395     15     19     282
396     67     40     799
397     12     7     114
398     44     17     1266
399     76     1     295
400     6     1     1088
401     81     22     2107
402     45     43     262
403     19     41     220
404     35     40     1061
405     52     42     779
406     52     49     1887
407     47     47     417
408     4     13     1094
409     36     1     1601
410     17     46     17
411     46     41     825
412     63     5     929
413     54     12     520
414     10     2     1590
415     4     17     367
416     5     21     885
417     25     42     140
418     73     5     2184
419     7     35     265
420     29     19     265
421     14     12     515
422     65     8     1133
423     1     1     1971
424     38     23     385
425     8     30     2222
426     25     23     317
427     93     39     368
428     41     27     1000
429     89     25     779
430     50     4     197
431     87     27     630
432     60     7     1589
433     63     26     416
434     97     25     1503
435     45     14     497
436     75     37     1351
437     74     8     526
438     82     15     641
439     54     21     605
440     77     40     170
441     44     6     1997
442     12     6     330
443     41     15     2170
444     25     41     291
445     82     18     2210
446     88     36     350
447     19     3     2208
448     55     26     236
449     31     40     1204
450     65     47     86
451     21     26     1907
452     73     4     125
453     11     40     1315
454     21     15     505
455     32     3     1742
456     64     4     176
457     7     48     1176
458     89     48     1104
459     23     27     721
460     78     25     170
461     29     39     1459
462     97     41     548
463     72     7     673
464     33     31     854
465     21     29     266
466     19     5     1106
467     29     17     105
468     31     20     621
469     44     46     1163
470     2     46     759
471     4     14     1037
472     35     43     1297
473     26     18     392
474     67     44     2074
475     70     25     55
476     11     2     279
477     13     48     286
478     69     3     2306
479     60     2     265
480     48     17     1863
481     81     18     2
482     87     26     1851
483     37     48     167
484     6     28     1415
485     99     44     141
486     97     32     2027
487     48     37     350
488     89     35     2168
489     42     7     414
490     2     44     2477
491     63     25     284
492     73     7     1432
493     41     9     449
494     97     38     865
495     56     11     1131
496     68     45     35
497     66     27     1257
498     34     18     321
499     15     17     2073
500     27     24     15
