2.297     1353     1353
2.562     1353     1353
2.562     1353     1353
2.297     1353     1353
2.562     1353     1353
2.562     1353     1353
2.297     1353     1353
2.562     1353     1353
2.562     1353     1353
2.562     1353     1353
             
0.875     1431     1431
10.001     1431     1431
10.001     1431     1431
0.875     1431     1431
10.001     1431     1431
10.001     1431     1431
0.875     1431     1431
10.001     1431     1431
10.001     1431     1431
10.001     1431     1431
             
2.016     1316     1316
1.344     1316     1316
1.344     1316     1316
2.016     1324     1316
2.016     1316     1316
2.016     1316     1316
2.016     1324     1316
1.344     1316     1316
1.344     1316     1316
2.016     1316     1316
             
0.641     1351     1351
2.656     1351     1351
2.656     1351     1351
0.641     1351     1351
2.656     1351     1351
2.656     1351     1351
0.641     1351     1351
2.656     1351     1351
2.656     1351     1351
2.656     1351     1351
             
2.578     1257     1257
10.282     1279     1257
10.282     1279     1257
2.578     1257     1257
2.578     1279     1257
2.578     1279     1257
2.578     1257     1257
10.282     1279     1257
10.282     1279     1257
2.578     1279     1257
             
2.141     1339     1339
0.515     1339     1339
0.515     1339     1339
2.141     1339     1339
2.141     1339     1339
2.141     1339     1339
2.141     1339     1339
0.515     1339     1339
0.515     1339     1339
2.141     1339     1339
             
2.594     1297     1297
1.688     1297     1297
1.688     1297     1297
2.594     1297     1297
2.594     1297     1297
2.594     1297     1297
2.594     1297     1297
1.688     1297     1297
1.688     1297     1297
2.594     1297     1297
             
6.5     1189     1189
2.172     1189     1189
2.172     1189     1189
6.5     1189     1189
6.5     1189     1189
6.5     1189     1189
6.5     1189     1189
2.172     1189     1189
2.172     1189     1189
6.5     1189     1189
             
1.484     1246     1246
1.75     1246     1246
1.75     1246     1246
1.484     1246     1246
1.75     1246     1246
1.75     1246     1246
1.484     1246     1246
1.75     1246     1246
1.75     1246     1246
1.75     1246     1246
             
10.766     1414     1403
10.813     1404     1403
10.813     1404     1403
10.766     1414     1403
10.813     1414     1403
10.813     1414     1403
10.766     1414     1403
10.813     1404     1403
10.813     1404     1403
10.813     1414     1403
             
