1        7        5      226
2        8        6      420
3        9        8      118
4       11        4      355
5        3        1      116
6        4        8      178
7       13        3      366
8        8        7      329
9       15        2      459
10       14        4      446
11        9        3      122
12        7        6      296
13        6        7      336
14        5        4      223
15        3        7      449
16       10        7      273
17        9        5       46
18        7        7      381
19        9        6      154
20       15        7      240
21       10        4       67
22        8        5      438
23        5        6       68
24       15        5      392
25       15        3      373
26        4        6       16
27        9        9        5
28        5        7      266
29       12        6      518
30       12        2      523
31        9        1      126
32        9        4       43
33       12        5      148
34       12        2      263
35        7        2      215
36       10        2       71
37       14        8      189
38       15        5      281
39        6        2      448
40        4        6      144
41       13        6      308
42        6        3      515
43        4        4      551
44        7        5      396
45       12        2       78
46        7        3      516
47       14        6      395
48       10        6       74
49        6        5      379
50       14        7       41
51        7        9      136
52       12        2      446
53        4        5      392
54       12        9      508
55        8        7      176
56       14        1        7
57       12        7       83
58        7        7      355
59       12        6      301
60       15        5       12
61        6        2      306
62        6        1      357
63        4        8      199
64       10        5      514
65        7        1      371
66        3        7       90
67       15        3      188
68        8        7       13
69       13        1      479
70        7        7      301
71       14        2       15
72       14        6      193
73        4        8      541
74       12        7      109
75       10        1      390
76        6        5      499
77        6        5      237
78       10        5      513
79       14        7      440
80        7        6       91
81        4        5      234
82        5        2      185
83       13        8      178
84        7        9        8
85        7        4      451
86       13        2      196
87        7        4      432
88        7        9      363
89        9        6      301
90       13        4      231
91       15        5       22
92        6        7      169
93        8        1      270
94       12        4      226
95        8        7      323
96        4        8      436
97       12        6      200
98        7        4      353
99       13        9      165
100        4        5      346
101        7        2      121
102       14        9      254
103        9        7      358
104       15        2      451
105        7        4      417
106        8        1      370
107       11        7      252
108        8        4      396
109       14        4      176
110        8        1      196
111       10        8      340
112       12        6      424
113       11        3      346
114        5        5       53
115       12        3      152
116        4        9      420
117        7        4      356
118       12        2      488
119        4        9       56
120        3        7      281
121       12        8      345
122       15        3      354
123       14        6      269
124       12        5      408
125        3        7      350
126        7        1      198
127        3        7      181
128        8        7       90
129        7        7      169
130        4        7      265
131       11        2      282
132       15        7      373
133       13        9       24
134        7        7      324
135       13        4      331
136        4        1      323
137        6        3       16
138       14        9      388
139       12        8      307
140        6        7       88
141       14        8      375
142        5        4      203
143        8        2      191
144        5        3      457
145        3        9       47
146       12        7      317
147       12        4      529
148        5        8      455
149        3        8       44
150        4        3      174
151        8        7      314
152        8        4      233
153       15        5      393
154        3        3       46
155        6        5      214
156       13        5      466
157        9        7      418
158        6        8      365
159        6        2      390
160        3        5      223
161       13        1      113
162       11        9      360
163        9        5      307
164       13        4      228
165        3        8      370
166       11        6      199
167       12        6      272
168        9        5      200
169        7        8      167
170       10        8      241
171        7        3      251
172       11        1      302
173       10        5      207
174        6        1      189
175        8        7       16
176        5        2      113
177       13        1       82
178       14        1      374
179       10        3      339
180        7        6      319
181       10        4       46
182        7        7      289
183        9        7      173
184       15        4       46
185        6        4      365
186       13        2       65
187        9        2      148
188       10        7      395
189       10        9      387
190       14        7      359
191       10        6      274
192       11        7      491
193        3        3      537
194       14        8      491
195        7        3      123
196        8        3       75
197       12        9      302
198        3        8       39
199        5        6      414
200        7        4      423
201        3        2      293
202        4        4      287
203       12        1      490
204        9        1      271
205       12        1       51
206        9        8      281
207       15        8      217
208        9        8      304
209        5        7      310
210        4        6      494
211       15        4      356
212        8        6      316
213       15        1      306
214        7        7      260
215       12        4      536
216       15        9      536
217        5        6      371
218        5        8      409
219        9        1      553
220       11        7      310
221       13        3      136
222        8        5      392
223       15        3      161
224       12        6      320
225        5        8       99
226        5        6      239
227        9        1      287
228       15        5      359
229        3        5       80
230        7        3      209
231       14        3      288
232        4        8      131
233        4        7      190
234        6        1      168
235       14        2      358
236        6        2      546
237       14        5      399
238        5        3      221
239        7        2      456
240        9        1      223
241       12        7      335
242        5        7      123
243       11        3      325
244        3        8      401
245        5        7      217
246        3        6      169
247       14        5       12
248        4        4      208
249       12        9      305
250       15        9      252
251       12        4      283
252       13        6       52
253       14        8      105
254        9        2      181
255       13        4      198
256       11        8      264
257        4        5      426
258       15        8       22
259        8        8      359
260        9        1      100
261       13        5      417
262        6        1      467
263       10        6      324
264       15        8      529
265        3        6      330
266       10        6      363
267        4        6        8
268       15        1      220
269       10        6      528
270        6        1      292
271       11        1      218
272       14        5       50
273        7        7      474
274        5        3      207
275       13        7      142
276       15        6      255
277        3        5      250
278        8        6      119
279        3        6      437
280       11        8      294
281        9        7      214
282        4        5      269
283       11        4       51
284       15        1      188
285        5        1      111
286        8        3       56
287        4        4      391
288       13        5      163
289       14        7       74
290       12        7      170
291       13        5      535
292       14        7       49
293       14        4      432
294        7        9      186
295        8        4      248
296        3        5       61
297        3        1      410
298        6        4      524
299        4        4      156
300       12        3      225
301       11        1      273
302       12        7      246
303        9        4       26
304       12        7      432
305       14        7      338
306        4        9      276
307       12        4      375
308       12        2      178
309        5        9      325
310       14        8      274
311        8        8      543
312        7        7      233
313       13        6      483
314        7        1      344
315        8        3      129
316        7        1      383
317        3        3        9
318       15        2      410
319        5        4       42
320       12        3      398
321        3        3      124
322       13        1       74
323       11        9       86
324        5        7      127
325        9        9      289
326        5        4      287
327       15        7      273
328        5        5      346
329        9        2      390
330       13        1      175
331        9        7        2
332        7        4      552
333        5        8       30
334        4        8        3
335       15        5      154
336       10        6      298
337       11        7      251
338        7        3      284
339        9        7      111
340       14        8      193
341        9        4      294
342       15        6      266
343        3        4      209
344       14        3        6
345        7        8       91
346        3        6      125
347       10        4      313
348       13        3      400
349        4        1      144
350        8        3      548
351        9        9      464
352        7        3       76
353        4        6      214
354        3        7      109
355        9        1       70
356        9        7      389
357        4        7      121
358       11        8      224
359        3        5      359
360        6        3      136
361       10        3      456
362       12        9      200
363       14        3       10
364       14        2      325
365       12        3      127
366        6        2      511
367        9        3      244
368        8        5      155
369       11        4      282
370       15        2      401
371        5        5      115
372        8        5      424
373       15        3       50
374        7        3      343
375        3        3      140
376        8        8      509
377       15        2      506
378        8        9      100
379        9        8       66
380        9        6      320
381       13        2      306
382       13        7      353
383        5        3      117
384       12        3      478
385        4        5      287
386       13        7      381
387       11        8      509
388       12        9       60
389        3        6       63
390        4        6       35
391        7        7      322
392        8        7      357
393        8        7      542
394        5        9      207
395       15        3      203
396        3        1      474
397        5        8      341
398        3        1      106
399        7        8      282
400       15        3      352
401       11        5      206
402        3        2      182
403        9        2      228
404       11        7      236
405        4        9      528
406        3        1      293
407        9        1      377
408        5        5      433
409       11        7       53
410       15        9        1
411        8        2      458
412       12        9      359
413        7        8      293
414       12        1      432
415        7        8      544
416        3        2       52
417        4        2      508
418       11        2      273
419       10        6      468
420       14        2      167
421        9        1      255
422        6        6      263
423        5        2      426
424       13        7      174
425        3        7      215
426        3        5      124
427       13        6       94
428        8        6      500
429       11        7      487
430       12        6      448
431       10        2      106
432       11        3      144
433       12        1       27
434       12        8      435
435       15        7      404
436       14        5       97
437        6        9      481
438       11        9      448
439        6        5      258
440       15        8      498
441       12        3      134
442       10        1      544
443       14        3      107
444       15        2      312
445       14        9      424
446        3        7      235
447        6        7      439
448        8        8      421
449        8        7      163
450        6        6        9
451       11        2      203
452       13        5      171
453        9        8      214
454       15        8      507
455        4        1      198
456        9        5      338
457        8        2      491
458       14        2      127
459        6        5       11
460        5        4       46
461        7        2      242
462       14        9      441
463        9        5      524
464        7        6      296
465        9        1       14
466       13        2      208
467       14        4      159
468       12        1      270
469        7        6      260
470        9        5      161
471       12        3       55
472        9        7      370
473        6        1      267
474        7        6      361
475       10        8      386
476        8        9      255
477        7        8      396
478        6        1      381
479        5        5      500
480       12        4      414
481        5        5      539
482        7        4       97
483       14        5      194
484        6        7      476
485       13        4       87
486        3        3      357
487       13        9       63
488        8        1      359
489       15        7      391
490        9        3      300
491       12        7      254
492        5        1       70
493        3        6      540
494        3        1      234
495       14        7       14
496        5        6      408
497        5        9      213
498        3        5      465
499       11        2      239
500       14        7        8
