1        49      48.5
1        49      48.5
1        49      48.5
1        49      48.5
1        49      48.5
1        49      48.5
1        49      48.5
1        49      48.5
1        49      48.5
1        49      48.5

1        52      51.5
1        52      51.5
1        52      51.5
1        52      51.5
1        52      51.5
1        52      51.5
1        52      51.5
1        52      51.5
1        52      51.5
1        52      51.5

1        69      66.5
1        69      66.5
1        69      66.5
1        69      66.5
1        69      66.5
1        69      66.5
1        69      66.5
1        69      66.5
1        69      66.5
1        69      66.5

1        48      47.5
1        48      47.5
1        48      47.5
1        48      47.5
1        48      47.5
1        48      47.5
1        48      47.5
1        48      47.5
1        48      47.5
1        48      47.5

1        64      59.5
1        64      59.5
1        64      59.5
1        64      59.5
1        64      59.5
1        64      59.5
1        64      59.5
1        64      59.5
1        64      59.5
1        64      59.5

1        50      46.5
1        50      46.5
1        50      46.5
1        50      46.5
1        50      46.5
1        50      46.5
1        50      46.5
1        50      46.5
1        50      46.5
1        50      46.5

1        48        46
1        48        46
1        48        46
1        48        46
1        48        46
1        48        46
1        48        46
1        48        46
1        48        46
1        48        46

0.253        50        50
0.266        50        50
0.023        50        50
0.524        50        50
0.215        50        50
0.133        50        50
0.104        50        50
1        50        50
0.026        50        50
0.145        50        50

1        62        53
1        62        53
1.001        62        53
1        62        53
1        62        53
1        62        53
1        62        53
1        62        53
1        62        53
1        62        53

1        48        47
1        48        47
1        48        47
1        48        47
1        48        47
1        48        47
1        48        47
1        48        47
1        48        47
1        48        47

