5     1148     1008.5
5     1167     1008.5
5.001     1141     1008.5
5.001     1141     1008.5
5     1167     1008.5
5     1167     1008.5
5.001     1141     1008.5
5.001     1141     1008.5
5     1167     1008.5
5     1167     1008.5
             
5     1057     912.375
5.001     1058     912.375
5     1062     912.375
5     1062     912.375
5.001     1058     912.375
5.001     1058     912.375
5     1062     912.375
5     1062     912.375
5.001     1058     912.375
5.001     1058     912.375
             
5.001     1234     1066.75
5     1251     1066.75
5     1244     1066.75
5     1244     1066.75
5.001     1251     1066.75
5.001     1251     1066.75
5     1244     1066.75
5     1244     1066.75
5     1251     1066.75
5.001     1251     1066.75
             
5.001     1290     1094.5
5     1273     1094.5
5     1306     1094.5
5     1306     1094.5
5.001     1290     1094.5
5.001     1290     1094.5
5     1306     1094.5
5     1306     1094.5
5     1273     1094.5
5.001     1290     1094.5
             
5     1197     1015.13
5     1195     1015.13
5.001     1203     1015.13
5.001     1203     1015.13
5     1197     1015.13
5     1197     1015.13
5.001     1203     1015.13
5.001     1203     1015.13
5     1195     1015.13
5     1197     1015.13
             
5     1301     1123.88
5     1319     1123.88
5.001     1299     1123.88
5.001     1299     1123.88
5     1319     1123.88
5     1319     1123.88
5.001     1299     1123.88
5.001     1299     1123.88
5     1319     1123.88
5     1319     1123.88
             
5.001     1131     975.5
5     1122     975.5
5     1110     975.5
5     1110     975.5
5.001     1131     975.5
5.001     1131     975.5
5     1110     975.5
5     1110     975.5
5     1122     975.5
5.001     1131     975.5
             
5     1309     1109.25
5     1309     1109.25
5.001     1309     1109.25
5.001     1309     1109.25
5     1309     1109.25
5     1309     1109.25
5.001     1309     1109.25
5.001     1309     1109.25
5     1309     1109.25
5     1309     1109.25
             
5.001     1257     1099.75
5     1257     1099.75
5     1268     1099.75
5     1268     1099.75
5.001     1257     1099.75
5.001     1257     1099.75
5     1268     1099.75
5     1268     1099.75
5     1257     1099.75
5.001     1257     1099.75
             
5.001     1434     1210.75
5     1396     1210.75
5     1396     1210.75
5     1396     1210.75
5.001     1434     1210.75
5.001     1434     1210.75
5     1396     1210.75
5     1396     1210.75
5     1396     1210.75
5.001     1434     1210.75
             
