1     46     34     204
2     70     32     936
3     70     22     142
4     71     25     202
5     37     39     464
6     13     22     212
7     74     46     1000
8     35     29     97
9     42     6     836
10     57     44     133
11     32     30     700
12     79     17     189
13     63     7     918
14     40     14     131
15     23     18     487
16     91     10     476
17     92     16     497
18     51     18     792
19     85     19     168
20     7     47     140
21     75     30     360
22     55     17     188
23     63     8     664
24     17     33     156
25     89     35     112
26     70     28     892
27     48     17     92
28     76     28     941
29     92     21     210
30     69     19     595
31     94     1     176
32     46     6     251
33     99     30     726
34     68     48     51
35     74     36     485
36     36     29     273
37     39     10     22
38     5     16     92
39     38     17     354
40     4     17     689
41     41     48     173
42     2     4     689
43     77     37     193
44     48     3     429
45     51     42     573
46     39     7     185
47     55     4     261
48     7     4     408
49     90     17     222
50     1     37     954
51     93     13     50
52     12     42     527
53     8     7     146
54     94     24     828
55     40     24     62
56     94     39     196
57     96     8     372
58     1     9     730
59     11     41     43
60     62     14     393
61     61     11     839
62     50     24     52
63     65     19     188
64     9     27     926
65     15     19     64
66     61     25     472
67     13     29     414
68     83     39     182
69     87     29     865
70     52     4     227
71     93     39     450
72     85     31     420
73     62     24     739
74     95     29     43
75     43     36     632
76     17     15     183
77     67     13     815
78     35     33     190
79     44     44     586
80     57     10     95
81     67     15     253
82     28     22     888
83     80     28     150
84     44     43     204
85     65     33     354
86     55     19     148
87     26     9     882
88     63     23     238
89     16     10     285
90     70     21     18
91     34     33     381
92     62     28     199
93     89     8     337
94     49     13     869
95     14     44     42
96     38     37     662
97     3     22     203
98     63     25     346
99     30     13     71
100     43     28     2
101     64     38     926
102     68     5     147
103     88     41     320
104     23     42     72
105     82     43     462
106     41     18     187
107     62     4     637
108     15     35     33
109     9     24     778
110     35     14     27
111     66     30     785
112     75     34     152
113     21     28     844
114     40     43     42
115     72     33     204
116     35     1     254
117     92     49     377
118     63     15     446
119     90     40     141
120     86     45     300
121     62     5     497
122     88     11     154
123     91     35     114
124     21     36     630
125     41     11     70
126     89     42     92
127     58     43     181
128     32     45     456
129     85     40     57
130     62     18     618
131     73     9     103
132     37     31     145
133     69     37     23
134     10     34     852
135     77     39     165
136     24     15     193
137     21     33     624
138     89     27     55
139     14     7     911
140     6     12     103
141     75     5     995
142     16     1     237
143     18     22     105
144     87     18     318
145     34     9     274
146     17     49     999
147     95     29     173
148     28     33     474
149     55     20     114
150     91     42     260
151     4     38     186
152     13     9     811
153     42     13     243
154     86     9     268
155     83     38     209
156     19     11     726
157     39     5     30
158     43     1     678
159     58     41     152
160     21     28     713
161     49     46     120
162     45     49     508
163     12     16     62
164     91     24     153
165     54     29     403
166     16     9     371
167     71     29     939
168     44     21     42
169     27     26     216
170     99     42     280
171     51     38     938
172     74     6     5
173     31     43     986
174     69     13     191
175     10     24     203
176     80     40     19
177     11     6     666
178     40     18     35
179     85     25     540
180     76     13     20
181     46     3     157
182     12     5     315
183     62     37     862
184     44     25     61
185     44     38     948
186     6     17     25
187     68     28     713
188     3     21     196
189     6     23     769
190     33     30     167
191     55     19     992
192     24     26     104
193     14     2     940
194     37     23     92
195     7     48     829
196     99     48     91
197     47     11     222
198     22     48     540
199     23     19     209
200     58     47     861
