1     26     11     995
2     34     46     153
3     16     17     797
4     99     49     40
5     90     1     25
6     98     20     648
7     32     46     46
8     84     7     554
9     40     49     38
10     13     22     641
11     62     43     121
12     98     42     432
13     99     37     263
14     69     11     147
15     15     10     669
16     79     15     96
17     86     8     918
18     2     1     188
19     69     29     5
20     3     11     948
21     87     16     186
22     16     23     540
23     55     39     111
24     83     27     562
25     23     9     167
26     91     9     311
27     52     49     836
28     73     40     153
29     85     21     598
30     33     12     196
31     35     10     502
32     36     45     872
33     31     41     23
34     4     37     979
35     33     36     202
36     31     43     556
37     97     15     249
38     29     37     145
39     50     48     564
40     57     29     97
41     38     43     647
42     23     28     224
43     2     41     130
44     93     21     680
45     39     9     124
46     60     11     821
47     35     14     87
48     53     26     44
49     9     6     525
50     23     17     242
51     72     4     864
52     18     19     221
53     46     15     391
54     26     45     441
55     13     15     104
56     94     10     366
57     62     31     570
58     49     3     227
59     25     10     872
60     52     2     98
61     76     7     440
62     41     25     445
63     72     34     905
64     69     43     46
65     36     49     65
66     21     18     358
67     54     16     955
68     89     17     183
69     17     1     418
70     12     9     665
71     96     11     243
72     77     29     204
73     53     30     256
74     98     33     758
75     59     43     62
76     46     22     496
77     9     40     797
78     93     29     244
79     8     39     285
80     86     28     173
81     3     2     173
82     33     31     986
83     9     14     194
84     5     29     594
85     43     20     252
86     24     20     1017
87     83     46     117
88     36     25     748
89     78     10     131
90     99     45     616
91     85     7     18
92     46     36     180
93     92     34     1006
94     91     44     25
95     40     9     170
96     88     37     668
97     72     13     197
98     64     41     16
99     12     21     730
100     2     8     78
101     28     7     645
102     23     44     128
103     38     48     97
104     40     16     182
105     36     3     964
106     99     29     97
107     32     7     358
108     59     13     707
109     85     30     254
110     40     43     683
111     22     4     140
112     47     28     955
113     63     23     70
114     56     28     339
115     37     17     414
116     53     37     391
117     89     38     682
118     85     36     207
119     58     7     461
120     35     41     305
121     66     10     692
122     71     47     70
123     91     12     106
124     82     22     480
125     81     13     590
126     99     3     190
127     28     12     879
128     88     48     130
129     7     11     624
130     21     11     65
131     45     46     954
132     60     3     203
133     13     3     18
134     32     2     537
135     80     22     208
136     69     49     597
137     42     49     231
138     67     21     239
139     23     2     716
140     30     6     70
141     90     17     274
142     97     44     1013
143     5     31     66
144     38     24     124
145     58     8     221
146     77     41     168
147     75     29     817
148     75     48     232
149     56     19     85
150     36     45     953
151     24     2     47
152     33     35     496
153     38     46     355
154     75     25     679
155     32     39     43
156     72     32     623
157     60     17     6
158     88     37     307
159     44     29     105
160     4     15     908
161     43     20     129
162     68     17     494
163     17     44     458
164     93     13     663
165     87     17     46
166     94     3     703
167     54     3     154
168     38     9     917
169     95     9     54
170     99     3     877
171     69     14     33
172     4     40     626
173     59     3     154
174     75     36     521
175     79     39     172
176     5     26     434
177     62     36     660
178     22     7     95
179     66     19     915
180     6     43     20
181     29     23     310
182     37     2     253
183     7     30     761
184     92     34     253
185     17     4     980
186     57     28     235
187     34     27     791
188     29     15     121
189     49     40     125
190     65     43     798
191     58     6     23
192     32     11     868
193     39     47     73
194     93     46     195
195     63     39     42
196     88     40     865
197     50     12     193
198     26     15     890
199     56     49     236
200     16     44     844
