0        53        53
0        53        53
0        53        53
0        53        53
0        53        53
0        53        53
0        53        53
0        53        53
0        53        53
0        53        53

0        58        58
0        58        58
0        58        58
0        58        58
0        58        58
0        58        58
0        58        58
0        58        58
0        58        58
0        58        58

0        59        59
0        59        59
0        59        59
0        59        59
0        59        59
0        59        59
0        59        59
0        59        59
0        59        59
0        59        59

1.002       104        78
1.005       104        78
1       104        78
1       104        78
1       104        78
1       104        78
1       104        78
1       104        78
1       104        78
1       104        78

0        64        64
0        64        64
0        64        64
0        64        64
0        64        64
0        64        64
0        64        64
0        64        64
0        64        64
0        64        64

0        62        62
0        62        62
0        62        62
0        62        62
0.01        62        62
0        62        62
0        62        62
0        62        62
0        62        62
0        62        62

0        70        70
0        70        70
0        70        70
0        70        70
0        70        70
0        70        70
0        70        70
0        70        70
0        70        70
0        70        70

0        59        59
0        59        59
0        59        59
0        59        59
0        59        59
0        59        59
0        59        59
0        59        59
0        59        59
0        59        59

0        65        65
0        65        65
0        65        65
0        65        65
0        65        65
0        65        65
0        65        65
0        65        65
0        65        65
0        65        65

0        71        71
0        71        71
0        71        71
0        71        71
0        71        71
0        71        71
0        71        71
0        71        71
0        71        71
0        71        71

