0        14        14
0.001        14        14
0        14        14
0        14        14
0.001        14        14
0        14        14
0        14        14
0.001        14        14
0        14        14
0        14        14

0.001        17        17
0.001        17        17
0.001        17        17
0        17        17
0        17        17
0        17        17
0.001        17        17
0.001        17        17
0        17        17
0        17        17

0.001        21        21
0        21        21
0        21        21
0        21        21
0        21        21
0.001        21        21
0        21        21
0        21        21
0.001        21        21
0.001        21        21

0.001        17        17
0.001        17        17
0.001        17        17
0.001        17        17
0        17        17
0        17        17
0.001        17        17
0.001        17        17
0        17        17
0        17        17

0        17        17
0.001        17        17
0.001        17        17
0        17        17
0        17        17
0.001        17        17
0        17        17
0        17        17
0.001        17        17
0.001        17        17

0.001        20        20
0.001        20        20
0        20        20
0.001        20        20
0        20        20
0        20        20
0.001        20        20
0        20        20
0.002        20        20
0        20        20

0        16        16
0.001        16        16
0        16        16
0        16        16
0.001        16        16
0        16        16
0        16        16
0.001        16        16
0        16        16
0        16        16

0.001        15        15
0        15        15
0        15        15
0.001        15        15
0.001        15        15
0        15        15
0        15        15
0.001        15        15
0        15        15
0        15        15

0.001        17        17
0        17        17
0        17        17
0        17        17
0        17        17
0.001        17        17
0.001        17        17
0        17        17
0        17        17
0        17        17

0.001        12        12
0.001        12        12
0        12        12
0.001        12        12
0.001        12        12
0        12        12
0.001        12        12
0.001        12        12
0        12        12
0        12        12

