1       271       262
1       271       262
1       271       262
1       271       262
1       271       262
1       271       262
1       271       262
1       271       262
1       271       262
1       271       262

1       324     236.5
1       324     236.5
1       324     236.5
1       324     236.5
1       324     236.5
1       324     236.5
1       324     236.5
1       324     236.5
1       324     236.5
1       324     236.5

1       489       370
1       489       370
1       489       370
1       489       370
1       489       370
1       489       370
1       489       370
1       489       370
1       489       370
1       489       370

1       383       307
1       383       307
1       383       307
1       383       307
1       383       307
1       383       307
1       383       307
1       383       307
1       383       307
1       383       307

1       350     292.5
1       350     292.5
1       350     292.5
1       350     292.5
1       350     292.5
1       350     292.5
1       350     292.5
1       350     292.5
1       350     292.5
1       350     292.5

1       364     299.5
1       364     299.5
1       364     299.5
1       364     299.5
1       364     299.5
1       364     299.5
1       364     299.5
1       364     299.5
1       364     299.5
1       364     299.5

1       389       313
1       389       313
1       389       313
1       389       313
1       389       313
1       389       313
1       389       313
1       389       313
1       389       313
1       389       313

1       369       284
1       369       284
1       369       284
1       369       284
1       369       284
1       369       284
1       369       284
1       369       284
1       369       284
1       369       284

1       338     308.5
1.001       338     308.5
1       338     308.5
1       338     308.5
1       338     308.5
1       338     308.5
1       338     308.5
1       338     308.5
1       338     308.5
1       338     308.5

1       430       400
1       430       400
1       430       400
1       430       400
1       430       400
1       430       400
1       430       400
1       430       400
1.001       430       400
1       430       400

