20.095       644   624.125
20.032       648   624.125
20.141       644   624.125
20.189       649   624.125
20.032       647   624.125
20.204       648   624.125
20.22       648   624.125
20.141       647   624.125
20.053       648   624.125
20.063       648   624.125

20.266       645   627.625
20.048       644   627.625
20.423       645   627.625
20.173       647   627.625
20.095       648   627.625
20.001       647   627.625
20.157       648   627.625
20.006       644   627.625
20.048       644   627.625
20.235       647   627.625

20.063       595     582.5
20.282       591     582.5
20.064       597     582.5
20.141       595     582.5
20.111       591     582.5
20.095       598     582.5
20.255       595     582.5
20.407       594     582.5
20.376       591     582.5
20.345       595     582.5

20.126       624   607.125
20.142       622   607.125
20.251       626   607.125
20.298       625   607.125
20.219       625   607.125
20.397       622   607.125
20.204       622   607.125
20.282       623   607.125
20.454       623   607.125
20.158       622   607.125

20.001       714       662
20.173       722       662
20.22       722       662
20.079       714       662
20.177       716       662
20.079       721       662
20.095       717       662
20.063       719       662
20.048       714       662
20.22       714       662

20.001       649    624.25
20.173       650    624.25
20.126       655    624.25
20.084       653    624.25
20.189       652    624.25
20.048       651    624.25
20.126       649    624.25
20.064       647    624.25
20.017       650    624.25
20.236       647    624.25

20.282       582   569.375
20.142       581   569.375
20.302       581   569.375
20.235       581   569.375
20.048       582   569.375
20.235       580   569.375
20.345       582   569.375
20.423       583   569.375
20.173       581   569.375
20.329       581   569.375

20.084       635     613.5
20.157       637     613.5
20.048       638     613.5
20.08       637     613.5
20.111       639     613.5
20.001       638     613.5
20.173       636     613.5
20.173       639     613.5
20.047       639     613.5
20.224       636     613.5

20.032       658    638.25
20.204       656    638.25
20.094       656    638.25
20.08       653    638.25
20.11       660    638.25
20.219       654    638.25
20.173       657    638.25
20.141       657    638.25
20.037       656    638.25
20.157       656    638.25

20.188       620   604.875
20.142       622   604.875
20.251       619   604.875
20.048       622   604.875
20.251       621   604.875
20.063       619   604.875
20.064       623   604.875
20.083       619   604.875
20.126       618   604.875
20.064       623   604.875

