20.229     4890     4768
20.926     4890     4768
20.926     4890     4768
20.229     4890     4768
20.926     4890     4768
20.926     4890     4768
20.229     4890     4768
20.926     4890     4768
20.926     4890     4768
20.926     4890     4768
             
20.009     4964     4888
20.324     4978     4888
20.324     4978     4888
20.009     4964     4888
20.324     4978     4888
20.324     4978     4888
20.009     4964     4888
20.324     4978     4888
20.324     4978     4888
20.324     4978     4888
             
20.010     4804     4680.5
20.518     4804     4680.5
20.518     4804     4680.5
20.010     4804     4680.5
20.518     4804     4680.5
20.518     4804     4680.5
20.010     4804     4680.5
20.518     4804     4680.5
20.518     4804     4680.5
20.518     4804     4680.5
             
20.008     5205     5082
20.836     5205     5082
20.836     5205     5082
20.008     5205     5082
20.836     5205     5082
20.836     5205     5082
20.008     5205     5082
20.836     5205     5082
20.836     5205     5082
20.836     5205     5082
             
20.302     5087     4982
20.009     5089     4982
20.009     5089     4982
20.302     5087     4982
20.302     5089     4982
20.302     5089     4982
20.302     5087     4982
20.009     5089     4982
20.009     5089     4982
20.302     5089     4982
             
20.012     5228     5104.5
20.682     5252     5104.5
20.682     5252     5104.5
20.012     5228     5104.5
20.682     5252     5104.5
20.682     5252     5104.5
20.012     5228     5104.5
20.682     5252     5104.5
20.682     5252     5104.5
20.682     5252     5104.5
             
20.016     5020     4891
20.004     5020     4891
20.004     5020     4891
20.016     5020     4891
20.016     5020     4891
20.016     5020     4891
20.016     5020     4891
20.004     5020     4891
20.004     5020     4891
20.016     5020     4891
             
20.948     4769     4714
20.000     4794     4714
20.000     4794     4714
20.948     4769     4714
20.948     4794     4714
20.948     4794     4714
20.948     4769     4714
20.000     4794     4714
20.000     4794     4714
20.948     4794     4714
             
20.027     5056     4905.5
20.016     5066     4905.5
20.016     5066     4905.5
20.027     5056     4905.5
20.027     5066     4905.5
20.027     5066     4905.5
20.027     5056     4905.5
20.016     5066     4905.5
20.016     5066     4905.5
20.027     5066     4905.5
             
20.076     4964     4840
20.202     4964     4840
20.202     4964     4840
20.076     4964     4840
20.202     4964     4840
20.202     4964     4840
20.076     4964     4840
20.202     4964     4840
20.202     4964     4840
20.202     4964     4840
             
