20.002     4915     4768
20.003     4915     4768
20.003     4915     4768
20.002     4915     4768
20.003     4915     4768
20.003     4915     4768
20.002     4915     4768
20.003     4915     4768
20.003     4915     4768
20.003     4915     4768
             
20.001     4989     4888
20.003     4964     4888
20.003     4964     4888
20.001     4989     4888
20.003     4989     4888
20.003     4989     4888
20.001     4989     4888
20.003     4964     4888
20.003     4964     4888
20.003     4989     4888
             
20.002     4804     4680.5
20.004     4804     4680.5
20.004     4804     4680.5
20.002     4804     4680.5
20.004     4804     4680.5
20.004     4804     4680.5
20.002     4804     4680.5
20.004     4804     4680.5
20.004     4804     4680.5
20.004     4804     4680.5
             
20.001     5205     5082
20.003     5205     5082
20.003     5205     5082
20.001     5205     5082
20.003     5205     5082
20.003     5205     5082
20.001     5205     5082
20.003     5205     5082
20.003     5205     5082
20.003     5205     5082
             
20.003     5087     4982
20.002     5063     4982
20.002     5063     4982
20.003     5087     4982
20.003     5087     4982
20.003     5087     4982
20.003     5087     4982
20.002     5063     4982
20.002     5063     4982
20.003     5087     4982
             
20.001     5252     5104.5
20.003     5252     5104.5
20.003     5252     5104.5
20.001     5252     5104.5
20.003     5252     5104.5
20.003     5252     5104.5
20.001     5252     5104.5
20.003     5252     5104.5
20.003     5252     5104.5
20.003     5252     5104.5
             
20.001     4996     4891
20.001     5020     4891
20.001     5020     4891
20.001     4996     4891
20.001     5020     4891
20.001     5020     4891
20.001     4996     4891
20.001     5020     4891
20.001     5020     4891
20.001     5020     4891
             
20.003     4799     4714
20.003     4769     4714
20.003     4769     4714
20.003     4799     4714
20.003     4799     4714
20.003     4799     4714
20.003     4799     4714
20.003     4769     4714
20.003     4769     4714
20.003     4799     4714
             
20.002     5057     4905.5
20.003     5056     4905.5
20.003     5056     4905.5
20.002     5057     4905.5
20.003     5057     4905.5
20.003     5057     4905.5
20.002     5057     4905.5
20.003     5056     4905.5
20.003     5056     4905.5
20.003     5057     4905.5
             
20.003     4964     4840
20.003     4988     4840
20.003     4988     4840
20.003     4964     4840
20.003     4988     4840
20.003     4988     4840
20.003     4964     4840
20.003     4988     4840
20.003     4988     4840
20.003     4988     4840
             
