20.068     4881     4768
20.006     4905     4768
20.006     4881     4768
20.068     4881     4768
20.068     4882     4768
20.068     4882     4768
20.068     4881     4768
20.006     4881     4768
20.006     4905     4768
20.006     4881     4768
             
20.012     4964     4888
20.023     4964     4888
20.023     4964     4888
20.012     4964     4888
20.023     4964     4888
20.023     4964     4888
20.012     4964     4888
20.023     4964     4888
20.023     4964     4888
20.012     4964     4888
             
20.007     4779     4680.5
20.042     4779     4680.5
20.042     4779     4680.5
20.007     4779     4680.5
20.042     4779     4680.5
20.042     4779     4680.5
20.007     4779     4680.5
20.042     4779     4680.5
20.042     4779     4680.5
20.007     4779     4680.5
             
20.017     5205     5082
20.027     5205     5082
20.027     5205     5082
20.017     5205     5082
20.027     5205     5082
20.027     5205     5082
20.017     5205     5082
20.027     5205     5082
20.027     5205     5082
20.017     5205     5082
             
20.015     5087     4982
20.032     5063     4982
20.032     5063     4982
20.015     5087     4982
20.032     5063     4982
20.032     5063     4982
20.015     5087     4982
20.032     5063     4982
20.032     5063     4982
20.015     5063     4982
             
20.016     5252     5104.5
20.011     5228     5104.5
20.011     5252     5104.5
20.016     5228     5104.5
20.016     5252     5104.5
20.016     5252     5104.5
20.016     5228     5104.5
20.011     5252     5104.5
20.011     5228     5104.5
20.011     5228     5104.5
             
20.008     5006     4891
20.040     5006     4891
20.040     5006     4891
20.008     4996     4891
20.040     5006     4891
20.040     5006     4891
20.008     4996     4891
20.040     5006     4891
20.040     5006     4891
20.008     5006     4891
             
20.009     4769     4714
20.053     4769     4714
20.053     4769     4714
20.009     4794     4714
20.053     4794     4714
20.053     4794     4714
20.009     4794     4714
20.053     4769     4714
20.053     4769     4714
20.009     4769     4714
             
20.071     5056     4905.5
20.027     5056     4905.5
20.027     5056     4905.5
20.071     5056     4905.5
20.071     5056     4905.5
20.071     5056     4905.5
20.071     5056     4905.5
20.027     5056     4905.5
20.027     5056     4905.5
20.027     5056     4905.5
             
20.069     4939     4840
20.061     4939     4840
20.061     4939     4840
20.069     4964     4840
20.069     4939     4840
20.069     4939     4840
20.069     4964     4840
20.061     4939     4840
20.061     4939     4840
20.061     4939     4840
             
