1     91     24     865
2     99     36     2278
3     53     29     234
4     90     49     815
5     62     39     1582
6     88     29     497
7     94     27     926
8     99     11     379
9     39     28     1413
10     38     3     303
11     7     31     33
12     47     48     467
13     45     5     854
14     13     8     2136
15     8     22     550
16     85     26     1405
17     36     21     474
18     81     40     754
19     41     49     890
20     46     9     1367
21     51     48     340
22     17     12     898
23     12     2     1574
24     47     11     28
25     12     17     171
26     6     26     737
27     43     2     1756
28     18     28     140
29     5     20     1410
30     80     42     360
31     32     26     1626
32     45     21     155
33     75     47     2384
34     20     6     529
35     61     43     2179
36     96     22     545
37     60     15     886
38     78     8     601
39     15     28     1785
40     50     1     393
41     5     26     1205
42     54     29     1037
43     96     24     222
44     30     23     1670
45     21     19     374
46     72     21     1637
47     24     48     430
48     4     40     2186
49     26     31     474
50     97     7     1817
51     79     29     482
52     21     19     404
53     52     46     152
54     93     40     739
55     85     4     1376
56     7     36     173
57     20     11     624
58     66     45     1219
59     55     30     324
60     15     40     59
61     17     41     1298
62     6     3     49
63     11     3     2022
64     81     28     349
65     61     38     1072
66     32     25     1996
67     77     12     481
68     29     20     1656
69     96     30     394
70     3     34     13
71     65     18     737
72     53     11     2028
73     93     28     435
74     55     6     135
75     81     30     1125
76     31     35     1464
77     54     10     179
78     27     24     679
79     91     42     1206
80     31     43     1880
81     5     9     140
82     96     11     1157
83     89     12     1944
84     65     18     171
85     55     21     427
86     47     23     1646
87     87     32     574
88     32     16     2221
89     52     8     242
90     2     15     1582
91     26     19     198
92     73     3     810
93     70     44     1329
94     80     48     48
95     20     19     2099
96     41     33     480
97     20     38     586
98     22     30     744
99     85     26     1165
100     83     6     846
101     32     18     1626
102     12     3     480
103     39     23     271
104     60     43     1377
105     50     1     549
106     81     45     363
107     18     47     2231
108     86     32     485
109     18     39     1188
110     76     10     1577
111     86     38     461
112     84     8     1110
113     38     12     1107
114     1     28     1368
115     20     25     124
116     77     3     1796
117     50     43     296
118     1     2     1622
119     54     10     17
120     82     48     849
121     99     7     1663
122     2     2     576
123     81     20     1200
124     29     40     2319
125     4     23     490
126     1     23     2057
127     81     10     84
128     13     30     1528
129     17     11     196
130     5     32     786
131     89     33     2159
132     62     26     561
133     96     8     77
134     29     22     2243
135     17     8     130
136     49     7     352
137     48     49     212
138     95     37     2364
139     2     2     243
140     77     2     473
141     37     48     2164
142     92     12     593
143     45     43     1404
144     57     20     517
145     20     9     1958
146     61     17     218
147     1     33     1471
148     3     31     22
149     30     11     1624
150     1     5     81
151     93     37     528
152     9     25     79
153     34     27     152
154     27     32     900
155     43     39     49
156     16     3     2028
157     18     10     327
158     43     45     994
159     61     2     868
160     61     39     8
161     50     41     1792
162     33     24     298
163     3     3     1315
164     92     24     547
165     9     47     1717
166     71     23     420
167     68     37     1067
168     30     26     2380
169     86     33     101
170     3     23     1532
171     43     24     539
172     60     32     632
173     78     7     1004
174     45     10     25
175     64     34     691
176     42     23     759
177     99     16     36
178     19     1     150
179     56     48     1496
180     89     34     475
181     52     45     787
182     7     38     1425
183     83     38     488
184     92     5     1279
185     17     18     314
186     24     18     194
187     92     35     1938
188     11     32     557
189     86     42     725
190     38     32     882
191     56     17     1746
192     65     16     599
193     81     5     2013
194     95     4     68
195     65     40     656
196     71     17     253
197     28     23     1777
198     25     41     404
199     99     43     85
200     3     47     1019
