1     99     10     1995
2     54     29     7382
3     24     25     1386
4     75     42     2930
5     44     48     3279
6     1     22     2618
7     84     11     2194
8     1     37     5721
9     92     10     707
10     98     40     3130
11     75     38     9102
12     45     41     152
13     27     30     7998
14     32     19     2266
15     90     14     1079
16     40     34     54
17     60     6     1481
18     66     25     4864
19     18     6     5653
20     83     10     1431
21     53     19     4967
22     18     14     3723
23     52     49     245
24     32     48     10195
25     7     25     120
26     55     12     8988
27     23     7     1530
28     41     19     6045
29     26     17     579
30     36     40     2782
31     87     33     7624
32     32     33     1199
33     8     4     4766
34     73     2     2634
35     8     25     3975
36     33     24     4553
37     56     44     1061
38     24     32     4041
39     53     28     2824
40     54     3     2945
41     85     12     10290
42     11     14     1694
43     81     27     8959
44     36     10     552
45     17     2     5919
46     54     42     33
47     14     8     9743
48     84     26     918
49     4     19     8235
50     81     5     167
51     5     27     3744
52     46     40     10286
53     61     3     706
54     47     25     6204
55     39     1     1269
56     65     16     1062
57     65     30     4310
58     7     15     235
59     21     38     2070
60     14     22     137
61     60     6     8204
62     33     21     1043
63     91     34     2661
64     7     12     5025
65     56     33     10074
66     47     30     1147
67     78     34     4867
68     98     32     5542
69     18     5     1760
70     32     31     4717
71     82     48     10139
72     1     16     1375
73     75     28     7028
74     63     14     2291
75     55     16     6201
76     5     23     1307
77     6     12     4110
78     40     19     375
79     19     39     5376
80     81     43     420
81     95     47     8916
82     64     29     1645
83     79     32     1005
84     26     24     4340
85     9     4     7772
86     98     19     1355
87     57     33     1282
88     85     33     9466
89     97     15     1661
90     38     44     6605
91     45     5     20
92     93     22     5361
93     91     31     1494
94     81     12     236
95     79     16     7999
96     1     30     972
97     69     21     7032
98     75     35     1254
99     25     7     6103
100     56     48     2042
101     75     23     654
102     15     2     2868
103     8     34     6179
104     53     15     1666
105     48     11     2176
106     39     11     4533
107     8     48     10131
108     8     49     1118
109     69     19     7239
110     74     41     2155
111     73     2     967
112     8     5     2776
113     45     26     3420
114     1     37     4614
115     32     13     480
116     26     21     1061
117     82     39     4998
118     46     28     216
119     98     47     1721
120     74     18     3079
121     66     20     5615
122     28     33     373
123     63     18     5006
124     96     23     7647
125     86     20     688
126     89     46     3735
127     94     16     1747
128     34     31     4187
129     17     42     2879
130     90     48     2488
131     53     46     5866
132     51     17     2337
133     51     43     6010
134     66     10     2199
135     97     10     4708
136     27     13     8531
137     22     23     1767
138     57     27     8899
139     56     35     444
140     42     26     1335
141     66     14     5058
142     68     16     10020
143     34     34     739
144     82     16     9896
145     63     26     939
146     72     25     7533
147     90     25     2028
148     54     23     2628
149     26     8     6191
150     34     16     1204
151     83     24     5140
152     78     12     1680
153     38     26     1984
154     82     43     1976
155     62     43     3103
156     32     18     7150
157     92     9     480
158     89     38     6216
159     49     33     1855
160     4     34     4465
161     73     37     8122
162     66     12     1898
163     10     38     2928
164     14     4     9153
165     60     30     1860
166     89     15     8837
167     78     43     1794
168     72     32     702
169     95     2     264
170     96     40     3002
171     96     21     1283
172     50     2     768
173     57     7     5997
174     45     48     1842
175     61     31     2493
176     37     14     7697
177     73     44     564
178     9     11     2551
179     93     32     8299
180     46     32     1763
181     16     26     8262
182     55     13     2013
183     45     30     1062
184     16     17     3247
185     91     8     4104
186     60     20     6576
187     67     7     2455
188     48     17     5624
189     18     1     278
190     75     43     9048
191     74     2     656
192     7     38     8526
193     87     41     2450
194     20     43     5867
195     60     31     178
196     69     30     7730
197     35     49     1489
198     14     21     5833
199     28     22     468
200     36     34     8903
201     32     25     1715
202     29     42     8137
203     42     41     1432
204     1     35     5040
205     18     15     5636
206     39     2     1610
207     14     31     5149
208     63     3     3548
209     56     18     360
210     74     23     6830
211     28     10     1249
212     61     14     2051
213     52     18     376
214     58     25     5607
215     53     4     1732
216     45     29     1470
217     64     10     1801
218     76     26     675
219     59     46     1072
220     74     21     4822
221     20     13     5529
222     61     2     694
223     41     7     2370
224     57     4     5299
225     26     7     1516
226     35     10     5383
227     63     34     356
228     75     37     6936
229     78     46     1234
230     29     26     4487
231     26     7     8606
232     33     24     580
233     97     17     8597
234     76     48     406
235     45     37     3263
236     44     33     1449
237     70     20     9186
238     95     22     2373
239     25     16     3214
240     70     2     2903
241     47     17     5199
242     27     40     306
243     78     37     2438
244     57     9     7043
245     94     41     431
246     32     44     2200
247     82     24     8115
248     20     12     549
249     80     4     7881
250     18     17     618
251     66     19     7020
252     22     15     172
253     70     5     3010
254     43     21     4512
255     28     38     3207
256     23     21     7934
257     5     38     1442
258     95     24     817
259     73     5     2486
260     37     1     605
261     63     32     5864
262     24     42     169
263     2     10     7456
264     69     9     625
265     27     1     1673
266     22     3     1117
267     99     49     9529
268     49     29     1563
269     56     45     7859
270     29     44     1327
271     97     41     6000
272     21     26     1799
273     30     6     5140
274     80     26     9253
275     20     23     470
276     60     20     4445
277     73     44     8363
278     69     47     256
279     85     37     6954
280     87     16     1669
281     91     2     3918
282     25     23     4548
283     70     43     5760
284     74     37     1091
285     30     29     9801
286     35     41     405
287     68     29     4678
288     47     33     2571
289     86     19     175
290     87     17     1322
291     49     45     9911
292     80     30     1332
293     74     30     7662
294     54     39     2371
295     52     43     6978
296     80     18     2205
297     16     23     5694
298     40     30     585
299     67     24     9331
300     6     47     497
301     15     38     9196
302     4     33     735
303     98     48     4844
304     7     27     204
305     17     43     2031
306     70     11     3774
307     71     32     8999
308     57     18     617
309     49     46     10294
310     77     14     406
311     95     36     2939
312     40     37     1962
313     75     11     4582
314     3     33     9605
315     68     8     1745
316     5     12     3710
317     44     39     4883
318     93     23     2939
319     63     8     9497
320     33     27     27
321     5     6     4087
322     42     19     1206
323     33     4     3612
324     75     6     340
325     10     31     3106
326     50     20     10035
327     34     22     1934
328     39     41     4369
329     20     49     9751
330     95     16     1532
331     43     41     6431
332     75     46     2101
333     85     5     2514
334     9     39     8150
335     54     20     1460
336     45     29     4840
337     15     48     5189
338     25     46     2388
339     18     26     9870
340     47     42     106
341     27     6     9187
342     50     18     1733
343     98     31     1526
344     59     4     634
345     79     13     8796
346     17     15     1064
347     56     38     6082
348     12     24     1081
349     64     2     3055
350     83     13     1826
351     62     33     2998
352     55     31     6545
353     51     49     162
354     22     13     6814
355     83     15     2220
356     61     40     3839
357     69     25     10167
358     33     41     1828
359     87     42     5871
360     40     24     2151
361     67     13     320
362     37     32     9487
363     94     39     794
364     56     4     5573
365     45     7     1538
366     89     19     2816
367     98     22     1817
368     73     20     2375
369     40     40     6889
370     59     40     480
371     42     13     4550
372     20     39     891
373     14     38     6949
374     54     22     2420
375     28     14     1350
376     22     26     6161
377     51     3     2009
378     74     26     5444
379     12     43     2550
380     48     1     5154
381     42     10     1145
382     27     39     5138
383     26     20     6129
384     90     21     1130
385     56     12     2092
386     32     34     8425
387     60     44     2184
388     41     31     9332
389     58     3     751
390     19     4     2566
391     22     41     8654
392     77     16     714
393     59     23     9470
394     64     2     1392
395     13     27     8169
396     99     1     106
397     84     3     10019
398     59     1     2527
399     87     48     6747
400     63     8     168
401     1     8     1850
402     65     21     9430
403     54     43     2413
404     29     29     3980
405     11     32     3467
406     76     13     9837
407     99     21     867
408     77     23     4081
409     36     12     1993
410     55     6     423
411     60     23     4385
412     94     7     9154
413     24     38     1298
414     24     40     7739
415     67     42     464
416     74     17     5096
417     62     47     1169
418     71     7     9157
419     88     45     37
420     91     47     5053
421     9     40     1065
422     85     14     6072
423     75     31     1047
424     68     30     1931
425     43     28     6717
426     89     18     744
427     51     21     6804
428     89     4     2210
429     59     18     3493
430     29     2     8711
431     37     32     424
432     2     38     8119
433     5     28     244
434     17     27     2012
435     82     41     2684
436     38     10     6636
437     56     22     100
438     16     44     660
439     25     21     10019
440     88     45     1391
441     21     43     9886
442     43     1     105
443     72     46     9923
444     55     29     708
445     42     3     7197
446     29     12     2405
447     86     11     5511
448     3     3     1290
449     84     26     1960
450     70     30     6526
451     44     24     1245
452     41     8     9374
453     27     48     1328
454     32     3     921
455     87     31     10033
456     46     42     2255
457     31     47     9460
458     71     47     2184
459     5     25     864
460     61     3     9425
461     97     21     375
462     30     20     9180
463     40     25     1282
464     57     37     8417
465     87     20     108
466     14     35     7161
467     47     3     550
468     68     10     7679
469     32     31     189
470     48     42     10104
471     95     37     1546
472     57     20     5914
473     90     14     1946
474     88     22     1891
475     88     47     5958
476     85     1     1514
477     89     25     6836
478     84     21     266
479     65     49     2275
480     70     8     7498
481     60     30     271
482     16     24     7638
483     14     41     459
484     10     25     1812
485     74     15     2636
486     6     48     6997
487     60     27     505
488     78     30     8274
489     69     30     482
490     2     28     8715
491     90     1     534
492     3     27     10201
493     30     27     410
494     80     31     3376
495     23     33     4687
496     91     13     921
497     17     46     5156
498     49     18     2267
499     5     21     8459
500     32     31     2220
