50.006     10413     10082
50.021     10436     10082
50.021     10436     10082
50.006     10413     10082
50.021     10436     10082
50.021     10436     10082
50.006     10413     10082
50.021     10436     10082
50.021     10436     10082
50.021     10436     10082
             
50.028     10351     10068
50.016     10351     10068
50.016     10351     10068
50.028     10351     10068
50.028     10351     10068
50.028     10351     10068
50.028     10351     10068
50.016     10351     10068
50.016     10351     10068
50.028     10351     10068
             
50.003     10030     9760
50.016     10023     9760
50.016     10023     9760
50.003     10030     9760
50.016     10030     9760
50.016     10030     9760
50.003     10030     9760
50.016     10023     9760
50.016     10023     9760
50.016     10030     9760
             
50.034     10279     9983
50.030     10279     9983
50.030     10279     9983
50.034     10279     9983
50.034     10279     9983
50.034     10279     9983
50.034     10279     9983
50.030     10279     9983
50.030     10279     9983
50.034     10279     9983
             
50.010     10464     10083
50.024     10444     10083
50.024     10444     10083
50.010     10464     10083
50.024     10464     10083
50.024     10464     10083
50.010     10464     10083
50.024     10444     10083
50.024     10444     10083
50.024     10464     10083
             
35     10034     9967
50.009     10034     9967
50.009     10034     9967
35     10034     9967
50.009     10034     9967
50.009     10034     9967
35     10034     9967
50.009     10034     9967
50.009     10034     9967
50.009     10034     9967
             
50.017     10450     10086.2
50.032     10450     10086.2
50.032     10450     10086.2
50.017     10450     10086.2
50.032     10450     10086.2
50.032     10450     10086.2
50.017     10450     10086.2
50.032     10450     10086.2
50.032     10450     10086.2
50.032     10450     10086.2
             
50.006     10379     10176
50.026     10361     10176
50.026     10361     10176
50.006     10379     10176
50.026     10379     10176
50.026     10379     10176
50.006     10379     10176
50.026     10361     10176
50.026     10361     10176
50.026     10379     10176
             
50.032     10320     9861.6
50.006     10236     9861.6
50.006     10236     9861.6
50.032     10320     9861.6
50.032     10320     9861.6
50.032     10320     9861.6
50.032     10320     9861.6
50.006     10236     9861.6
50.006     10236     9861.6
50.032     10320     9861.6
             
50.004     10406     10375
50.001     10412     10375
50.001     10412     10375
50.004     10406     10375
50.004     10412     10375
50.004     10412     10375
50.004     10406     10375
50.001     10412     10375
50.001     10412     10375
50.004     10412     10375
             
