1     137     103     2176
2     125     84     493
3     131     119     2202
4     157     34     12
5     120     163     1481
6     28     129     211
7     134     114     1016
8     67     155     1105
9     27     65     2140
10     115     124     655
11     19     26     159
12     142     93     338
13     181     182     2552
14     158     12     369
15     129     11     686
16     193     160     998
17     192     169     1354
18     86     133     553
19     126     140     1426
20     186     115     406
21     189     89     597
22     167     117     1442
23     179     43     206
24     141     115     1239
25     62     146     29
26     42     59     508
27     25     15     564
28     115     190     1761
29     186     24     351
30     10     85     1437
31     73     75     557
32     25     36     1900
33     12     2     621
34     119     159     1518
35     164     113     87
36     136     16     510
37     94     176     592
38     15     148     2028
39     11     48     122
40     150     8     700
41     7     49     2522
42     184     176     98
43     49     97     1236
44     60     126     2436
45     190     10     83
46     133     189     1567
47     112     75     209
48     98     63     404
49     173     191     2451
50     179     73     407
51     49     43     665
52     116     47     2574
53     38     179     386
54     75     142     1129
55     184     112     2524
56     136     80     144
57     119     64     334
58     57     8     1475
59     107     18     382
60     198     177     139
61     84     57     989
62     119     137     506
63     169     18     742
64     48     79     1369
65     196     182     601
66     17     13     1325
67     37     43     275
68     155     110     2578
69     136     5     518
70     12     79     1238
71     101     43     2585
72     50     132     347
73     165     90     1480
74     96     121     485
75     118     80     1738
76     20     150     153
77     89     146     1797
78     10     149     549
79     60     82     1534
80     182     135     538
81     171     83     200
82     139     48     1236
83     162     74     900
84     152     188     1840
85     180     43     470
86     16     134     1639
87     175     170     168
88     17     88     1495
89     172     59     166
90     67     98     1883
91     197     124     336
92     76     155     2452
93     71     184     387
94     57     76     182
95     58     1     328
96     53     144     470
97     118     170     790
98     11     1     1613
99     7     6     269
100     191     71     909
