10.484     10126     9752.5
10.094     10066     9752.5
10.177     10069     9752.5
10.125     10069     9752.5
10.126     10069     9752.5
10.126     10069     9752.5
10.125     10069     9752.5
10.177     10069     9752.5
10.094     10066     9752.5
10.484     10126     9752.5
             
10.344     11384     10482.5
10.250     11387     10482.5
10.235     11387     10482.5
10.422     11384     10482.5
10.422     11387     10482.5
10.422     11387     10482.5
10.422     11384     10482.5
10.235     11387     10482.5
10.250     11387     10482.5
10.344     11387     10482.5
             
10.469     10589     10174.5
10.204     10576     10174.5
10.583     10582     10174.5
10.156     10605     10174.5
10.548     10605     10174.5
10.548     10605     10174.5
10.156     10605     10174.5
10.583     10582     10174.5
10.204     10576     10174.5
10.469     10589     10174.5
             
10.313     10119     9874.5
10.188     10208     9874.5
10.188     10208     9874.5
10.375     10208     9874.5
10.375     10208     9874.5
10.375     10208     9874.5
10.375     10208     9874.5
10.188     10208     9874.5
10.188     10208     9874.5
10.313     10208     9874.5
             
10.381     10034     9693
10.047     10006     9693
10.047     10006     9693
10.381     10034     9693
10.381     10034     9693
10.381     10034     9693
10.381     10034     9693
10.047     10006     9693
10.047     10006     9693
10.381     10034     9693
             
10.625     9979     9761
10.157     9881     9761
10.281     9979     9761
10.162     9986     9761
10.281     9986     9761
10.281     9986     9761
10.162     9986     9761
10.281     9979     9761
10.157     9881     9761
10.625     9979     9761
             
10.016     10470     10029.5
10.657     10441     10029.5
10.125     10440     10029.5
10.117     10440     10029.5
10.125     10440     10029.5
10.125     10440     10029.5
10.117     10440     10029.5
10.125     10440     10029.5
10.657     10441     10029.5
10.657     10470     10029.5
             
10.047     10040     9541.5
10.156     10040     9541.5
10.141     10042     9541.5
10.126     10040     9541.5
10.161     10040     9541.5
10.161     10040     9541.5
10.126     10040     9541.5
10.141     10042     9541.5
10.156     10040     9541.5
10.156     10040     9541.5
             
10.672     10090     9882
10.078     10119     9882
10.048     10164     9882
10.172     10162     9882
10.172     10162     9882
10.172     10162     9882
10.172     10162     9882
10.048     10164     9882
10.078     10119     9882
10.672     10119     9882
             
10.250     10192     9979
10.626     10192     9979
10.422     10181     9979
10.407     10198     9979
10.579     10198     9979
10.579     10198     9979
10.407     10198     9979
10.422     10181     9979
10.626     10192     9979
10.626     10192     9979
             
