1     25     13     1469
2     37     18     557
3     62     28     2663
4     22     27     237
5     39     1     737
6     16     23     2244
7     87     43     807
8     39     3     2061
9     47     18     185
10     29     22     861
11     77     22     2294
12     5     3     365
13     51     32     2735
14     50     41     694
15     6     7     1521
16     12     47     1645
17     88     39     1547
18     6     19     343
19     12     10     1347
20     59     41     2099
21     35     29     177
22     91     26     934
23     45     13     3516
24     90     27     509
25     65     7     681
26     3     30     1786
27     78     41     1532
28     18     38     2438
29     41     15     613
30     54     1     2599
31     18     22     265
32     59     40     198
33     63     8     2157
34     13     19     455
35     10     28     3451
36     6     39     583
37     60     13     2568
38     12     9     435
39     74     45     1574
40     89     15     1489
41     76     15     605
42     20     23     709
43     96     47     989
44     83     18     3384
45     7     49     579
46     30     44     1392
47     60     23     1323
48     88     48     3024
49     41     18     228
50     54     48     975
51     71     24     1251
52     55     7     1920
53     31     2     702
54     99     49     3273
55     80     30     760
56     6     25     3607
57     97     31     722
58     1     42     880
59     11     38     2128
60     43     43     883
61     44     38     366
62     83     13     2521
63     26     37     191
64     99     21     1090
65     18     30     1775
66     41     5     1734
67     14     19     3036
68     88     8     404
69     59     43     862
70     81     17     3112
71     94     20     302
72     34     34     2673
73     16     23     690
74     67     12     2513
75     75     27     36
76     29     12     1971
77     90     4     536
78     65     48     1052
79     64     19     1238
80     98     46     738
81     19     49     903
82     95     10     1581
83     70     9     3087
84     62     8     575
85     6     37     2791
86     12     38     371
87     59     4     3287
88     56     22     41
89     89     12     1381
90     78     36     3458
91     35     28     435
92     29     41     2629
93     5     30     645
94     83     16     61
95     2     25     1187
96     16     18     1699
97     31     48     2901
98     47     22     615
99     78     24     2060
100     51     49     46
101     10     39     2482
102     45     23     397
103     68     17     1294
104     24     20     2437
105     42     19     525
106     23     27     2549
107     97     15     868
108     12     22     3514
109     15     20     402
110     67     33     1661
111     93     26     2630
112     65     19     441
113     2     38     483
114     88     19     3581
115     7     18     151
116     9     8     2259
117     60     15     412
118     10     40     2109
119     79     36     390
120     46     4     308
121     78     38     3594
122     92     38     394
123     31     28     2058
124     90     5     469
125     94     30     3603
126     46     37     802
127     24     24     1708
128     82     10     2676
129     78     4     734
130     68     18     1342
131     45     32     3552
132     36     39     312
133     57     18     295
134     13     24     2614
135     41     27     672
136     18     9     1694
137     88     14     50
138     12     11     1897
139     49     47     538
140     23     14     2214
141     8     47     164
142     37     10     836
143     2     22     3635
144     77     28     889
145     56     43     2483
146     58     39     499
147     60     10     2158
148     71     29     90
149     31     18     3211
150     38     33     730
151     57     44     3273
152     36     34     633
153     48     17     3568
154     96     21     76
155     34     43     3168
156     42     42     342
157     40     3     2966
158     37     47     412
159     9     23     1637
160     32     19     1830
161     32     47     44
162     58     8     2083
163     47     40     791
164     92     34     858
165     58     10     755
166     94     10     1513
167     59     19     2379
168     9     46     637
169     38     41     1968
170     69     34     21
171     73     16     2278
172     66     37     296
173     49     17     922
174     65     5     1385
175     38     15     3466
176     91     3     547
177     53     5     3420
178     72     49     487
179     62     3     611
180     29     43     1121
181     38     10     2109
182     4     42     563
183     80     42     1695
184     38     36     1525
185     11     5     3597
186     85     14     7
187     90     4     859
188     53     31     966
189     37     35     2827
190     51     27     80
191     12     26     1168
192     45     29     1970
193     79     46     282
194     20     28     882
195     63     36     2142
196     7     7     690
197     70     2     2139
198     75     21     444
199     81     49     1503
200     28     22     2537
201     24     25     137
202     13     6     952
203     80     21     2265
204     12     37     78
205     85     32     1547
206     78     39     2360
207     51     30     894
208     90     39     190
209     20     21     2389
210     7     33     886
211     37     33     484
212     16     49     1253
213     74     14     651
214     62     5     981
215     44     37     2722
216     9     42     786
217     15     32     170
218     51     48     2572
219     99     30     125
220     16     36     3479
221     84     27     422
222     42     35     2948
223     68     18     533
224     95     24     114
225     38     43     1549
226     53     13     2815
227     16     31     298
228     96     8     714
229     24     48     703
230     17     21     1658
231     49     41     1908
232     56     20     180
233     55     17     3534
234     12     33     808
235     27     33     3281
236     51     18     677
237     71     8     1487
238     63     13     1423
239     30     18     3430
240     70     20     26
241     36     45     2214
242     70     30     778
243     60     41     1641
244     34     42     3394
245     56     33     16
246     48     7     3561
247     35     23     894
248     56     6     2868
249     32     37     613
250     68     41     1165
251     94     30     304
252     44     35     1917
253     39     42     126
254     71     19     822
255     8     19     949
256     21     36     318
257     94     35     2813
258     62     27     4
259     21     20     624
260     54     27     497
261     16     2     1474
262     37     7     186
263     28     44     1097
264     1     42     60
265     82     30     3111
266     44     42     457
267     87     3     3167
268     15     45     742
269     74     29     539
270     61     12     2925
271     66     36     481
272     76     33     408
273     22     13     2857
274     44     37     513
275     21     13     918
276     67     20     1972
277     6     15     207
278     28     4     349
279     97     29     1224
280     41     14     160
281     58     43     2806
282     20     29     647
283     72     41     812
284     54     13     613
285     78     37     2768
286     62     39     753
287     39     39     1501
288     98     33     1788
289     66     14     506
290     36     2     625
291     1     10     1885
292     90     25     324
293     30     4     1514
294     42     1     2756
295     37     33     15
296     84     20     833
297     67     16     1305
298     38     2     2971
299     10     32     505
300     54     26     0
