1     98     31     261
2     127     7     752
3     66     22     1234
4     81     46     36
5     50     10     576
6     74     20     1499
7     189     6     308
8     62     5     428
9     103     11     838
10     58     36     583
11     31     11     531
12     125     35     872
13     94     25     1341
14     123     37     286
15     51     39     39
16     92     39     733
17     54     5     1668
18     26     47     466
19     104     24     827
20     151     39     1548
21     22     15     241
22     199     10     1502
23     194     7     382
24     107     34     1048
25     62     6     277
26     113     38     719
27     154     4     638
28     137     29     729
29     193     38     213
30     46     36     742
31     5     48     142
32     164     10     793
33     37     30     709
34     91     2     753
35     104     37     1597
36     116     39     460
37     71     6     1323
38     13     6     406
39     52     29     858
40     7     20     1143
41     194     47     393
42     199     13     241
43     18     22     210
44     149     29     1371
45     13     39     136
46     3     12     1313
47     27     29     385
48     154     3     1114
49     102     46     25
50     138     10     345
51     103     29     355
52     78     41     1366
53     179     7     311
54     152     39     1090
55     135     4     334
56     145     48     1893
57     196     34     156
58     33     17     1876
59     80     11     371
60     57     16     341
61     33     14     1782
62     36     49     127
63     110     8     1786
64     106     40     237
65     127     48     837
66     4     4     656
67     109     14     1215
68     45     22     372
69     109     26     451
70     170     48     508
71     99     13     362
72     100     34     1535
73     94     44     95
74     96     21     1780
75     162     19     89
76     103     27     1612
77     128     41     347
78     29     12     1124
79     4     2     228
80     121     14     1870
81     6     22     322
82     31     11     1607
83     54     47     329
84     85     21     966
85     139     25     166
86     158     30     1040
87     142     33     172
88     97     12     1412
89     193     42     164
90     34     1     1368
91     58     25     160
92     101     38     385
93     112     47     1281
94     29     40     50
95     146     9     419
96     120     1     1497
97     14     4     404
98     79     46     10
99     150     21     911
100     176     14     566
