10.578     5112     4906.5
10.563     5112     4906.5
10.563     5112     4906.5
10.578     5112     4906.5
10.578     5112     4906.5
10.578     5112     4906.5
10.578     5112     4906.5
10.563     5112     4906.5
10.563     5112     4906.5
10.578     5112     4906.5
             
10.079     4983     4781
10.875     4983     4781
10.875     4986     4781
10.079     4983     4781
10.875     4983     4781
10.875     4983     4781
10.079     4983     4781
10.875     4986     4781
10.875     4983     4781
10.875     4983     4781
             
10.531     4737     4678.5
10.422     4734     4678.5
10.422     4734     4678.5
10.531     4737     4678.5
10.531     4737     4678.5
10.531     4737     4678.5
10.531     4737     4678.5
10.422     4734     4678.5
10.422     4734     4678.5
10.531     4737     4678.5
             
10.109     5365     5211.5
10.001     5315     5211.5
10.001     5315     5211.5
10.109     5365     5211.5
10.109     5365     5211.5
10.109     5365     5211.5
10.109     5365     5211.5
10.001     5315     5211.5
10.001     5315     5211.5
10.109     5365     5211.5
             
10.266     4781     4730
10.000     4830     4730
10.000     4830     4730
10.266     4781     4730
10.266     4830     4730
10.266     4830     4730
10.266     4781     4730
10.000     4830     4730
10.000     4830     4730
10.266     4830     4730
             
10.750     4887     4736.5
10.172     4837     4736.5
10.172     4837     4736.5
10.750     4887     4736.5
10.750     4887     4736.5
10.750     4887     4736.5
10.750     4887     4736.5
10.172     4837     4736.5
10.172     4837     4736.5
10.750     4887     4736.5
             
10.953     5386     5138
10.720     5386     5138
10.720     5386     5138
10.953     5386     5138
10.953     5386     5138
10.953     5386     5138
10.953     5386     5138
10.720     5386     5138
10.720     5386     5138
10.953     5386     5138
             
10.485     4830     4725.5
10.235     4830     4725.5
10.235     4830     4725.5
10.485     4830     4725.5
10.485     4830     4725.5
10.485     4830     4725.5
10.485     4830     4725.5
10.235     4830     4725.5
10.235     4830     4725.5
10.485     4830     4725.5
             
10.141     5030     4978.5
10.063     5030     4978.5
10.063     5030     4978.5
10.141     5030     4978.5
10.141     5030     4978.5
10.141     5030     4978.5
10.141     5030     4978.5
10.063     5030     4978.5
10.063     5030     4978.5
10.141     5030     4978.5
             
10.907     4917     4816.5
10.391     4917     4816.5
10.391     4917     4816.5
10.907     4917     4816.5
10.907     4917     4816.5
10.907     4917     4816.5
10.907     4917     4816.5
10.391     4917     4816.5
10.391     4917     4816.5
10.907     4917     4816.5
             
