20.016     3697     3602.6
20.001     3694     3602.6
20.001     3694     3602.6
20.016     3697     3602.6
20.016     3697     3602.6
20.016     3697     3602.6
20.016     3697     3602.6
20.001     3694     3602.6
20.001     3694     3602.6
20.016     3697     3602.6
             
20.016     3947     3870.8
20.047     3949     3870.8
20.047     3949     3870.8
20.016     3947     3870.8
20.047     3949     3870.8
20.047     3949     3870.8
20.016     3947     3870.8
20.047     3949     3870.8
20.047     3949     3870.8
20.047     3949     3870.8
             
20.016     4018     3906.6
20.016     4028     3906.6
20.016     4028     3906.6
20.016     4018     3906.6
20.016     4028     3906.6
20.016     4028     3906.6
20.016     4018     3906.6
20.016     4028     3906.6
20.016     4028     3906.6
20.016     4028     3906.6
             
20.037     4074     3945.8
20.032     4063     3945.8
20.032     4063     3945.8
20.037     4074     3945.8
20.037     4074     3945.8
20.037     4074     3945.8
20.037     4074     3945.8
20.032     4063     3945.8
20.032     4063     3945.8
20.037     4074     3945.8
             
20.016     3789     3656.2
20.032     3754     3656.2
20.032     3754     3656.2
20.016     3789     3656.2
20.032     3789     3656.2
20.032     3789     3656.2
20.016     3789     3656.2
20.032     3754     3656.2
20.032     3754     3656.2
20.032     3789     3656.2
             
20.032     4083     3899.2
20.001     4081     3899.2
20.001     4081     3899.2
20.032     4083     3899.2
20.032     4083     3899.2
20.032     4083     3899.2
20.032     4083     3899.2
20.001     4081     3899.2
20.001     4081     3899.2
20.032     4083     3899.2
             
20.032     4169     3997
20.021     4162     3997
20.021     4162     3997
20.032     4169     3997
20.032     4169     3997
20.032     4169     3997
20.032     4169     3997
20.021     4162     3997
20.021     4162     3997
20.032     4169     3997
             
20.016     3947     3842.6
20.032     3935     3842.6
20.032     3955     3842.6
20.016     3947     3842.6
20.032     3947     3842.6
20.032     3947     3842.6
20.016     3947     3842.6
20.032     3955     3842.6
20.032     3935     3842.6
20.032     3947     3842.6
             
20.016     4079     3933.6
20.016     4046     3933.6
20.016     4046     3933.6
20.016     4079     3933.6
20.016     4079     3933.6
20.016     4079     3933.6
20.016     4079     3933.6
20.016     4046     3933.6
20.016     4046     3933.6
20.016     4079     3933.6
             
20.001     3934     3830.6
20.031     3946     3830.6
20.031     3946     3830.6
20.001     3934     3830.6
20.031     3946     3830.6
20.031     3946     3830.6
20.001     3934     3830.6
20.031     3946     3830.6
20.031     3946     3830.6
20.031     3946     3830.6
             
