1     77     84     503
2     57     94     70
3     62     45     1519
4     1     180     141
5     40     14     1016
6     11     78     329
7     66     51     1190
8     45     83     337
9     84     95     746
10     39     181     746
11     75     122     136
12     81     80     1524
13     97     21     149
14     72     138     1212
15     29     59     154
16     25     181     237
17     28     53     1190
18     56     139     152
19     32     60     721
20     43     179     344
21     70     12     183
22     86     32     172
23     65     49     1427
24     3     185     213
25     85     155     741
26     75     91     125
27     71     81     158
28     70     14     441
29     48     97     921
30     64     192     206
31     73     139     1120
32     99     98     97
33     18     64     241
34     38     56     827
35     12     62     23
36     1     68     949
37     28     101     294
38     9     120     1104
39     68     185     104
40     98     136     872
41     28     181     211
42     28     157     131
43     97     181     756
44     98     193     590
45     60     34     1143
46     43     54     98
47     46     3     1050
48     78     185     82
49     8     169     297
50     78     90     616
51     16     172     0
52     69     78     1476
53     75     184     13
54     76     168     346
55     56     48     389
56     64     61     605
57     41     145     41
58     10     88     1149
59     57     139     110
60     82     122     947
61     69     130     173
62     3     134     1023
63     95     72     384
64     43     184     1221
65     79     135     50
66     5     185     801
67     38     93     360
68     66     30     392
69     94     171     460
70     39     158     622
71     54     187     45
72     22     79     644
73     84     99     904
74     47     132     11
75     6     87     464
76     9     127     301
77     16     173     69
78     38     149     797
79     23     64     50
80     69     101     835
81     1     126     107
82     67     61     460
83     23     79     634
84     14     58     54
85     48     128     966
86     99     28     163
87     27     41     762
88     46     32     735
89     62     62     268
90     53     9     251
91     21     148     953
92     17     30     183
93     33     88     1360
94     44     123     344
95     26     108     119
96     34     9     1148
97     86     129     182
98     5     61     957
99     35     110     300
100     59     67     1139
101     15     71     286
102     10     3     1331
103     98     54     208
104     14     143     1347
105     18     185     91
106     91     111     1344
107     66     41     88
108     17     22     528
109     7     197     709
110     78     109     499
111     20     46     1121
112     79     117     52
113     16     31     804
114     7     160     153
115     50     65     1166
116     29     192     34
117     47     70     434
118     29     194     66
119     68     24     1290
120     21     28     305
121     96     190     918
122     51     128     190
123     20     13     1162
124     62     34     59
125     20     52     988
126     27     58     51
127     40     101     742
128     68     127     570
129     99     43     1175
130     47     128     321
131     35     68     739
132     10     155     1430
133     90     192     332
134     38     34     874
135     54     41     316
136     31     20     868
137     1     85     372
138     99     7     1178
139     12     21     274
140     1     146     1435
141     6     120     179
142     36     13     1141
143     6     130     206
144     37     78     559
145     12     126     1299
146     52     40     47
147     78     80     588
148     75     192     1029
149     7     29     33
150     22     187     600
151     98     88     1101
152     61     145     250
153     2     101     1433
154     52     79     306
155     82     178     1195
156     65     163     5
157     14     132     1011
158     9     164     256
159     88     195     594
160     15     166     17
161     46     184     1508
162     47     141     319
163     4     26     829
164     90     99     233
165     19     66     1470
166     28     190     167
167     62     173     266
168     46     39     1152
169     65     88     307
170     89     142     997
171     9     4     101
172     80     21     261
173     84     145     271
174     66     60     191
175     62     49     1541
176     5     148     211
177     4     178     896
178     23     190     374
179     76     143     207
180     45     88     1375
181     37     63     0
182     71     179     137
183     86     169     1125
184     10     20     161
185     2     29     434
186     20     25     653
187     96     194     560
188     12     146     669
189     85     192     1480
190     96     83     178
191     20     40     1498
192     37     76     177
193     91     44     505
194     53     116     650
195     56     8     614
196     82     184     679
197     97     69     463
198     42     8     33
199     49     56     1092
200     48     193     292
201     80     127     2
202     1     104     82
203     39     117     1187
204     98     121     138
205     74     72     1387
206     50     176     24
207     58     59     1378
208     23     41     96
209     14     19     1360
210     86     57     273
211     27     82     1520
212     93     87     306
213     67     118     1393
214     79     143     347
215     54     102     1349
216     29     70     131
217     34     99     1017
218     28     35     104
219     43     114     958
220     12     96     336
221     10     94     414
222     96     13     381
223     96     194     1210
224     26     12     237
225     40     140     394
226     9     182     1306
227     53     166     110
228     24     135     1419
229     29     145     91
230     68     40     1323
231     4     109     201
232     82     184     421
233     91     28     1015
234     55     181     292
235     90     145     99
236     13     199     892
237     1     61     340
238     20     177     221
239     48     131     62
240     63     165     46
241     79     141     613
242     33     99     529
243     75     147     595
244     65     137     472
245     49     76     625
246     30     118     442
247     62     155     1138
248     77     198     82
249     94     73     568
250     79     104     1482
251     59     14     300
252     4     161     1279
253     89     49     50
254     21     56     790
255     16     12     73
256     26     108     510
257     56     1     231
258     98     110     429
259     44     57     1059
260     29     157     294
261     21     179     526
262     26     125     791
263     76     125     117
264     97     194     135
265     62     154     903
266     99     81     156
267     33     143     1289
268     23     106     166
269     23     28     1510
270     97     82     322
271     97     7     415
272     29     170     831
273     49     25     171
274     38     167     470
275     9     99     811
276     51     160     203
277     19     69     783
278     93     111     265
279     39     143     128
280     50     68     454
281     33     62     122
282     96     73     1472
283     9     112     105
284     64     55     1210
285     94     49     104
286     35     12     386
287     3     5     1407
288     76     120     382
289     25     35     819
290     99     94     324
291     78     17     807
292     51     49     312
293     75     78     292
294     9     153     645
295     35     62     339
296     65     197     1054
297     18     113     339
298     72     10     441
299     18     34     801
300     25     49     336
301     61     42     139
302     25     149     461
303     76     186     1028
304     83     51     162
305     65     38     1480
306     23     199     102
307     31     183     167
308     90     115     1090
309     89     115     355
310     61     109     1128
311     40     186     354
312     54     41     216
313     77     76     1247
314     58     138     109
315     32     130     676
316     9     140     1110
317     29     136     10
318     72     86     404
319     44     77     864
320     85     130     370
321     32     27     422
322     92     196     784
323     72     103     215
324     14     88     1504
325     61     18     13
326     98     190     1399
327     33     42     189
328     23     3     76
329     59     41     607
330     42     29     384
331     72     47     492
332     61     17     1422
333     95     134     313
334     2     11     1313
335     32     127     249
336     85     189     1481
337     47     40     194
338     15     114     1173
339     89     7     136
340     24     94     151
341     87     87     363
342     43     77     1074
343     18     171     229
344     34     94     1517
345     98     147     373
346     34     39     1048
347     93     116     34
348     42     132     614
349     7     85     885
350     56     20     350
351     90     133     579
352     7     67     1062
353     7     179     325
354     70     152     230
355     72     90     367
356     50     145     828
357     98     152     250
358     82     10     1206
359     1     10     190
360     46     146     1485
361     2     66     344
362     28     142     395
363     27     26     387
364     12     192     1508
365     88     165     162
366     45     58     406
367     84     72     673
368     49     72     1476
369     57     13     308
370     52     166     279
371     23     156     204
372     42     61     124
373     36     99     846
374     24     133     286
375     60     15     180
376     33     128     662
377     51     198     605
378     65     184     944
379     24     192     5
380     54     127     585
381     90     147     1312
382     28     136     299
383     3     24     298
384     9     159     1119
385     20     164     57
386     32     179     1111
387     11     124     315
388     86     101     452
389     85     60     1084
390     57     108     68
391     49     83     351
392     7     173     44
393     83     48     1091
394     67     101     199
395     21     60     843
396     93     22     316
397     61     32     1011
398     24     194     47
399     22     199     684
400     7     19     652
401     40     108     562
402     88     72     198
403     5     85     999
404     84     26     241
405     73     87     64
406     84     58     41
407     31     60     29
408     60     10     736
409     17     114     753
410     50     58     44
411     90     196     800
412     10     30     288
413     25     93     897
414     97     124     14
415     70     72     424
416     8     182     1504
417     21     150     11
418     37     57     674
419     42     36     63
420     77     83     1433
421     50     199     261
422     59     121     1478
423     53     20     160
424     49     17     870
425     39     146     50
426     88     121     53
427     63     179     443
428     31     89     113
429     31     116     1513
430     91     122     136
431     7     132     944
432     8     152     157
433     21     109     522
434     50     91     1221
435     89     92     40
436     15     24     1381
437     85     134     35
438     58     31     862
439     42     168     168
440     33     79     1147
441     7     3     348
442     53     95     1223
443     50     41     158
444     14     16     317
445     49     118     1459
446     69     34     197
447     1     68     1053
448     99     84     29
449     11     85     544
450     76     18     437
451     31     152     95
452     22     159     604
453     74     115     547
454     56     46     1521
455     94     103     236
456     48     83     602
457     51     63     1522
458     53     107     267
459     5     9     1347
460     14     134     244
461     27     100     1126
462     16     3     224
463     92     127     1028
464     82     125     261
465     85     43     250
466     22     7     422
467     14     95     505
468     74     161     1342
469     67     108     93
470     87     43     534
471     27     139     421
472     89     81     1180
473     99     36     352
474     82     176     1132
475     49     175     3
476     67     42     289
477     52     166     1490
478     26     167     76
479     94     129     931
480     86     196     117
481     80     27     1107
482     25     51     259
483     95     168     598
484     97     146     497
485     81     159     784
486     32     52     307
487     93     16     1159
488     85     79     105
489     56     27     301
490     42     196     754
491     4     113     1411
492     59     137     188
493     53     110     1413
494     93     44     261
495     3     130     489
496     76     102     567
497     32     163     838
498     97     74     40
499     98     180     355
500     8     19     902
