1     12     22     47
2     33     43     10
3     27     45     38
4     16     47     62
5     5     28     12
6     32     5     74
7     27     4     29
8     28     12     51
9     19     1     36
10     39     33     89
11     7     22     1
12     34     5     32
13     48     27     101
14     18     2     7
15     19     27     22
16     37     36     0
17     2     39     43
18     21     22     97
19     9     33     13
20     1     20     55
21     5     28     98
22     2     43     4
23     21     37     25
24     24     6     104
25     13     41     3
26     13     44     108
27     12     48     26
28     14     5     17
29     46     37     8
30     30     18     37
31     24     19     98
32     23     47     28
33     2     29     83
34     15     7     24
35     31     15     79
36     41     19     19
37     18     7     74
38     22     45     6
39     38     25     45
40     39     20     79
41     40     7     8
42     40     42     50
43     41     36     90
44     47     49     8
45     12     38     75
46     45     24     28
47     13     25     102
48     10     24     28
49     15     25     63
50     17     42     29
