1     12     25     29
2     14     8     51
3     2     7     14
4     15     44     32
5     4     27     35
6     38     12     101
7     44     10     2
8     42     43     17
9     11     46     120
10     17     35     32
11     43     4     32
12     6     14     88
13     30     24     20
14     37     33     119
15     31     2     5
16     33     5     100
17     11     16     32
18     2     19     17
19     13     13     103
20     31     24     4
21     19     19     61
22     43     16     24
23     11     43     85
24     6     11     23
25     44     18     14
26     18     22     89
27     14     41     20
28     17     31     44
29     47     49     123
30     29     45     13
31     45     6     101
32     20     38     13
33     43     12     42
34     39     28     5
35     49     11     123
36     34     1     5
37     23     13     67
38     41     35     14
39     33     2     103
40     10     1     8
41     39     28     57
42     7     29     124
43     8     10     21
44     42     6     113
45     10     22     3
46     46     19     36
47     11     36     58
48     10     5     107
49     43     41     9
50     38     40     75
