1     56     73     2303
2     91     6     994
3     135     83     1107
4     171     48     2836
5     181     87     475
6     148     32     2714
7     136     103     255
8     74     120     2910
9     101     108     305
10     20     151     3015
11     161     179     870
12     172     68     3258
13     103     1     842
14     16     40     3080
15     127     156     227
16     16     106     698
17     143     54     1760
18     20     136     3757
19     37     194     630
20     83     153     2285
21     157     77     139
22     164     74     1351
23     109     12     3011
24     77     55     373
25     115     142     2869
26     159     181     457
27     174     42     1981
28     122     7     1480
29     153     124     40
30     115     163     3805
31     25     107     542
32     166     46     2452
33     64     3     60
34     98     115     3818
35     83     192     101
36     28     85     2036
37     134     93     1726
38     18     74     4009
39     114     116     580
40     92     86     3371
41     88     77     653
42     106     165     1339
43     180     63     1587
44     31     148     494
45     152     13     3081
46     32     166     616
47     190     103     2303
48     20     41     686
49     191     83     1629
50     119     73     3263
51     129     103     197
52     86     183     286
53     28     142     2125
54     186     161     758
55     126     88     391
56     35     137     1217
57     189     82     3956
58     191     54     696
59     105     39     3178
60     87     111     751
61     162     127     1527
62     155     69     781
63     82     133     3238
64     107     120     835
65     124     74     2249
66     21     112     453
67     198     69     852
68     163     21     2711
69     63     80     120
70     77     99     771
71     39     125     659
72     170     170     2917
73     89     23     861
74     16     64     2745
75     39     67     771
76     115     143     1750
77     119     97     555
78     24     37     617
79     104     186     2549
80     59     175     956
81     54     150     4053
82     113     103     284
83     74     13     3867
84     185     19     821
85     8     115     630
86     190     15     232
87     195     93     2782
88     43     100     990
89     92     177     952
90     189     189     2282
91     171     152     210
92     86     98     3621
93     75     26     675
94     124     143     2963
95     85     182     817
96     69     143     1677
97     178     128     3774
98     77     153     935
99     188     171     3328
100     137     57     540
101     185     160     2754
102     63     63     384
103     5     27     362
104     123     129     673
105     71     22     3814
106     160     184     610
107     125     6     2630
108     180     53     279
109     173     79     1538
110     158     141     3478
111     8     40     297
112     6     14     1463
113     20     187     291
114     13     134     2238
115     101     26     909
116     153     124     3452
117     177     30     475
118     8     20     25
119     152     119     3666
120     181     99     334
121     68     33     2244
122     56     3     242
123     58     64     3458
124     34     136     903
125     42     77     3765
126     138     124     774
127     83     81     2124
128     69     146     586
129     69     6     1921
130     124     167     946
131     138     62     163
132     183     11     3871
133     165     157     466
134     91     111     1782
135     63     139     2028
136     159     103     4031
137     15     113     784
138     52     31     3943
139     185     7     587
140     99     107     20
141     87     56     2416
142     152     11     213
143     160     54     2906
144     34     28     939
145     82     17     764
146     91     192     238
147     96     82     573
148     17     2     3877
149     6     37     985
150     138     118     735
151     134     119     2888
152     18     61     553
153     18     113     1893
154     99     82     1078
155     168     1     1768
156     124     29     357
157     100     115     1004
158     105     154     3737
159     61     192     978
160     66     93     3479
161     186     101     813
162     147     80     1910
163     24     95     3318
164     18     21     527
165     109     136     2287
166     197     148     684
167     84     81     912
168     172     21     1906
169     45     34     2169
170     127     162     633
171     47     56     1442
172     123     11     2346
173     142     51     845
174     41     54     1939
175     177     11     3446
176     29     32     966
177     122     23     2243
178     5     46     395
179     92     83     1904
180     110     10     1158
181     68     49     3786
182     179     90     330
183     41     133     2720
184     169     151     864
185     130     77     2867
186     129     172     846
187     187     26     2753
188     60     164     526
189     116     167     3187
190     150     196     98
191     196     45     2984
192     56     184     9
193     176     116     1573
194     67     134     3543
195     134     144     347
196     82     4     1953
197     23     18     986
198     74     134     672
199     76     109     882
200     48     163     3055
