1     188     12     3588
2     48     192     166
3     88     91     106
4     163     59     3439
5     49     4     789
6     100     100     1391
7     13     69     2579
8     121     49     857
9     23     84     311
10     17     176     912
11     185     38     790
12     6     157     1507
13     81     20     1798
14     9     25     509
15     171     55     466
16     40     52     2086
17     39     90     47
18     6     192     1106
19     60     85     1460
20     167     174     2540
21     62     171     879
22     107     92     1876
23     62     27     3173
24     99     72     577
25     63     137     2171
26     121     106     68
27     34     161     581
28     176     98     1987
29     37     115     589
30     58     4     849
31     66     129     2154
32     140     14     709
33     38     130     1015
34     104     86     1620
35     118     35     500
36     144     96     1983
37     147     174     568
38     60     89     3325
39     65     30     788
40     100     85     3638
41     51     160     826
42     124     147     1181
43     8     62     48
44     59     160     500
45     27     52     2226
46     77     30     628
47     107     121     2175
48     139     73     592
49     81     109     3170
50     181     174     813
51     69     172     574
52     198     38     3272
53     77     173     317
54     95     158     1880
55     152     57     3239
56     22     104     481
57     103     141     3415
58     59     2     561
59     121     124     1457
60     86     155     3757
61     150     85     76
62     96     18     374
63     130     192     758
64     124     166     3125
65     42     101     819
66     143     143     835
67     14     72     28
68     105     114     145
69     66     113     1028
70     86     127     848
71     118     42     2279
72     52     99     122
73     154     57     2122
74     69     64     137
75     170     194     273
76     193     87     1273
77     89     38     3187
78     18     140     841
79     83     188     2458
80     178     115     214
81     78     78     1404
82     71     194     1169
83     117     92     2923
84     34     26     916
85     170     178     3654
86     151     66     403
87     52     36     2679
88     52     20     79
89     66     131     357
90     104     25     3675
91     107     128     831
92     163     119     129
93     153     181     2379
94     100     129     546
95     189     114     2820
96     8     192     500
97     156     176     3568
98     130     138     312
99     39     86     1627
100     166     123     2328
101     102     155     804
102     120     181     38
103     111     30     3421
104     197     83     447
105     76     57     1617
106     162     11     2751
107     122     68     183
108     177     172     774
109     39     87     248
110     59     47     900
111     32     13     3416
112     159     103     765
113     35     10     1024
114     133     153     2694
115     47     9     563
116     193     43     2198
117     121     17     204
118     71     45     2646
119     169     3     353
120     123     102     3088
121     104     7     831
122     83     140     2997
123     13     14     841
124     65     197     3218
125     101     73     112
126     97     63     659
127     12     143     2470
128     40     115     313
129     34     120     1667
130     157     19     3518
131     117     124     161
132     41     140     1329
133     165     24     927
134     148     79     1829
135     141     7     724
136     175     99     603
137     199     4     2722
138     138     175     30
139     27     166     3427
140     142     94     908
141     48     167     239
142     36     191     433
143     121     112     2789
144     44     97     417
145     156     152     2514
146     65     110     554
147     119     170     363
148     21     60     3613
149     110     18     407
150     33     132     2185
151     86     159     17
152     53     146     1724
153     179     164     2199
154     99     99     728
155     98     150     3467
156     17     47     529
157     69     1     1198
158     21     43     1144
159     80     39     3592
160     96     175     906
161     172     138     2412
162     190     166     158
163     77     64     2207
164     26     36     617
165     130     163     3614
166     137     119     263
167     7     67     501
168     89     55     3089
169     56     151     746
170     190     138     1649
171     58     108     2646
172     192     167     534
173     136     105     1562
174     183     139     2258
175     68     190     196
176     34     9     1475
177     24     132     517
178     1     187     2676
179     177     179     598
180     19     111     3212
181     135     16     365
182     165     64     199
183     99     4     3298
184     68     134     300
185     154     55     485
186     100     157     581
187     137     45     180
188     46     113     1857
189     34     60     3133
190     39     54     425
191     45     17     3222
192     139     115     716
193     20     88     2502
194     118     126     445
195     124     56     3009
196     16     51     164
197     102     44     197
198     147     123     2374
199     129     174     538
200     42     118     2380
