1     48     168     7268
2     50     101     3127
3     15     17     8890
4     196     91     17739
5     93     55     428
6     128     39     15296
7     28     89     2248
8     147     196     11734
9     6     54     2893
10     24     198     5816
11     140     158     14347
12     75     18     1149
13     8     199     7119
14     27     99     15485
15     194     75     4834
16     58     8     10594
17     159     172     2408
18     131     197     12859
19     196     81     904
20     96     69     9854
21     112     133     2529
22     145     8     10416
23     50     196     1145
24     141     85     17474
25     166     125     416
26     159     8     10063
27     17     4     3656
28     115     19     14684
29     153     141     1354
30     28     121     10532
31     88     47     4286
32     125     17     5397
33     181     38     15468
34     199     38     1678
35     69     137     10350
36     179     32     2081
37     126     72     10203
38     194     98     2628
39     45     35     14415
40     180     116     4475
41     147     58     7460
42     168     81     12020
43     137     135     1275
44     130     12     6803
45     29     137     10696
46     169     45     1406
47     48     126     7344
48     184     130     9471
49     30     138     7806
50     75     51     7997
51     86     52     4795
52     118     82     5635
53     127     4     6471
54     142     20     6617
55     146     154     8330
56     135     183     6985
57     153     86     17807
58     135     14     2788
59     7     45     6890
60     72     17     1454
61     97     9     17789
62     33     120     2050
63     107     4     17982
64     70     25     3275
65     95     149     7761
66     151     40     1609
67     99     180     19606
68     114     174     4080
69     120     16     7118
70     31     176     15068
71     63     109     2303
72     17     80     7566
73     117     109     15772
74     77     60     2781
75     153     28     16954
76     128     157     2656
77     69     32     1671
78     192     35     4472
79     123     121     13146
80     140     1     3577
81     181     154     16898
82     172     164     4469
83     125     148     11178
84     38     174     4653
85     86     160     18492
86     60     25     2197
87     8     145     18390
88     165     72     4059
89     68     167     8430
90     119     160     16951
91     76     75     2411
92     99     120     2069
93     43     96     8331
94     105     80     12787
95     81     5     54
96     155     53     8071
97     127     54     161
98     47     188     15921
99     131     126     1963
100     150     62     15676
101     119     116     1266
102     74     41     12035
103     13     113     4501
104     88     16     1355
105     5     43     17995
106     87     9     1403
107     182     182     6469
108     107     138     2611
109     139     16     2696
110     85     88     17113
111     122     65     1453
112     127     173     19205
113     47     15     4145
114     43     64     1291
115     125     147     12676
116     39     112     180
117     81     142     4082
118     125     16     9643
119     28     143     159
120     128     6     9646
121     27     49     556
122     93     139     13255
123     162     181     1714
124     35     117     15361
125     55     22     4637
126     173     155     12003
127     13     124     1613
128     107     100     18846
129     155     183     3082
130     8     48     15963
131     118     101     2157
132     139     187     19455
133     185     114     2304
134     56     13     4653
135     55     43     3468
136     188     24     10297
137     88     185     154
138     5     96     15675
139     12     73     222
140     99     44     11343
141     165     153     434
142     117     174     8393
143     130     179     7626
144     27     44     1098
145     125     152     5357
146     72     110     8967
147     98     151     13040
148     65     25     539
149     32     98     3636
150     85     69     5256
151     119     115     10327
152     152     122     1610
153     1     83     13372
154     83     154     139
155     134     177     17593
156     50     59     1992
157     158     27     1930
158     16     126     16513
159     76     17     605
160     155     189     10529
161     91     145     1848
162     170     134     5144
163     125     193     16884
164     32     131     100
165     130     54     6231
166     159     75     4716
167     66     40     10694
168     45     58     4619
169     137     81     15902
170     69     47     4282
171     173     51     14511
172     133     80     1437
173     141     197     13943
174     60     165     3964
175     169     177     12474
176     27     25     4070
177     127     57     2982
178     49     17     1905
179     83     89     1834
180     112     198     16283
181     26     73     1810
182     161     95     4188
183     191     196     1162
184     43     160     2710
185     55     31     2468
186     11     54     7352
187     30     136     2729
188     66     86     3801
189     100     125     5278
190     116     19     18529
191     151     190     4466
192     99     29     12372
193     58     6     4157
194     29     185     11212
195     20     110     4155
196     142     79     8880
197     170     76     11045
198     41     112     3845
199     77     166     9447
200     21     157     12833
