1     8     159     2361
2     167     162     3941
3     174     36     9569
4     18     135     2553
5     149     35     18083
6     118     20     2192
7     79     115     13854
8     176     60     437
9     184     153     12410
10     142     135     4060
11     23     40     5800
12     148     51     13741
13     42     77     2536
14     128     125     3278
15     48     36     18926
16     35     45     40
17     123     22     17054
18     12     52     1312
19     136     143     14684
20     197     162     1625
21     136     110     8255
22     112     199     15371
23     54     137     4494
24     46     184     18100
25     7     171     622
26     14     13     6953
27     39     132     17092
28     36     42     69
29     11     144     4748
30     139     81     9072
31     97     81     10915
32     84     40     2112
33     73     7     560
34     83     30     9136
35     129     156     7576
36     20     153     7469
37     149     1     14496
38     90     112     2116
39     176     146     4458
40     82     148     17016
41     126     151     3719
42     68     198     15500
43     114     7     1790
44     65     145     561
45     179     84     4601
46     194     164     12505
47     158     108     1164
48     151     74     17322
49     118     194     1599
50     165     119     4461
51     147     45     2242
52     199     113     132
53     18     44     64
54     151     51     14474
55     72     85     17
56     143     42     9010
57     16     151     3311
58     171     47     4285
59     143     120     18172
60     38     188     536
61     157     67     14963
62     134     61     97
63     94     106     2534
64     75     177     8155
65     165     139     4593
66     27     45     11259
67     7     70     3856
68     142     46     12916
69     52     101     452
70     175     194     4232
71     25     13     1085
72     90     18     2310
73     14     38     8865
74     198     142     11074
75     167     27     2270
76     138     134     13906
77     142     3     4081
78     43     50     10268
79     142     10     3513
80     69     28     2732
81     64     174     1897
82     41     25     13391
83     135     17     1077
84     154     117     5491
85     82     2     17584
86     26     69     1239
87     138     92     15518
88     159     195     4690
89     93     29     5837
90     76     24     15700
91     194     170     414
92     155     29     15017
93     63     151     4389
94     45     70     14966
95     2     52     3909
96     40     182     6054
97     179     164     16337
98     68     80     1013
99     152     62     12808
100     8     22     3068
101     107     170     18848
102     33     146     2456
103     28     47     17650
104     9     144     4297
105     101     86     12389
106     156     123     3107
107     144     37     5416
108     140     28     12399
109     21     78     1317
110     76     92     11969
111     187     102     3712
112     77     136     6727
113     139     88     15150
114     98     174     1758
115     121     179     16281
116     191     13     1428
117     147     32     9614
118     60     199     361
119     51     111     13116
120     119     32     1652
121     108     189     1500
122     28     160     17813
123     23     6     3141
124     93     6     1313
125     145     95     17229
126     103     34     4216
127     109     174     5776
128     56     80     3795
129     56     148     2933
130     100     85     951
131     107     10     11646
132     130     133     3441
133     1     161     9839
134     16     21     3434
135     6     32     13163
136     141     178     1949
137     173     162     7062
138     188     4     11427
139     14     38     3449
140     132     157     13816
141     66     98     2806
142     107     86     13019
143     20     95     2445
144     115     53     3588
145     39     173     16215
146     31     87     1655
147     49     196     7464
148     24     6     8389
149     63     118     13870
150     57     99     1367
151     21     134     4549
152     198     22     14760
153     184     191     661
154     117     78     18423
155     17     197     2624
156     119     144     6261
157     195     4     16667
158     46     154     834
159     28     117     10656
160     153     112     4277
161     83     80     12278
162     118     112     1058
163     191     131     5185
164     107     44     3104
165     52     98     5054
166     23     116     10524
167     45     186     4061
168     167     149     1974
169     4     177     5923
170     62     20     1535
171     79     165     9061
172     83     44     2592
173     101     125     12509
174     113     101     3462
175     97     66     16192
176     128     57     2650
177     128     24     9249
178     19     163     10254
179     79     19     4138
180     89     91     13890
181     106     106     2362
182     143     171     499
183     2     3     8336
184     68     120     6298
185     145     7     3671
186     47     186     16231
187     94     90     2512
188     65     104     1109
189     22     12     12544
190     21     6     2610
191     23     69     9933
192     67     51     123
193     4     52     10449
194     156     44     1952
195     186     177     16795
196     38     76     2161
197     181     28     3433
198     80     73     1306
199     120     9     13307
200     165     163     1304
