20.001     19355     18974
20.017     19356     18974
20.017     19356     18974
20.001     19355     18974
20.017     19356     18974
20.017     19356     18974
20.001     19355     18974
20.017     19356     18974
20.017     19356     18974
20.017     19356     18974
             
20.001     21226     20467
20.021     21435     20467
20.021     21435     20467
20.001     21226     20467
20.021     21435     20467
20.021     21435     20467
20.001     21226     20467
20.021     21435     20467
20.021     21435     20467
20.021     21435     20467
             
20.016     19752     19705
20.001     19836     19705
20.001     19836     19705
20.016     19752     19705
20.016     19836     19705
20.016     19836     19705
20.016     19752     19705
20.001     19836     19705
20.001     19836     19705
20.016     19836     19705
             
20.016     20667     20056
20.001     20771     20056
20.001     20771     20056
20.016     20667     20056
20.016     20771     20056
20.016     20771     20056
20.016     20667     20056
20.001     20771     20056
20.001     20771     20056
20.016     20771     20056
             
20.001     20461     19729.5
20.016     20433     19729.5
20.016     20433     19729.5
20.001     20461     19729.5
20.016     20461     19729.5
20.016     20461     19729.5
20.001     20461     19729.5
20.016     20433     19729.5
20.016     20433     19729.5
20.016     20461     19729.5
             
0.031     20540     20540
0.031     20540     20540
0.031     20540     20540
0.031     20540     20540
0.031     20540     20540
0.031     20540     20540
0.031     20540     20540
0.031     20540     20540
0.031     20540     20540
0.031     20540     20540
             
20.001     20086     19528
20.016     20037     19528
20.016     20037     19528
20.001     20086     19528
20.016     20086     19528
20.016     20086     19528
20.001     20086     19528
20.016     20037     19528
20.016     20037     19528
20.016     20086     19528
             
20.001     20774     19605
20.005     20875     19605
20.005     20875     19605
20.001     20774     19605
20.005     20875     19605
20.005     20875     19605
20.001     20774     19605
20.005     20875     19605
20.005     20875     19605
20.005     20875     19605
             
20.016     22753     21514
20.001     22837     21514
20.001     22837     21514
20.016     22753     21514
20.016     22837     21514
20.016     22837     21514
20.016     22753     21514
20.001     22837     21514
20.001     22837     21514
20.016     22837     21514
             
20.016     21830     20611
20.001     21722     20611
20.001     21722     20611
20.016     21830     20611
20.016     21830     20611
20.016     21830     20611
20.016     21830     20611
20.001     21722     20611
20.001     21722     20611
20.016     21830     20611
             
