30.004     7849     7696.5
30.083     7873     7696.5
30.083     7873     7696.5
30.004     7849     7696.5
30.083     7873     7696.5
30.083     7873     7696.5
30.004     7849     7696.5
30.083     7873     7696.5
30.083     7873     7696.5
30.083     7873     7696.5
             
30.003     7488     7311
30.004     7513     7311
30.004     7488     7311
30.003     7488     7311
30.004     7488     7311
30.004     7488     7311
30.003     7488     7311
30.004     7488     7311
30.004     7513     7311
30.004     7513     7311
             
30.019     7811     7598.5
30.019     7787     7598.5
30.019     7787     7598.5
30.019     7811     7598.5
30.019     7811     7598.5
30.019     7811     7598.5
30.019     7811     7598.5
30.019     7787     7598.5
30.019     7787     7598.5
30.019     7811     7598.5
             
30.050     7131     7032.5
30.003     7131     7032.5
30.003     7131     7032.5
30.050     7131     7032.5
30.050     7131     7032.5
30.050     7131     7032.5
30.050     7131     7032.5
30.003     7131     7032.5
30.003     7131     7032.5
30.050     7131     7032.5
             
30.003     7370     7246
30.736     7395     7246
30.736     7395     7246
30.003     7370     7246
30.736     7395     7246
30.736     7395     7246
30.003     7370     7246
30.736     7395     7246
30.736     7395     7246
30.736     7395     7246
             
30.034     7527     7402.5
30.097     7530     7402.5
30.097     7530     7402.5
30.034     7527     7402.5
30.097     7530     7402.5
30.097     7530     7402.5
30.034     7527     7402.5
30.097     7530     7402.5
30.097     7530     7402.5
30.097     7530     7402.5
             
30.018     7239     7090.5
30.003     7264     7090.5
30.003     7264     7090.5
30.018     7239     7090.5
30.018     7264     7090.5
30.018     7264     7090.5
30.018     7239     7090.5
30.003     7264     7090.5
30.003     7264     7090.5
30.018     7264     7090.5
             
30.064     7777     7573.5
30.019     7801     7573.5
30.019     7777     7573.5
30.064     7812     7573.5
30.064     7777     7573.5
30.064     7777     7573.5
30.064     7812     7573.5
30.019     7777     7573.5
30.019     7801     7573.5
30.064     7801     7573.5
             
30.003     7383     7232.5
30.050     7383     7232.5
30.050     7383     7232.5
30.003     7383     7232.5
30.050     7383     7232.5
30.050     7383     7232.5
30.003     7383     7232.5
30.050     7383     7232.5
30.050     7383     7232.5
30.050     7383     7232.5
             
30.017     7548     7372
30.019     7548     7372
30.019     7548     7372
30.017     7548     7372
30.019     7548     7372
30.019     7548     7372
30.017     7548     7372
30.019     7548     7372
30.019     7548     7372
30.019     7548     7372
             
