30.001     7935     7696.5
30.003     7922     7696.5
30.003     7922     7696.5
30.001     7935     7696.5
30.003     7935     7696.5
30.003     7935     7696.5
30.001     7935     7696.5
30.003     7922     7696.5
30.003     7922     7696.5
30.003     7935     7696.5
             
30.048     7538     7311
30.004     7538     7311
30.004     7538     7311
30.048     7538     7311
30.048     7538     7311
30.048     7538     7311
30.048     7538     7311
30.004     7538     7311
30.004     7538     7311
30.048     7538     7311
             
30.004     7916     7598.5
30.046     7915     7598.5
30.046     7915     7598.5
30.004     7916     7598.5
30.046     7916     7598.5
30.046     7916     7598.5
30.004     7916     7598.5
30.046     7915     7598.5
30.046     7915     7598.5
30.046     7916     7598.5
             
30.003     7204     7032.5
30.003     7177     7032.5
30.003     7177     7032.5
30.003     7204     7032.5
30.003     7204     7032.5
30.003     7204     7032.5
30.003     7204     7032.5
30.003     7177     7032.5
30.003     7177     7032.5
30.003     7204     7032.5
             
30.033     7446     7246
30.047     7431     7246
30.047     7431     7246
30.033     7446     7246
30.047     7446     7246
30.047     7446     7246
30.033     7446     7246
30.047     7431     7246
30.047     7431     7246
30.047     7446     7246
             
30.001     7552     7402.5
30.002     7578     7402.5
30.002     7578     7402.5
30.001     7552     7402.5
30.002     7578     7402.5
30.002     7578     7402.5
30.001     7552     7402.5
30.002     7578     7402.5
30.002     7578     7402.5
30.002     7578     7402.5
             
30.017     7287     7090.5
30.003     7322     7090.5
30.003     7322     7090.5
30.017     7287     7090.5
30.017     7322     7090.5
30.017     7322     7090.5
30.017     7287     7090.5
30.003     7322     7090.5
30.003     7322     7090.5
30.017     7322     7090.5
             
30.017     7842     7573.5
30.003     7888     7573.5
30.003     7888     7573.5
30.017     7842     7573.5
30.017     7888     7573.5
30.017     7888     7573.5
30.017     7842     7573.5
30.003     7888     7573.5
30.003     7888     7573.5
30.017     7888     7573.5
             
30.019     7386     7232.5
30.017     7410     7232.5
30.017     7410     7232.5
30.019     7386     7232.5
30.019     7410     7232.5
30.019     7410     7232.5
30.019     7386     7232.5
30.017     7410     7232.5
30.017     7410     7232.5
30.019     7410     7232.5
             
30.001     7664     7372
30.035     7614     7372
30.035     7614     7372
30.001     7664     7372
30.035     7664     7372
30.035     7664     7372
30.001     7664     7372
30.035     7614     7372
30.035     7614     7372
30.035     7664     7372
             
