1       14        7      304
2       15        5       65
3        4        7      308
4       15        6       69
5       13        8       53
6        5        6      267
7        6        3      252
8        4        7      270
9       13        1      118
10        6        7       21
11       15        1      258
12       14        8       91
13       13        1      226
14        9        1       67
15        8        4      224
16        9        9       46
17       15        1       73
18       15        6       56
19       10        2      329
20       15        8      234
21        6        9      299
22        4        7       14
23       13        8      335
24       14        1       28
25        9        5       50
26        3        4       10
27       15        8      277
28       14        5      239
29       10        1      227
30        4        7      255
31        8        6      289
32        5        6       27
33        6        8      273
34       15        4       98
35       12        9      100
36        5        7      126
37       10        4      258
38        8        1      222
39       14        6      316
40       14        9      301
41       10        5      182
42        7        4      265
43       11        4       58
44        8        9      157
45       13        6      261
46        3        2       86
47        3        9      304
48       10        4      237
49       14        4       89
50        9        1      221
51       13        6      109
52       13        2       70
53        6        7       76
54       10        9      120
55       11        3      124
56       10        7      278
57        7        6       50
58        5        6      255
59       10        8       57
60        3        4       57
61       11        1      330
62       13        6       54
63       14        3       86
64       10        3      202
65       13        3       65
66        6        7       85
67       15        9       30
68       10        3      216
69       12        3      184
70        7        8      281
71        6        7      328
72        7        4      252
73        9        1      312
74        5        6       89
75        8        7      157
76        8        3      202
77        5        8      163
78       12        6      155
79       12        7      109
80        3        7      134
81       15        6      124
82       12        9      152
83       15        2       31
84        8        6      137
85       12        8      169
86        6        2      285
87       10        6      168
88       14        2      132
89       14        4      152
90        4        9      323
91       11        2       62
92       14        5      196
93       12        8      272
94       15        9       18
95        3        3       77
96        6        9      263
97        9        3      169
98        3        3      146
99        8        3      138
100       15        8      334
101       10        9       31
102        3        1        2
103        3        1      134
104        9        8      259
105       11        1        3
106        3        5      268
107       11        8       21
108       15        2      301
109        8        5      194
110       13        8      264
111        9        3      127
112       14        4      289
113        4        3      138
114       11        1       49
115        3        5      119
116        7        9      203
117        3        2       43
118       13        7      261
119        7        8       26
120       10        8       14
121        3        7      106
122       15        5      144
123       11        9      106
124       12        4      264
125        6        6       28
126       11        6       91
127       14        8      236
128        6        9       73
129        5        8      208
130       12        4       65
131        5        1      223
132       14        1       38
133        9        2       29
134        9        7      147
135       11        2       30
136        9        4      329
137        3        8      223
138        7        4      220
139       12        2      200
140       10        2      283
141       12        8      172
142       11        9      135
143        5        2      142
144        4        3      261
145        5        7       60
146        5        1      272
147        6        3      268
148       12        9      147
149        8        7      200
150       14        6      328
151       14        6      107
152       10        9      170
153       10        9       82
154        8        9      125
155        8        7      278
156       13        3      156
157        7        7      230
158       10        6       89
159       14        6      188
160       12        9      233
161       10        3       79
162        9        6       90
163       15        1      326
164       15        2        8
165       11        6      108
166        4        8       34
167        6        7      186
168       13        3      151
169        6        6      213
170       13        2        0
171       14        5      127
172       14        1       79
173        4        2      249
174       12        9      207
175        8        4      113
176       15        2      139
177       14        6      105
178        3        7      301
179       12        2      151
180        6        3      106
181       10        5      171
182       15        6      190
183        5        9      131
184        9        9      211
185        4        6      231
186        5        5      306
187       10        6       74
188       12        7      169
189       14        8       86
190       14        6      244
191        8        7       53
192        7        2      159
193        4        7      141
194       14        4      117
195       10        5      231
196       15        2       29
197       12        3      244
198       13        5      233
199       11        8      241
200       12        6       84
201        8        6      171
202       10        3      144
203       15        1      194
204       15        5       47
205       15        7      319
206       12        3      151
207        4        2      162
208       13        6      186
209       12        8      106
210        8        7      256
211       15        8        0
212        3        8      327
213        8        6      185
214        5        5      255
215       14        3      330
216        8        3       95
217       11        2      130
218       11        5       39
219       13        3       62
220       11        2      214
221       11        5      309
222       12        9        5
223        6        7      287
224        4        3      114
225       11        3       34
226       15        4       10
227        5        2      122
228        5        1      125
229       12        5      267
230       11        8      335
231        3        4      314
232       13        2      169
233        8        3      252
234        6        3      308
235        7        8      152
236        6        2      147
237       13        2      280
238        6        1      201
239        5        3       71
240       13        5      171
241        6        4        6
242        9        9      257
243        5        2      143
244        5        4      307
245        6        7       28
246       12        1      324
247        9        5      248
248        5        1      118
249       15        5      170
250        6        3      324
251       13        5       58
252       15        8      316
253       13        5      170
254       12        2      210
255       12        8      162
256       11        5       59
257       13        3       22
258        5        7      273
259       12        1      119
260       15        8      111
261       11        4       59
262       11        8      171
263        9        8      222
264        8        4      141
265        8        8       61
266        7        9      324
267       10        2       43
268       15        6      116
269       11        5       75
270        9        3      124
271       12        3      121
272       11        4      246
273        4        2       53
274        3        1       40
275        8        6      140
276        6        7      326
277        8        1       11
278       11        3       83
279       15        3      100
280        5        8      113
281        9        8      183
282       12        4      273
283        8        1      293
284        4        2       66
285        6        1      125
286       10        6       84
287       14        7      293
288       10        6      129
289        7        7      146
290       13        4      227
291        6        2       70
292        6        7       60
293        6        3       27
294       10        7      135
295       11        6      245
296       10        2      249
297        6        6      312
298       12        8      296
299       13        6      129
300       11        4       90
