1     10     27     311
2     58     15     419
3     86     159     430
4     19     87     661
5     43     28     169
6     54     61     683
7     17     79     17
8     85     161     16
9     61     34     473
10     31     105     221
11     11     81     788
12     40     101     109
13     19     113     398
14     47     159     170
15     98     153     237
16     73     51     356
17     18     148     657
18     60     22     8
19     28     145     54
20     24     158     383
21     29     27     528
22     76     89     99
23     63     22     822
24     22     102     149
25     74     66     783
26     25     21     195
27     46     118     43
28     11     19     762
29     28     165     95
30     29     190     86
31     72     148     220
32     68     198     680
33     33     96     162
34     94     138     768
35     85     194     149
36     42     111     160
37     55     11     670
38     89     13     156
39     66     41     414
40     83     12     346
41     79     49     403
42     81     2     328
43     30     4     68
44     56     39     486
45     23     87     51
46     17     63     743
47     27     159     155
48     42     144     484
49     82     163     205
50     9     83     544
51     38     187     47
52     16     184     622
53     19     169     152
54     97     194     883
55     64     103     160
56     47     31     398
57     91     197     626
58     93     47     0
59     21     34     256
60     64     85     697
61     58     5     226
62     1     71     330
63     89     126     402
64     69     23     313
65     24     189     844
66     75     62     227
67     48     17     455
68     4     186     214
69     6     100     404
70     29     36     674
71     26     7     102
72     21     54     674
73     39     118     30
74     41     1     539
75     95     77     160
76     14     48     91
77     76     128     547
78     47     42     140
79     19     164     622
80     52     15     173
81     3     76     207
82     15     9     686
83     8     181     207
84     68     53     377
85     16     157     159
86     14     16     124
87     28     26     390
88     31     82     218
89     40     195     375
90     43     177     427
91     85     61     19
92     12     105     832
93     1     81     135
94     38     187     276
95     13     39     199
96     80     119     587
97     83     147     65
98     49     183     799
99     85     46     159
100     20     144     319
