1     89     113     1663
2     43     32     2426
3     35     38     164
4     77     82     2238
5     25     53     834
6     94     79     3000
7     23     166     481
8     79     23     1677
9     74     70     399
10     54     103     2206
11     80     125     506
12     20     1     984
13     61     82     1588
14     55     196     2385
15     90     145     269
16     40     46     382
17     3     5     2264
18     3     11     736
19     84     140     527
20     46     28     3073
21     97     33     204
22     56     71     3651
23     13     45     237
24     79     169     3042
25     2     179     658
26     76     58     3600
27     5     32     361
28     33     143     2785
29     24     194     920
30     70     164     378
31     81     115     629
32     98     71     3185
33     47     190     359
34     20     85     2999
35     61     100     468
36     9     56     3689
37     66     152     464
38     37     24     428
39     43     175     467
40     39     101     40
41     58     2     2976
42     3     178     287
43     21     53     1759
44     33     47     2528
45     76     57     707
46     49     163     2044
47     42     107     283
48     61     177     3023
49     83     198     377
50     61     163     721
51     1     133     2408
52     48     171     834
53     45     184     3018
54     19     157     801
55     86     171     165
56     6     4     158
57     39     37     3448
58     46     74     153
59     36     178     1354
60     22     121     2130
61     10     103     206
62     68     85     2859
63     75     118     442
64     20     12     3574
65     77     66     675
66     47     169     3241
67     27     156     370
68     22     74     1314
69     81     119     2907
70     72     54     89
71     93     8     363
72     49     138     1498
73     60     71     1135
74     65     163     968
75     8     98     1125
76     28     104     1550
77     8     104     971
78     97     164     2522
79     49     164     815
80     8     99     3291
81     4     82     606
82     50     91     2771
83     12     168     8
84     43     127     179
85     12     58     2832
86     4     117     448
87     81     144     1871
88     8     36     286
89     8     53     3012
90     82     100     323
91     99     23     1803
92     22     91     648
93     78     128     2061
94     36     31     703
95     1     48     1567
96     79     108     201
97     67     160     1998
98     68     70     145
99     44     21     3457
100     78     20     685
101     54     94     882
102     32     195     1278
103     82     182     72
104     11     115     1374
105     26     185     1528
106     40     117     823
107     83     44     685
108     46     124     207
109     5     174     3565
110     37     154     735
111     14     187     943
112     25     75     3179
113     67     89     26
114     19     161     1675
115     22     83     2207
116     17     161     503
117     47     28     1519
118     2     39     706
119     95     63     1823
120     84     167     544
121     62     150     2373
122     34     82     884
123     58     72     2679
124     93     164     646
125     92     30     2301
126     22     97     97
127     58     50     339
128     18     7     3327
129     59     179     505
130     27     43     461
131     71     149     3019
132     54     164     342
133     99     171     2869
134     31     55     551
135     6     173     2158
136     30     158     263
137     10     134     471
138     77     189     2960
139     68     180     715
140     79     55     2929
141     8     39     408
142     50     185     2671
143     37     34     74
144     1     44     2694
145     41     141     155
146     78     197     3010
147     53     171     49
148     39     106     2726
149     72     98     869
150     59     130     1012
151     72     168     2707
152     67     2     272
153     1     103     1871
154     55     86     7
155     33     178     3001
156     54     132     284
157     6     113     2233
158     91     67     367
159     82     187     1060
160     56     42     1752
161     68     75     2164
162     92     177     395
163     86     100     120
164     70     133     872
165     48     100     1432
166     50     158     3572
167     13     168     844
168     74     162     2040
169     83     2     823
170     30     110     1525
171     49     43     3255
172     42     169     702
173     72     177     3648
174     89     165     441
175     96     16     1771
176     98     31     1751
177     40     119     2642
178     21     31     377
179     34     13     3430
180     73     94     771
181     9     66     1321
182     70     138     1579
183     51     131     3619
184     6     71     434
185     62     92     3690
186     80     63     616
187     9     7     195
188     48     133     2222
189     74     118     870
190     24     180     3156
191     65     186     717
192     32     39     2765
193     99     145     224
194     66     134     2484
195     32     93     646
196     42     115     3691
197     77     132     591
198     26     170     1413
199     70     198     2313
200     61     65     93
201     93     65     1299
202     72     31     3055
203     45     54     535
204     76     143     2998
205     79     143     11
206     21     88     457
207     2     80     1890
208     54     175     427
209     76     63     2090
210     8     57     787
211     72     153     875
212     5     143     2467
213     91     89     559
214     12     161     2704
215     9     187     796
216     59     116     2167
217     37     194     90
218     61     97     1236
219     23     163     1153
220     11     19     2463
221     54     92     791
222     67     20     189
223     65     195     1701
224     48     112     2802
225     71     178     915
226     80     158     1483
227     50     89     1853
228     81     10     73
229     48     80     2433
230     97     160     412
231     73     37     1132
232     57     58     114
233     11     180     3160
234     39     147     321
235     76     62     2321
236     85     198     576
237     36     198     2633
238     10     100     620
239     51     46     1319
240     72     81     2899
241     81     7     857
242     23     105     2837
243     30     86     100
244     47     82     3002
245     20     126     357
246     2     142     1167
247     18     124     669
248     27     80     1779
249     60     120     1577
250     74     76     2861
251     72     110     560
252     16     113     3192
253     94     123     183
254     15     115     3415
255     44     114     547
256     25     125     3316
257     38     28     293
258     65     33     141
259     44     124     785
260     86     113     3182
261     88     136     499
262     91     28     3036
263     44     55     720
264     53     57     2597
265     97     75     457
266     37     46     3231
267     86     171     724
268     28     58     3340
269     13     178     2
270     75     136     732
271     48     198     795
272     22     129     2124
273     56     182     645
274     65     16     590
275     53     13     544
276     23     69     986
277     75     86     564
278     94     148     2580
279     78     182     206
280     50     79     3523
281     8     156     188
282     77     14     1093
283     17     47     1725
284     67     188     1297
285     9     14     876
286     22     89     2654
287     19     17     914
288     7     198     3355
289     44     88     424
290     63     155     1626
291     80     190     1637
292     67     2     1364
293     68     148     2125
294     47     137     675
295     99     189     3693
296     15     122     852
297     45     83     120
298     80     51     2946
299     6     165     161
300     62     175     1441
