1     15     95     1549
2     33     134     3077
3     84     125     375
4     30     190     2050
5     60     5     742
6     21     133     131
7     25     195     2068
8     70     186     624
9     6     125     3327
10     23     36     223
11     36     90     3011
12     84     92     764
13     60     60     766
14     58     111     1482
15     10     91     240
16     42     98     775
17     4     94     693
18     34     191     1337
19     81     99     2197
20     72     106     337
21     35     54     18
22     5     30     1580
23     25     176     2228
24     67     16     573
25     14     109     1811
26     4     176     827
27     5     121     3012
28     53     122     673
29     1     33     424
30     60     13     617
31     76     25     2358
32     4     164     188
33     82     158     1750
34     13     29     551
35     10     130     480
36     6     175     3396
37     75     36     159
38     70     130     1978
39     52     170     480
40     45     74     3123
41     97     157     744
42     10     117     820
43     62     97     3467
44     58     165     438
45     54     143     3137
46     13     32     135
47     41     84     2480
48     66     157     721
49     5     92     778
50     73     1     2023
51     45     41     789
52     16     52     911
53     80     169     11
54     27     166     2191
55     13     94     830
56     89     86     480
57     58     157     2070
58     72     138     769
59     90     182     2437
60     25     49     833
61     69     185     2526
62     13     120     517
63     54     41     914
64     32     175     1550
65     54     123     917
66     82     124     576
67     63     91     1956
68     47     105     347
69     32     145     3139
70     12     24     666
71     94     37     14
72     8     61     57
73     59     51     1727
74     13     182     891
75     87     115     2314
76     33     168     426
77     74     142     1665
78     86     54     3101
79     87     29     18
80     16     107     2484
81     17     111     366
82     41     149     1082
83     86     105     482
84     67     120     2123
85     15     155     501
86     23     141     2877
87     87     109     315
88     19     81     3037
89     30     168     68
90     57     55     3388
91     29     105     37
92     61     10     1917
93     23     164     75
94     4     153     3478
95     18     25     229
96     7     40     2370
97     64     109     32
98     55     17     3224
99     62     113     832
100     74     29     3107
101     21     79     233
102     78     8     2133
103     15     82     294
104     29     112     1338
105     80     39     2974
106     26     137     465
107     85     131     2489
108     73     167     624
109     12     153     1295
110     15     140     362
111     91     149     1759
112     36     103     90
113     39     27     2685
114     1     156     237
115     30     56     2601
116     85     147     400
117     22     129     3163
118     79     127     614
119     78     190     605
120     42     36     2705
121     51     155     346
122     87     51     3265
123     27     38     298
124     83     25     2461
125     51     11     571
126     9     195     1925
127     65     76     645
128     98     153     1604
129     3     37     1953
130     67     78     154
131     23     45     276
132     27     109     1730
133     58     45     2656
134     31     146     669
135     88     160     2310
136     54     112     572
137     17     55     99
138     26     66     2902
139     28     72     333
140     2     167     250
141     89     112     3390
142     15     151     136
143     45     128     1169
144     8     135     710
145     20     73     376
146     88     57     2606
147     68     84     821
148     87     173     1913
149     96     57     50
150     26     4     805
151     67     183     3273
152     24     195     527
153     92     4     1428
154     73     71     1760
155     8     16     118
156     20     21     2175
157     14     170     470
158     65     51     2340
159     3     165     721
160     65     134     1797
161     44     136     827
162     69     169     1513
163     15     42     633
164     5     174     22
165     54     96     1725
166     58     11     2637
167     56     181     689
168     73     138     1158
169     38     7     2809
170     76     167     523
171     19     45     2930
172     52     133     715
173     9     58     191
174     37     36     601
175     78     101     146
176     85     156     1452
177     74     136     379
178     31     102     1715
179     90     143     1335
180     99     27     1783
181     30     56     60
182     85     115     164
183     57     9     2346
184     38     5     126
185     29     67     522
186     76     45     2949
187     47     6     681
188     20     16     423
189     99     13     3089
190     37     6     500
191     4     171     3280
192     42     68     284
193     97     68     2480
194     23     27     550
195     94     154     1216
196     45     180     1103
197     95     132     578
198     54     68     2001
199     32     69     242
200     61     57     2557
201     74     128     443
202     40     32     1291
203     65     169     981
204     83     101     2846
205     80     49     630
206     80     44     10
207     47     109     701
208     98     122     2226
209     9     86     83
210     82     134     240
211     43     124     1876
212     22     185     106
213     59     9     2578
214     56     106     377
215     4     152     3308
216     13     181     474
217     80     180     1935
218     17     180     318
219     5     93     509
220     89     143     1974
221     59     45     544
222     22     153     2199
223     71     19     0
224     87     80     2523
225     2     11     723
226     54     106     521
227     6     41     3013
228     44     93     442
229     64     99     1572
230     9     60     1361
231     82     159     1576
232     3     35     3204
233     1     94     102
234     37     46     761
235     95     17     283
236     42     117     2188
237     88     184     440
238     30     161     242
239     98     60     1208
240     28     148     3151
241     35     91     107
242     8     36     3114
243     23     56     555
244     72     193     146
245     56     60     1447
246     8     122     2141
247     64     46     115
248     67     87     559
249     95     59     3111
250     89     29     56
251     2     76     853
252     27     194     1977
253     23     133     158
254     48     173     916
255     46     89     2519
256     66     68     349
257     30     130     1201
258     28     84     2599
259     54     181     743
260     32     140     1516
261     8     140     768
262     65     96     579
263     15     183     3136
264     54     186     246
265     14     198     642
266     32     40     2830
267     6     44     411
268     60     180     1283
269     74     160     2086
270     48     140     494
271     9     169     477
272     69     62     2334
273     4     148     753
274     56     97     623
275     99     27     3433
276     63     16     73
277     94     169     528
278     86     144     411
279     73     176     1196
280     34     111     3106
281     42     9     656
282     2     190     1948
283     8     186     234
284     30     188     1136
285     50     124     1998
286     51     106     592
287     57     127     2426
288     65     194     650
289     11     24     281
290     31     186     3314
291     98     149     594
292     52     120     295
293     20     92     3495
294     53     162     71
295     42     23     1099
296     57     37     513
297     22     130     3287
298     75     35     835
299     19     143     3185
300     75     95     248
