1     97     30     3067
2     81     43     304
3     79     22     2390
4     76     46     713
5     71     27     2109
6     86     18     69
7     52     16     2569
8     52     40     76
9     77     15     1799
10     25     29     2836
11     45     30     311
12     94     18     1705
13     62     27     115
14     82     24     1499
15     41     23     26
16     36     34     3008
17     70     23     652
18     15     24     1469
19     90     16     11
20     67     39     2131
21     88     43     709
22     17     38     3337
23     33     27     356
24     39     21     2537
25     40     36     768
26     49     40     1664
27     59     44     1984
28     43     24     683
29     90     26     3656
30     91     5     154
31     7     47     642
32     21     13     2540
33     28     21     191
34     63     32     882
35     17     17     273
36     28     47     1219
37     16     48     2701
38     69     29     490
39     7     38     980
40     75     4     3393
41     50     41     528
42     61     36     1445
43     75     32     2676
44     74     29     129
45     90     23     2284
46     34     47     124
47     72     14     3061
48     16     35     587
49     67     34     1362
50     20     49     1800
51     98     38     2002
52     84     18     277
53     85     38     642
54     59     19     1012
55     38     46     2200
56     97     21     468
57     17     11     3113
58     2     19     684
59     55     36     1065
60     62     15     821
61     15     35     1894
62     55     41     258
63     25     3     2197
64     18     25     780
65     46     15     418
66     23     45     1780
67     75     47     269
68     88     27     1757
69     62     49     634
70     13     15     2975
71     53     12     646
72     63     10     1910
73     59     32     721
74     68     47     1836
75     35     26     3191
76     20     22     860
77     12     17     636
78     11     7     2169
79     45     45     587
80     79     5     1909
81     49     16     851
82     15     31     3581
83     44     31     451
84     68     15     1741
85     24     18     1381
86     87     33     2292
87     30     41     333
88     20     49     478
89     54     12     2243
90     31     32     780
91     44     45     2367
92     38     2     266
93     46     42     3244
94     10     28     292
95     61     24     3134
96     4     6     882
97     60     36     1284
98     88     48     1373
99     54     31     1323
100     2     6     989
101     98     9     41
102     36     18     3403
103     24     1     780
104     94     14     2780
105     63     25     360
106     21     19     1903
107     55     42     789
108     52     23     1500
109     16     15     2495
110     14     15     507
111     82     35     1222
112     16     25     3399
113     93     12     446
114     85     22     2706
115     91     4     807
116     36     45     804
117     45     38     123
118     77     11     2255
119     31     8     545
120     34     24     1203
121     60     6     1578
122     80     20     2551
123     59     22     794
124     29     38     2871
125     31     30     611
126     14     7     2982
127     86     10     302
128     24     7     1457
129     26     46     3568
130     85     1     221
131     15     27     885
132     80     44     92
133     62     29     1828
134     24     23     3415
135     32     20     11
136     97     40     3337
137     3     46     693
138     71     27     398
139     34     2     2836
140     93     15     94
141     42     4     2849
142     82     19     317
143     91     10     1489
144     93     4     1600
145     26     8     626
146     32     17     978
147     37     24     2791
148     11     40     297
149     54     36     3158
150     21     28     844
151     50     29     2445
152     65     7     838
153     62     46     1832
154     29     7     1912
155     34     24     889
156     24     46     1336
157     73     36     1674
158     58     7     2471
159     93     39     699
160     41     27     637
161     67     28     3458
162     31     31     375
163     43     13     3562
164     79     33     30
165     58     2     27
166     17     36     138
167     1     49     2141
168     90     23     268
169     90     26     475
170     56     21     328
171     98     41     1825
172     73     20     1694
173     19     24     272
174     97     27     1775
175     80     20     2818
176     13     37     673
177     2     23     68
178     51     20     1878
179     81     40     339
180     84     7     3309
181     37     34     91
182     35     20     601
183     23     31     2283
184     64     15     202
185     87     34     3076
186     75     49     35
187     72     35     2831
188     94     43     231
189     93     10     1771
190     2     39     152
191     6     7     2570
192     18     24     799
193     95     32     57
194     58     8     822
195     28     49     1306
196     57     37     1598
197     18     45     1569
198     3     5     2743
199     12     25     134
200     74     17     3177
201     71     29     630
202     54     19     2694
203     75     33     21
204     44     26     2695
205     45     22     491
206     13     4     3177
207     28     10     863
208     99     29     1893
209     15     45     214
210     56     5     1244
211     5     36     2325
212     22     15     478
213     97     46     209
214     43     32     1254
215     75     5     2247
216     21     1     119
217     88     41     618
218     38     10     61
219     37     3     1954
220     10     41     459
221     24     8     1291
222     74     19     869
223     68     20     1550
224     75     29     834
225     7     26     3190
226     6     9     726
227     86     42     2580
228     61     39     305
229     91     46     2485
230     36     22     838
231     73     11     23
232     17     33     3671
233     89     44     582
234     94     44     972
235     8     22     893
236     15     26     1663
237     10     7     118
238     13     37     2959
239     82     25     521
240     84     16     1017
241     21     1     3267
242     60     20     803
243     67     32     720
244     59     20     765
245     43     28     3363
246     67     7     386
247     70     35     2484
248     33     23     294
249     45     29     3133
250     55     33     304
251     44     10     1433
252     88     41     1768
253     52     46     192
254     33     20     2515
255     83     20     478
256     13     18     3074
257     15     19     25
258     46     17     1934
259     39     34     295
260     20     41     639
261     72     17     1556
262     2     38     3381
263     52     18     220
264     64     23     2145
265     9     11     74
266     87     30     2895
267     52     49     775
268     40     39     3390
269     11     10     522
270     12     39     2311
271     8     24     52
272     34     41     1984
273     30     33     270
274     66     16     1256
275     94     16     1401
276     36     21     1241
277     33     49     1083
278     46     1     1435
279     91     22     1394
280     56     7     3634
281     29     34     199
282     60     41     3042
283     43     41     270
284     19     15     1396
285     19     21     644
286     64     17     2981
287     51     12     227
288     29     47     671
289     67     35     2995
290     18     2     793
291     20     27     1452
292     55     30     2441
293     81     46     241
294     83     22     3500
295     44     45     507
296     49     28     447
297     1     42     2021
298     3     14     642
299     56     32     1764
300     12     14     164
