1     88     8     1758
2     67     2     444
3     85     2     1907
4     20     27     418
5     49     12     962
6     1     19     500
7     6     22     1692
8     88     2     2795
9     23     46     644
10     89     34     1420
11     2     27     681
12     55     38     2850
13     85     36     437
14     35     7     527
15     10     22     1824
16     60     25     518
17     96     16     2934
18     67     11     326
19     18     27     3218
20     42     30     742
21     52     31     100
22     29     29     1303
23     23     44     2357
24     51     12     15
25     10     32     21
26     40     13     3343
27     11     38     511
28     88     1     178
29     78     42     2985
30     75     44     83
31     48     19     1850
32     17     33     757
33     31     32     924
34     4     16     3084
35     28     5     0
36     52     24     3161
37     88     12     472
38     41     31     2990
39     47     19     168
40     77     33     3408
41     50     9     62
42     50     39     3370
43     7     17     833
44     1     26     77
45     40     20     1475
46     39     47     51
47     8     14     973
48     28     33     1685
49     85     38     2179
50     63     25     757
51     80     21     2748
52     98     5     772
53     70     29     2905
54     9     19     349
55     52     26     1921
56     97     11     661
57     37     25     1116
58     8     45     2500
59     17     28     271
60     64     12     2394
61     37     43     767
62     4     15     303
63     39     25     3292
64     22     22     122
65     27     11     659
66     74     27     2367
67     92     11     34
68     49     16     1358
69     69     27     173
70     30     44     1323
71     19     6     2230
72     5     44     716
73     67     9     3321
74     30     17     220
75     58     17     2989
76     62     20     468
77     38     32     3357
78     28     17     851
79     74     12     2499
80     71     26     81
81     63     21     2529
82     7     47     563
83     27     41     2621
84     80     15     793
85     32     26     231
86     12     19     2385
87     69     48     189
88     81     47     118
89     53     31     470
90     15     14     874
91     49     11     428
92     91     19     101
93     45     47     136
94     22     33     2192
95     32     44     217
96     59     12     1147
97     88     44     492
98     8     7     2615
99     79     17     612
100     16     30     2515
101     85     11     681
102     63     34     94
103     40     9     858
104     14     28     976
105     39     8     770
106     59     43     3431
107     49     27     149
108     83     40     548
109     12     25     2338
110     2     28     734
111     99     7     2276
112     91     6     493
113     95     40     1453
114     30     6     1558
115     77     27     3414
116     57     15     306
117     82     41     1675
118     92     6     1842
119     81     23     479
120     36     30     1452
121     19     22     1996
122     49     10     774
123     85     37     2466
124     57     49     351
125     27     12     1907
126     43     27     333
127     52     37     139
128     30     10     1973
129     37     48     197
130     45     16     3408
131     68     27     452
132     89     37     704
133     52     32     3158
134     23     47     669
135     30     14     2240
136     12     44     292
137     31     33     3205
138     91     3     770
139     34     37     579
140     43     27     1603
141     35     26     743
142     83     19     1599
143     33     41     1597
144     48     13     1539
145     70     39     1983
146     17     3     738
147     42     41     2395
148     24     39     8
149     19     17     2681
150     66     47     764
151     67     30     1736
152     92     11     3304
153     88     28     7
154     26     36     602
155     41     47     3256
156     26     47     714
157     41     38     1110
158     80     23     2730
159     40     48     548
160     64     10     1731
161     19     7     592
162     80     38     1960
163     5     11     784
164     37     16     2647
165     81     38     283
166     13     38     2001
167     10     42     807
168     25     13     1263
169     42     19     2929
170     10     1     421
171     40     30     499
172     35     22     2382
173     96     24     278
174     34     39     1569
175     43     13     2265
176     1     35     857
177     5     2     1730
178     13     12     3291
179     47     21     52
180     68     25     1253
181     62     1     1047
182     22     25     2807
183     4     7     597
184     82     43     1800
185     47     21     189
186     86     38     262
187     5     44     1025
188     89     19     461
189     29     37     1713
190     35     23     636
191     56     10     2764
192     84     44     29
193     74     28     3487
194     36     16     126
195     62     3     3053
196     88     34     647
197     31     10     3069
198     3     3     621
199     26     3     2012
200     67     45     159
201     26     14     2974
202     50     42     825
203     72     27     2906
204     13     17     3
205     35     10     2014
206     36     32     723
207     83     19     1324
208     1     19     162
209     64     27     2351
210     19     12     666
211     5     11     2331
212     92     33     341
213     84     26     1761
214     51     13     342
215     6     25     992
216     85     48     3410
217     74     44     229
218     37     25     3467
219     43     47     461
220     9     7     3239
221     20     48     95
222     42     15     2803
223     5     49     582
224     27     18     2218
225     50     15     135
226     11     16     52
227     31     13     2350
228     26     21     200
229     69     14     2696
230     43     1     358
231     74     16     1558
232     20     16     846
233     8     30     1487
234     61     1     383
235     33     30     233
236     24     7     1283
237     34     26     1897
238     91     41     399
239     31     40     1777
240     60     25     606
241     53     2     2234
242     87     5     423
243     23     23     167
244     88     21     422
245     3     15     2684
246     9     35     181
247     65     24     150
248     92     8     2077
249     93     29     497
250     1     11     599
251     98     4     2359
252     93     45     87
253     32     4     2393
254     44     37     634
255     92     15     2987
256     36     7     186
257     10     36     43
258     11     16     1267
259     7     47     2742
260     30     33     638
261     68     6     1229
262     3     45     593
263     87     44     1432
264     8     24     327
265     88     13     2416
266     3     47     789
267     59     2     3087
268     87     42     285
269     29     28     1849
270     74     6     827
271     88     43     566
272     54     38     263
273     1     34     2494
274     52     17     512
275     3     3     2132
276     13     5     289
277     95     45     2748
278     57     46     328
279     75     11     2218
280     95     10     212
281     35     25     1975
282     56     6     750
283     71     37     2568
284     40     19     853
285     8     22     309
286     29     12     564
287     55     21     3233
288     41     5     571
289     39     41     2203
290     95     34     25
291     88     44     2421
292     31     27     360
293     1     25     949
294     74     36     963
295     97     37     855
296     77     16     1173
297     54     35     523
298     3     13     2579
299     18     16     756
300     71     2     1708
