1     28     164     1069
2     78     138     1863
3     45     168     161
4     6     39     802
5     2     90     293
6     2     148     474
7     99     11     2316
8     37     150     240
9     54     169     1062
10     14     57     1349
11     22     113     426
12     51     168     473
13     31     25     2249
14     30     188     182
15     48     191     1712
16     9     51     415
17     51     87     207
18     76     124     2059
19     19     114     317
20     81     108     933
21     62     53     2182
22     25     102     499
23     84     57     1797
24     95     183     325
25     5     90     762
26     14     148     241
27     60     20     2264
28     30     114     83
29     82     71     322
30     5     16     264
31     10     42     2509
32     40     137     195
33     45     162     196
34     5     36     1194
35     1     118     2172
36     46     153     232
37     97     104     1584
38     85     184     255
39     79     105     364
40     26     86     1973
41     12     199     595
42     73     80     1224
43     41     125     849
44     44     9     2497
45     54     62     240
46     65     113     214
47     32     131     840
48     84     32     348
49     39     196     497
50     35     65     274
51     8     20     1624
52     25     68     128
53     84     103     1628
54     82     134     215
55     98     93     1331
56     55     98     417
57     50     135     1196
58     17     22     386
59     59     74     1413
60     56     59     263
61     39     3     54
62     90     30     2378
63     54     168     29
64     55     131     1162
65     44     180     1515
66     13     143     156
67     92     10     714
68     14     161     2078
69     51     40     605
70     53     181     719
71     33     90     1161
72     11     192     303
73     2     3     1187
74     85     159     1868
75     36     141     18
76     7     159     906
77     32     159     878
78     37     175     445
79     97     33     54
80     68     73     1951
81     47     134     309
82     89     118     1024
83     61     130     10
84     52     114     1391
85     74     146     215
86     3     52     371
87     1     106     1039
88     69     172     1462
89     29     26     121
90     48     44     2319
91     37     95     69
92     40     140     434
93     66     173     477
94     71     13     2172
95     16     135     550
96     85     184     570
97     81     4     166
98     47     32     2392
99     23     44     456
100     70     86     17
101     70     86     1192
102     14     4     2375
103     25     124     133
104     83     87     2058
105     24     157     321
106     39     143     1604
107     52     84     257
108     72     92     748
109     64     158     333
110     75     99     1162
111     95     110     969
112     5     91     941
113     42     108     231
114     83     150     1877
115     35     8     586
116     53     66     2525
117     86     54     432
118     50     190     687
119     86     9     145
120     13     147     2054
121     5     68     129
122     77     152     961
123     58     110     1900
124     67     59     352
125     41     107     2518
126     15     89     272
127     93     93     1411
128     54     97     213
129     77     24     67
130     80     166     2250
131     25     70     101
132     87     130     309
133     51     197     544
134     29     171     1619
135     75     142     217
136     80     153     2077
137     40     95     507
138     91     87     2252
139     95     69     200
140     81     167     1641
141     55     49     192
142     67     101     644
143     16     187     756
144     20     97     2259
145     11     88     628
146     93     21     292
147     71     79     479
148     62     188     2005
149     92     12     220
150     93     79     935
151     81     24     2356
152     55     61     604
153     79     59     1163
154     27     119     891
155     29     92     1722
156     35     111     625
157     2     19     43
158     81     52     1847
159     97     171     362
160     2     193     709
161     91     101     27
162     62     189     1892
163     1     186     88
164     51     130     492
165     63     108     724
166     84     133     1106
167     4     194     1925
168     74     45     551
169     38     15     463
170     68     117     1480
171     80     124     202
172     40     112     721
173     40     146     1308
174     88     175     484
175     17     181     110
176     92     121     1412
177     13     61     343
178     41     124     716
179     30     175     104
180     4     164     2383
181     60     105     59
182     12     156     379
183     73     152     321
184     55     127     1361
185     54     27     243
186     89     13     1072
187     92     190     2456
188     64     94     53
189     76     168     764
190     71     75     137
191     69     95     1733
192     65     45     432
193     14     86     2411
194     30     50     49
195     93     170     224
196     10     144     2197
197     21     65     577
198     81     148     1100
199     31     30     1868
200     98     128     526
