20.001     2653     2619
20.001     2675     2619
20.001     2675     2619
20.001     2653     2619
20.001     2675     2619
20.001     2675     2619
20.001     2653     2619
20.001     2675     2619
20.001     2675     2619
20.001     2675     2619
             
20.001     2664     2648
9.126     2648     2648
9.126     2648     2648
20.001     2664     2648
9.126     2664     2648
9.126     2664     2648
20.001     2664     2648
9.126     2648     2648
9.126     2648     2648
9.126     2664     2648
             
0.5     2613     2613
0.203     2613     2613
0.203     2613     2613
0.5     2613     2613
0.5     2613     2613
0.5     2613     2613
0.5     2613     2613
0.203     2613     2613
0.203     2613     2613
0.5     2613     2613
             
10.844     2564     2564
20.001     2569     2564
20.001     2569     2564
10.844     2564     2564
20.001     2569     2564
20.001     2569     2564
10.844     2564     2564
20.001     2569     2564
20.001     2569     2564
20.001     2569     2564
             
20.007     2451     2450
20.001     2462     2450
20.001     2462     2450
20.007     2451     2450
20.007     2462     2450
20.007     2462     2450
20.007     2451     2450
20.001     2462     2450
20.001     2462     2450
20.007     2462     2450
             
20.001     2570     2508
20.001     2577     2508
20.001     2577     2508
20.001     2570     2508
20.001     2577     2508
20.001     2577     2508
20.001     2570     2508
20.001     2577     2508
20.001     2577     2508
20.001     2577     2508
             
20.016     2611     2574
20.001     2597     2574
20.001     2597     2574
20.016     2611     2574
20.016     2611     2574
20.016     2611     2574
20.016     2611     2574
20.001     2597     2574
20.001     2597     2574
20.016     2611     2574
             
20.016     2704     2578
20.001     2663     2578
20.001     2663     2578
20.016     2704     2578
20.016     2704     2578
20.016     2704     2578
20.016     2704     2578
20.001     2663     2578
20.001     2663     2578
20.016     2704     2578
             
20.001     2583     2548
20.001     2581     2548
20.001     2581     2548
20.001     2583     2548
20.001     2583     2548
20.001     2583     2548
20.001     2583     2548
20.001     2581     2548
20.001     2581     2548
20.001     2583     2548
             
0.172     2526     2526
0.141     2526     2526
0.141     2526     2526
0.172     2526     2526
0.172     2526     2526
0.172     2526     2526
0.172     2526     2526
0.141     2526     2526
0.141     2526     2526
0.172     2526     2526
             
