1     37     83     703
2     6     9     869
3     55     10     927
4     39     199     479
5     21     125     679
6     49     70     1501
7     74     60     147
8     48     174     148
9     69     85     2163
10     10     1     387
11     85     16     1581
12     48     65     466
13     60     128     1544
14     91     103     10
15     85     100     720
16     71     102     1448
17     38     153     569
18     69     38     756
19     82     124     410
20     19     146     421
21     31     127     2216
22     17     51     258
23     32     97     1436
24     30     75     439
25     99     79     829
26     21     41     1210
27     21     109     412
28     67     172     2044
29     40     194     338
30     88     125     2460
31     97     137     562
32     58     134     2240
33     52     82     136
34     77     4     414
35     69     163     787
36     17     153     626
37     31     1     694
38     81     133     741
39     88     111     80
40     46     132     1158
41     25     99     297
42     15     94     1982
43     77     59     180
44     88     106     1802
45     67     42     494
46     29     184     297
47     83     18     88
48     5     171     866
49     60     157     592
50     21     196     1669
51     99     17     212
52     95     44     2293
53     6     54     451
54     54     8     2078
55     80     182     581
56     26     180     22
57     8     134     1163
58     7     101     83
59     79     4     108
60     42     190     238
61     87     136     157
62     98     193     1998
63     83     152     410
64     27     27     2160
65     65     164     64
66     35     183     1384
67     46     75     26
68     32     157     1749
69     15     102     97
70     64     132     175
71     28     63     1409
72     92     191     17
73     53     189     407
74     29     76     880
75     31     41     1196
76     21     96     1583
77     49     11     245
78     63     168     1003
79     34     181     740
80     77     191     553
81     79     182     2147
82     23     37     452
83     34     63     2391
84     11     13     608
85     45     69     1133
86     91     68     1477
87     50     83     192
88     43     82     1105
89     1     87     886
90     70     36     1130
91     1     56     1384
92     90     80     570
93     79     120     1692
94     41     167     603
95     30     42     2161
96     95     90     49
97     4     185     1273
98     76     113     377
99     68     35     125
100     1     162     2223
101     1     145     62
102     33     142     585
103     11     109     216
104     8     30     723
105     65     67     981
106     84     165     2356
107     57     11     136
108     55     158     280
109     68     77     1219
110     35     149     38
111     36     82     675
112     92     71     1269
113     58     106     514
114     20     13     230
115     80     132     1165
116     11     168     1256
117     72     127     391
118     65     33     921
119     78     194     2197
120     11     175     352
121     13     161     887
122     33     70     1381
123     85     166     358
124     77     117     594
125     3     19     1787
126     14     4     130
127     18     61     2463
128     85     148     108
129     3     197     1741
130     57     90     367
131     67     29     1058
132     39     96     1354
133     65     2     609
134     75     16     1916
135     32     36     103
136     66     5     1161
137     4     59     193
138     52     137     1345
139     2     130     266
140     66     35     2361
141     58     91     354
142     18     84     884
143     93     95     2327
144     2     156     107
145     74     99     1559
146     69     184     177
147     34     197     2295
148     96     96     63
149     8     84     2060
150     2     162     532
151     23     145     1048
152     27     94     1712
153     84     180     407
154     53     54     1226
155     38     165     2387
156     53     174     246
157     50     160     673
158     35     113     144
159     74     26     2225
160     58     54     151
161     70     88     2037
162     82     34     372
163     63     52     266
164     24     173     2283
165     16     162     174
166     80     195     533
167     37     44     1993
168     18     177     334
169     58     14     1089
170     89     187     645
171     70     83     1726
172     26     67     524
173     24     101     1259
174     79     143     188
175     74     169     1285
176     73     27     66
177     12     33     1269
178     5     127     542
179     20     185     500
180     43     193     2162
181     38     2     284
182     90     175     2103
183     89     163     613
184     60     117     2387
185     63     18     391
186     42     85     764
187     80     71     167
188     57     31     2144
189     24     121     87
190     32     138     1123
191     24     2     1143
192     69     71     1309
193     15     191     185
194     54     29     2069
195     20     145     427
196     48     19     266
197     91     94     591
198     55     106     152
199     82     83     714
200     76     10     992
