1       13        6        1
2        7        1       44
3       15        1        5
4        6        5       19
5        7        6       17
6        3        4       25
7       14        3       43
8       14        3       30
9       12        2       12
10       13        6       11
11        6        6       12
12        6        2       48
13       10        8       30
14       15        1       39
15        7        4        2
16       11        2       44
17       13        1       24
18        3        3       28
19        7        8        5
20       12        2        0
21       11        1       20
22       14        9       23
23        3        1       37
24        8        2       36
25        5        1       48
26       11        3       27
27       14        7       20
28        5        7       37
29        8        9       30
30        9        2       13
31        7        9        1
32        5        4       23
33        4        9       22
34       14        9       17
35        6        3        1
36       11        2        6
37        9        5       17
38        4        7       43
39       15        6        0
40       11        8       37
41       13        7        2
42       14        7       27
43        7        9       39
44       10        3       26
45        5        5       19
46       10        7       28
47        4        3       23
48        4        2       48
49       15        7        2
50        7        2        9
51        7        9       46
52       12        5       24
53        9        4       13
54        3        3       31
55        7        3       14
56        8        3       37
57        9        8       43
58       11        4       32
59       10        6       19
60        6        8       31
61        9        3        0
62       10        4       17
63        5        8       31
64       12        2       47
65        5        4       30
66       12        6       33
67        9        7       11
68        9        3       28
69        3        8       40
70        6        3       51
71        5        3       47
72       12        2       13
73       10        5       16
74       14        9       27
75       10        6       30
76       14        4       28
77        6        2       23
78        4        7       11
79        5        6       22
80       11        9       28
81        6        2       41
82        9        8        2
83        8        7        0
84       10        6       37
85        3        8       26
86        9        5       46
87       10        9       17
88        5        1       51
89        5        4       41
90       11        3       33
91       15        4       28
92       10        2       26
93       10        1       47
94       13        3        8
95        5        9       13
96        9        1       16
97       14        1       51
98        9        4       11
99       12        9       29
100        9        9       38
101        5        5        5
102        7        5       29
103        8        2       10
104        3        9       14
105       10        5        8
106        3        7        9
107        4        3       52
108        9        8       40
109       10        6       41
110       15        9        5
111       11        8       21
112        3        5       12
113        7        2       11
114       12        4       29
115       15        5        8
116       14        6       26
117        4        8        8
118        8        7       39
119        6        2        8
120       13        2        0
121        7        1       26
122       11        2       34
123        9        9       42
124        5        9        8
125        3        5       33
126       15        1        4
127        6        2       20
128       13        2        1
129       15        9       48
130        5        6       14
131        8        8       40
132       13        5        5
133       13        3       12
134        4        1        3
135        6        5       52
136       14        6        0
137        8        1       25
138       14        4        7
139       12        3       15
140       13        3       15
141       15        1       38
142       11        3       37
143        7        9       14
144       10        2       10
145        9        5        6
146       14        7       24
147        3        8       18
148        3        3       21
149        4        9       36
150       15        7       38
151       15        4       25
152       12        8       25
153        3        6        0
154        5        5       21
155       12        6       22
156        8        5       37
157       10        9        1
158       13        3       40
159       13        6        6
160       12        9        2
161       15        3       51
162        9        7       12
163       13        2       33
164        5        1       32
165        3        4        7
166       14        7       17
167        7        2       44
168       14        8        5
169        5        3       10
170        7        7       15
171        3        1       35
172        7        9       12
173        4        3       15
174        9        4       44
175       14        2       45
176        4        1       38
177       13        1       30
178        8        3       31
179        4        4       21
180        8        8       10
181        6        1        5
182        3        5       35
183        4        7        9
184        8        5       12
185        5        2       44
186        9        4        8
187        8        3       50
188        5        7       38
189        6        6       42
190       13        6       35
191        5        1       39
192        6        8       15
193       10        2       36
194       15        1       14
195       13        7        1
196        7        1       38
197       11        3        9
198        4        3       40
199        7        5       13
200        3        2       17
