1     35     110     960
2     87     160     1218
3     10     137     3441
4     75     44     1252
5     48     97     1042
6     74     175     4363
7     16     96     1367
8     26     119     5078
9     54     63     972
10     67     140     464
11     75     39     5506
12     20     184     1294
13     8     133     3375
14     33     160     1085
15     88     141     5825
16     83     15     1121
17     51     137     994
18     60     111     3940
19     37     36     1494
20     77     4     582
21     32     148     1825
22     65     136     3251
23     31     157     1134
24     83     3     3433
25     24     173     543
26     39     118     5974
27     56     145     24
28     57     75     985
29     37     104     1742
30     94     88     1986
31     79     189     4876
32     41     133     251
33     51     181     2754
34     69     85     2360
35     76     191     2205
36     24     120     3713
37     11     124     434
38     17     89     5183
39     26     33     513
40     91     116     5396
41     97     94     756
42     55     143     3730
43     12     191     1471
44     20     105     2959
45     75     162     4382
46     76     110     505
47     87     156     177
48     46     163     1674
49     21     127     2623
50     51     128     1390
51     11     139     4490
52     17     43     516
53     86     113     5780
54     79     74     1271
55     10     153     4950
56     88     174     1433
57     64     118     4201
58     37     147     934
59     4     132     4523
60     40     122     1413
61     35     138     3710
62     23     21     1040
63     56     141     4761
64     18     197     1248
65     57     135     2268
66     15     115     3573
67     16     187     1223
68     59     174     662
69     59     76     5393
70     92     111     54
71     30     35     3800
72     13     86     1159
73     9     62     3944
74     92     53     826
75     66     85     3249
76     64     149     1400
77     31     90     674
78     39     50     5511
79     30     162     261
80     14     139     943
81     89     197     9
82     90     23     2715
83     31     38     3856
84     18     80     1281
85     99     145     2564
86     27     148     1616
87     96     85     2268
88     5     91     4707
89     66     46     311
90     2     178     246
91     5     79     3230
92     43     27     1488
93     81     125     1609
94     87     18     3356
95     20     194     702
96     49     121     1770
97     29     76     1148
98     87     35     4003
99     11     25     464
100     57     92     1057
101     82     81     5808
102     54     105     846
103     70     174     950
104     8     179     1783
105     94     43     2839
106     14     100     1934
107     5     127     1074
108     8     170     3350
109     47     29     1500
110     80     47     4551
111     6     47     412
112     17     199     3925
113     86     45     533
114     10     4     4421
115     31     158     1431
116     54     36     5830
117     76     113     1069
118     83     77     4680
119     65     79     287
120     31     118     4920
121     37     19     1312
122     82     111     5291
123     9     158     8
124     89     191     3358
125     22     28     52
126     72     118     2772
127     37     129     2964
128     38     188     4988
129     1     108     199
130     68     191     5842
131     91     179     377
132     77     38     3114
133     85     56     1489
134     47     44     1302
135     43     190     5175
136     84     124     732
137     22     84     2779
138     8     45     5640
139     29     1     339
140     88     15     3693
141     97     7     790
142     97     30     1567
143     21     163     2580
144     52     34     4864
145     2     26     201
146     61     59     1347
147     45     196     1631
148     1     54     460
149     20     48     3100
150     64     199     777
151     19     21     5770
152     47     179     1259
153     98     111     545
154     93     82     1281
155     8     128     4643
156     6     15     1178
157     60     166     42
158     6     39     1068
159     83     16     3631
160     36     31     798
161     20     125     3115
162     39     177     857
163     22     57     2926
164     79     55     787
165     79     31     1135
166     82     137     1078
167     13     182     3331
168     10     27     235
169     97     126     5088
170     25     75     1255
171     30     95     2222
172     44     74     3492
173     79     88     522
174     53     101     1928
175     1     132     1159
176     68     153     2342
177     30     3     3985
178     81     85     1334
179     3     196     2955
180     40     47     477
181     84     79     4060
182     70     115     312
183     49     171     911
184     55     174     1456
185     93     2     833
186     39     180     5410
187     35     47     1438
188     3     126     5306
189     21     129     133
190     59     94     3975
191     5     54     1395
192     74     21     1593
193     35     55     1528
194     33     156     3786
195     72     72     282
196     4     71     5418
197     54     105     14
198     10     49     3140
199     50     94     99
200     27     61     3611
201     10     12     626
202     33     133     1212
203     13     174     4511
204     63     91     301
205     68     45     4469
206     59     98     1002
207     14     96     1186
208     90     81     1061
209     25     96     4881
210     72     25     806
211     50     20     1211
212     73     195     1374
213     74     29     2508
214     11     53     4447
215     2     53     1379
216     99     166     2443
217     35     92     2598
218     78     170     2951
219     82     24     3641
220     17     114     534
221     34     196     182
222     72     174     1128
223     14     10     2261
224     30     172     2349
225     40     12     3566
226     51     146     199
227     60     138     2966
228     91     104     2778
229     16     114     3401
230     3     43     393
231     80     5     5427
232     99     138     496
233     21     49     234
234     80     60     5475
235     13     76     159
236     81     46     5510
237     23     190     1071
238     43     78     5747
239     83     158     1148
240     12     191     1838
241     68     157     2141
242     46     91     824
243     16     80     1438
244     56     31     783
245     69     112     5401
246     66     110     124
247     95     150     3254
248     9     12     391
249     88     131     2475
250     12     142     2418
251     16     79     3315
252     34     199     102
253     3     43     3652
254     27     194     164
255     41     177     5348
256     22     1     1288
257     86     195     5676
258     4     27     745
259     93     81     4743
260     4     144     124
261     68     26     534
262     31     177     5393
263     55     49     151
264     1     31     3669
265     4     16     672
266     79     90     5023
267     76     115     831
268     61     135     3972
269     70     139     145
270     64     190     5422
271     59     6     766
272     33     28     3960
273     46     47     533
274     55     38     243
275     47     149     2620
276     78     139     3849
277     71     148     1204
278     70     182     317
279     16     179     983
280     15     106     5830
281     34     14     1274
282     12     3     2857
283     42     41     4747
284     33     138     635
285     45     93     3061
286     99     100     36
287     21     73     828
288     42     199     686
289     25     111     3732
290     99     80     694
291     91     48     4467
292     27     135     1371
293     91     82     34
294     55     14     3288
295     25     37     1096
296     16     45     5590
297     5     88     1202
298     63     86     805
299     24     38     5880
300     63     108     1500
301     47     63     4184
302     53     24     1331
303     65     197     127
304     28     78     4243
305     48     111     234
306     87     36     2664
307     16     44     496
308     89     171     198
309     16     145     5113
310     45     39     1357
311     9     91     1181
312     27     35     5946
313     58     111     336
314     98     138     918
315     53     30     2046
316     92     68     5491
317     28     121     372
318     55     61     2102
319     77     104     3248
320     96     149     145
321     62     106     1805
322     38     139     881
323     16     12     5747
324     93     89     1109
325     27     169     264
326     60     138     805
327     5     177     428
328     56     115     2025
329     51     17     1651
330     37     31     761
331     21     187     3532
332     72     62     35
333     81     62     2612
334     38     136     6043
335     26     173     1464
336     46     197     5154
337     56     13     112
338     47     112     1942
339     82     7     573
340     73     79     2018
341     22     194     499
342     13     33     2832
343     90     66     66
344     94     12     6048
345     92     142     720
346     60     19     961
347     33     95     1854
348     84     195     5502
349     63     132     1397
350     2     30     5723
351     52     125     390
352     70     23     1929
353     95     47     1136
354     39     24     3029
355     54     17     2002
356     93     145     4116
357     38     72     8
358     24     151     5631
359     8     87     701
360     82     89     4159
361     9     17     1503
362     62     172     755
363     36     132     3452
364     5     100     1059
365     29     168     4447
366     19     22     465
367     19     15     316
368     24     5     3654
369     80     58     526
370     59     88     3795
371     53     107     361
372     73     39     970
373     54     145     2994
374     47     151     5650
375     19     143     651
376     42     183     1286
377     33     186     2614
378     36     95     4775
379     30     157     1298
380     48     115     1988
381     18     63     5347
382     92     124     268
383     56     143     1489
384     41     85     2783
385     23     97     5539
386     34     142     1260
387     78     36     5048
388     91     93     1009
389     28     66     4659
390     10     5     891
391     76     151     5465
392     39     84     920
393     46     120     2474
394     50     81     2137
395     96     47     3534
396     13     1     1269
397     76     122     4388
398     20     11     1347
399     83     66     1170
400     14     14     24
401     79     99     4025
402     67     75     774
403     89     60     641
404     91     6     5145
405     9     175     770
406     16     149     3942
407     72     35     1316
408     15     67     745
409     83     129     2027
410     26     174     2597
411     39     183     1665
412     25     73     3716
413     75     182     1118
414     83     167     2293
415     37     190     1393
416     22     14     752
417     78     194     5849
418     71     15     61
419     19     85     4883
420     70     139     892
421     40     43     1897
422     14     9     15
423     56     43     4196
424     86     194     279
425     86     192     2350
426     39     62     4790
427     81     109     892
428     15     162     5042
429     35     109     734
430     71     100     3806
431     10     110     814
432     95     52     3989
433     25     177     42
434     3     110     5568
435     8     79     850
436     36     157     1339
437     89     76     4409
438     96     1     1489
439     92     140     5405
440     67     74     31
441     67     61     4965
442     89     53     1323
443     48     44     72
444     15     185     1653
445     14     100     1329
446     24     52     3277
447     70     87     1161
448     12     179     5395
449     61     87     745
450     65     102     248
451     93     57     1666
452     69     191     198
453     80     139     5702
454     31     179     1390
455     32     144     140
456     67     77     3019
457     46     119     1919
458     39     55     3095
459     65     178     1212
460     8     37     3243
461     63     155     1382
462     67     150     333
463     92     19     4343
464     66     135     1245
465     37     74     3673
466     74     190     312
467     63     118     4130
468     17     192     790
469     68     108     2221
470     59     111     5694
471     53     150     315
472     53     95     286
473     40     72     812
474     82     85     5501
475     12     123     1523
476     20     96     3775
477     57     37     285
478     16     31     5408
479     42     83     297
480     81     84     4808
481     42     73     1369
482     93     22     2390
483     45     113     2784
484     31     96     2912
485     80     24     5866
486     85     28     960
487     8     58     1029
488     58     121     4650
489     38     58     606
490     97     44     4283
491     67     73     89
492     47     99     5781
493     90     70     637
494     70     165     354
495     29     186     4227
496     62     152     1153
497     44     68     3581
498     77     180     914
499     18     77     2841
500     66     6     5465
