1     46     190     4435
2     25     176     922
3     92     150     1356
4     50     39     3496
5     9     19     159
6     64     37     881
7     95     43     2923
8     88     195     3936
9     38     52     1427
10     52     83     1310
11     48     159     5262
12     78     31     311
13     75     27     1319
14     40     83     991
15     53     100     5512
16     4     194     13
17     69     185     2561
18     68     53     4625
19     21     50     1004
20     45     199     511
21     70     164     4910
22     74     140     835
23     20     177     2488
24     27     121     2135
25     12     139     2595
26     11     185     731
27     24     194     1041
28     84     91     3441
29     31     80     1434
30     11     45     6070
31     84     103     1271
32     11     132     2356
33     11     65     588
34     5     48     1782
35     40     63     1481
36     89     17     2809
37     87     116     2437
38     16     104     6035
39     11     117     232
40     74     126     308
41     61     192     5736
42     75     166     503
43     55     9     1262
44     54     115     4922
45     80     60     1370
46     4     111     1152
47     73     175     2905
48     47     35     2374
49     38     74     642
50     49     102     3115
51     41     134     128
52     9     192     525
53     5     8     5113
54     35     83     975
55     3     188     2660
56     99     78     2401
57     9     124     4173
58     85     77     592
59     96     147     1605
60     48     102     3677
61     26     43     1418
62     85     137     1963
63     43     98     2178
64     51     71     1562
65     45     114     2015
66     72     55     3866
67     19     77     592
68     72     137     577
69     87     26     1981
70     7     38     4145
71     57     191     1138
72     7     131     3053
73     60     60     5319
74     41     24     331
75     73     103     3239
76     48     102     404
77     32     177     1135
78     63     137     5276
79     85     111     786
80     78     153     4738
81     45     80     226
82     49     71     940
83     4     165     4831
84     61     127     395
85     10     128     3490
86     81     149     960
87     8     187     1487
88     31     111     3387
89     80     5     647
90     51     115     1719
91     35     18     4846
92     5     101     509
93     14     185     3125
94     82     171     3259
95     71     117     668
96     5     42     6030
97     72     62     922
98     6     12     2665
99     91     140     1405
100     20     108     5236
101     71     153     54
102     40     121     1031
103     9     91     2352
104     3     122     6214
105     4     146     546
106     7     153     3750
107     18     41     267
108     97     19     6042
109     1     53     1463
110     87     7     4045
111     47     8     1095
112     83     60     4222
113     31     40     919
114     61     119     4569
115     52     98     950
116     79     91     2936
117     40     180     1559
118     72     36     1168
119     97     117     6291
120     66     190     133
121     46     165     4944
122     31     23     547
123     59     122     1291
124     93     34     435
125     8     173     2643
126     6     195     1212
127     16     30     211
128     1     150     5360
129     80     170     697
130     85     144     1080
131     73     112     1459
132     19     5     4449
133     47     145     716
134     25     14     370
135     94     181     121
136     61     157     6104
137     70     19     775
138     58     29     399
139     60     190     4466
140     75     20     824
141     40     3     1981
142     13     193     3977
143     58     112     422
144     5     91     4555
145     49     169     1004
146     39     183     1748
147     77     23     4060
148     99     92     1549
149     21     41     3301
150     40     151     1140
151     3     196     556
152     25     13     13
153     95     171     5807
154     31     175     595
155     92     148     3058
156     89     41     3109
157     68     28     950
158     36     187     2100
159     94     53     1902
160     53     96     5278
161     73     42     498
162     96     180     6295
163     59     190     287
164     81     150     2734
165     90     107     4161
166     59     71     933
167     30     43     5873
168     51     11     1256
169     80     108     3894
170     34     40     353
171     87     142     3020
172     40     22     2930
173     94     16     3807
174     75     61     121
175     51     80     4135
176     25     174     846
177     5     61     4708
178     59     42     1093
179     23     109     5096
180     61     119     1559
181     46     2     2447
182     21     118     5629
183     52     112     1298
184     5     170     6251
185     17     131     861
186     76     103     3253
187     21     65     1371
188     98     131     2877
189     69     75     1163
190     2     143     3973
191     15     97     1069
192     55     72     6
193     75     196     1596
194     12     188     3285
195     58     138     136
196     33     74     816
197     83     37     1405
198     3     13     841
199     44     64     5950
200     34     48     986
201     51     124     4448
202     83     167     1022
203     49     173     3761
204     63     24     143
205     96     52     1579
206     60     57     5522
207     27     75     436
208     96     109     3063
209     28     192     4700
210     65     177     956
211     71     159     4263
212     49     43     1026
213     94     65     5675
214     2     110     604
215     75     115     4702
216     59     140     1239
217     27     87     5961
218     75     52     164
219     47     183     3452
220     51     129     572
221     80     162     4976
222     51     78     522
223     84     4     2549
224     15     128     3600
225     4     178     215
226     26     147     5991
227     77     146     40
228     94     197     556
229     62     137     439
230     96     113     2067
231     21     122     5376
232     32     134     1523
233     69     9     4294
234     36     58     848
235     24     69     4774
236     82     129     585
237     57     142     571
238     79     4     5239
239     45     81     876
240     27     150     2222
241     22     84     2837
242     93     38     4339
243     91     71     1534
244     92     11     1113
245     33     14     3808
246     82     43     470
247     9     140     6164
248     43     154     530
249     40     175     1691
250     61     93     813
251     30     66     5157
252     30     135     340
253     34     143     2245
254     62     7     2664
255     6     138     1742
256     55     97     1112
257     4     28     1961
258     80     90     1707
259     51     69     5132
260     61     102     359
261     60     97     262
262     30     110     1935
263     24     165     3770
264     21     111     1139
265     87     27     4351
266     78     187     1432
267     50     182     5221
268     49     67     158
269     27     36     479
270     58     112     2639
271     59     120     6202
272     88     70     664
273     95     128     2462
274     74     82     5164
275     51     172     1049
276     90     26     4005
277     70     179     116
278     5     177     1427
279     57     90     2735
280     97     148     5357
281     11     170     706
282     43     155     666
283     34     170     223
284     25     11     4279
285     97     101     87
286     79     15     4633
287     71     164     483
288     57     43     6099
289     28     21     531
290     9     132     5475
291     13     86     569
292     9     73     2467
293     69     137     4740
294     89     33     290
295     37     14     5118
296     17     183     1155
297     85     47     5790
298     40     6     523
299     58     40     6092
300     46     150     660
301     72     113     431
302     20     183     6065
303     41     40     1239
304     61     141     2513
305     63     85     4453
306     59     176     1455
307     45     13     536
308     15     151     5731
309     86     89     724
310     82     83     2217
311     99     117     2964
312     66     186     3888
313     98     194     175
314     11     54     3075
315     60     25     1491
316     99     125     5958
317     91     180     1477
318     40     77     4224
319     43     78     377
320     37     58     312
321     30     189     5228
322     49     86     389
323     25     40     4569
324     16     148     1475
325     28     34     2710
326     50     62     2631
327     20     155     3532
328     96     32     589
329     81     65     3430
330     68     176     466
331     25     77     679
332     5     180     855
333     85     52     2679
334     75     189     673
335     18     141     5314
336     62     81     74
337     41     190     2373
338     29     32     3748
339     62     175     789
340     97     48     4489
341     54     10     1357
342     21     106     3081
343     89     34     68
344     41     174     3415
345     71     75     1307
346     19     18     2992
347     24     33     5166
348     59     152     1200
349     5     106     457
350     95     127     1265
351     75     180     5437
352     82     125     91
353     37     34     1336
354     92     48     3445
355     58     194     529
356     7     131     4663
357     20     116     332
358     86     119     4165
359     65     67     144
360     25     104     3867
361     18     108     27
362     84     16     409
363     48     44     5432
364     48     40     1502
365     84     29     1241
366     89     27     4334
367     64     87     851
368     74     111     3741
369     1     39     879
370     98     116     5220
371     78     72     816
372     48     162     4560
373     79     175     1500
374     13     120     5338
375     33     38     1068
376     22     30     297
377     9     178     5250
378     45     81     1546
379     38     89     2753
380     82     179     5609
381     84     198     449
382     77     183     3472
383     58     11     1311
384     51     172     786
385     66     148     3489
386     82     79     635
387     72     65     1083
388     13     61     4523
389     20     76     1415
390     37     99     4546
391     58     96     1329
392     48     55     124
393     92     5     2380
394     82     54     4551
395     97     36     979
396     82     52     4728
397     68     196     541
398     55     185     3210
399     72     102     399
400     12     66     2882
401     42     177     5817
402     96     79     787
403     97     146     2714
404     57     187     2770
405     9     34     1992
406     25     87     3985
407     32     130     916
408     15     153     1579
409     94     45     4989
410     54     10     782
411     13     91     5778
412     60     156     278
413     37     141     5528
414     37     7     317
415     87     197     4439
416     33     2     1051
417     92     100     1658
418     43     122     5938
419     23     107     704
420     83     107     3544
421     14     120     1304
422     46     166     5669
423     38     194     865
424     44     43     5262
425     62     88     444
426     19     153     3262
427     71     53     1321
428     71     90     3815
429     39     80     1437
430     16     130     2917
431     80     59     1306
432     40     72     4596
433     47     83     299
434     41     48     2473
435     20     10     580
436     91     61     4419
437     16     155     1364
438     87     63     6301
439     33     156     1165
440     58     44     366
441     15     134     2243
442     54     125     2782
443     12     67     2076
444     58     159     3574
445     31     107     1279
446     97     169     135
447     86     1     3440
448     87     165     950
449     19     81     4894
450     14     3     640
451     14     132     3458
452     16     78     989
453     44     134     4230
454     43     192     1168
455     92     151     6115
456     32     58     532
457     26     67     192
458     34     40     5349
459     55     137     1013
460     78     124     3525
461     9     5     489
462     45     79     1598
463     7     7     4876
464     49     166     1006
465     8     49     4875
466     21     189     6
467     30     105     3421
468     22     82     1493
469     88     182     5558
470     19     96     1084
471     92     182     3970
472     70     104     708
473     68     19     3159
474     12     156     122
475     93     30     1581
476     50     128     3951
477     61     127     1056
478     71     72     2478
479     81     197     5952
480     35     82     174
481     90     4     2253
482     66     29     3605
483     59     170     1356
484     7     157     4569
485     83     148     1271
486     63     44     4801
487     27     72     70
488     19     54     1839
489     21     70     1964
490     26     144     780
491     11     103     904
492     80     146     2928
493     78     63     4426
494     83     43     1531
495     32     181     6057
496     18     1     797
497     60     85     5545
498     45     19     683
499     12     76     6127
500     92     176     1275
