1     24     191     388
2     26     2     5433
3     71     124     1139
4     13     121     1122
5     62     188     1193
6     24     142     3405
7     97     31     664
8     29     35     3622
9     11     162     482
10     97     151     4438
11     52     29     1024
12     1     66     873
13     20     113     2396
14     58     189     5578
15     77     184     432
16     77     128     3029
17     49     145     6119
18     45     124     42
19     31     197     3292
20     7     28     1243
21     7     173     4600
22     5     52     216
23     27     182     5279
24     40     40     1113
25     89     80     770
26     95     84     1955
27     55     144     4425
28     76     173     236
29     90     63     3875
30     15     107     1292
31     25     178     2611
32     61     10     3859
33     28     66     1299
34     79     113     5181
35     89     85     997
36     17     144     3021
37     36     107     732
38     77     86     5177
39     7     53     574
40     61     31     1648
41     94     118     4170
42     57     146     804
43     84     71     4451
44     18     136     885
45     21     8     3403
46     15     120     407
47     96     180     4079
48     16     197     1179
49     55     134     1752
50     38     30     32
51     74     140     3246
52     6     131     761
53     83     67     1483
54     78     24     5995
55     84     192     524
56     13     146     3219
57     57     174     68
58     49     174     5565
59     24     2     1552
60     42     96     2827
61     43     77     359
62     44     173     4134
63     29     127     934
64     23     122     3661
65     16     50     1327
66     23     76     5534
67     63     31     171
68     81     32     2141
69     94     189     2719
70     68     131     3393
71     99     59     1369
72     24     171     4383
73     18     50     122
74     64     35     4160
75     62     153     1339
76     97     3     2164
77     15     199     5551
78     91     114     600
79     23     149     3084
80     28     75     4276
81     2     176     368
82     1     97     4073
83     82     140     654
84     99     46     2354
85     98     83     3878
86     15     96     403
87     76     87     3228
88     40     176     563
89     4     160     4165
90     45     20     1471
91     79     197     4804
92     70     111     44
93     66     43     5727
94     64     84     221
95     9     154     5501
96     80     169     917
97     23     61     4588
98     99     166     1078
99     98     95     5101
100     75     161     839
101     99     66     2802
102     19     141     271
103     3     10     1582
104     76     126     4976
105     63     60     198
106     64     155     3312
107     97     37     294
108     37     176     2695
109     5     43     1480
110     97     12     794
111     78     182     6148
112     55     189     382
113     56     190     1412
114     91     91     1938
115     13     188     2919
116     3     108     3054
117     5     155     2802
118     52     52     1422
119     5     57     5427
120     13     150     680
121     69     67     1902
122     9     46     5799
123     60     29     1563
124     62     190     442
125     90     127     238
126     23     47     1868
127     29     57     1514
128     89     160     52
129     18     12     4659
130     31     31     268
131     67     187     342
132     1     75     6250
133     66     119     1487
134     70     162     3569
135     94     195     1050
136     1     164     4544
137     58     32     410
138     27     20     1104
139     48     117     1113
140     30     171     2835
141     50     127     4659
142     57     49     898
143     39     27     2752
144     22     60     5692
145     54     44     1522
146     53     89     3261
147     30     27     854
148     90     119     2259
149     9     31     1405
150     65     104     397
151     43     30     4349
152     82     183     407
153     19     145     4669
154     50     128     1314
155     88     36     1469
156     47     192     6252
157     87     72     535
158     3     16     5504
159     96     186     1495
160     68     122     5690
161     36     100     1308
162     36     135     3983
163     72     183     614
164     16     146     1272
165     16     159     1041
166     77     131     129
167     40     4     1886
168     38     148     4080
169     69     40     983
170     58     50     5537
171     63     141     570
172     6     9     1628
173     7     6     4356
174     61     155     511
175     74     133     2362
176     35     64     1244
177     76     133     515
178     17     181     3423
179     75     158     501
180     85     155     2746
181     45     148     2169
182     3     164     5643
183     60     197     817
184     83     180     2705
185     43     156     2379
186     92     22     1783
187     83     18     4458
188     72     125     1509
189     51     174     5940
190     87     50     1345
191     84     112     3174
192     98     179     1450
193     91     43     2692
194     37     37     4479
195     80     9     1128
196     52     135     3176
197     84     73     1489
198     93     151     150
199     45     79     896
200     52     181     4779
201     49     104     464
202     10     156     3826
203     82     29     880
204     14     140     4869
205     44     163     1112
206     24     121     4694
207     62     17     333
208     2     44     4554
209     87     104     155
210     40     45     5433
211     69     72     0
212     11     23     3590
213     39     171     1179
214     26     103     1737
215     52     160     201
216     12     152     162
217     84     47     3318
218     76     107     544
219     47     138     6061
220     7     169     595
221     27     119     5296
222     63     190     356
223     35     101     5199
224     46     179     465
225     96     46     4375
226     86     158     1530
227     95     93     1373
228     32     105     620
229     24     79     5585
230     14     169     499
231     20     154     5717
232     43     38     1404
233     7     27     3706
234     35     128     101
235     56     47     4099
236     23     83     1353
237     81     167     2226
238     48     37     2933
239     85     92     2604
240     40     176     5608
241     81     142     234
242     11     139     2806
243     49     86     5374
244     74     160     1481
245     88     40     1296
246     27     128     3377
247     51     40     127
248     44     27     1757
249     6     50     4050
250     98     166     427
251     93     192     5792
252     77     43     290
253     60     120     5884
254     44     153     1425
255     86     30     2541
256     65     75     4892
257     99     154     644
258     80     45     2114
259     27     141     3858
260     17     183     27
261     23     117     2131
262     57     35     3543
263     28     90     390
264     40     110     4091
265     72     59     1554
266     34     102     4540
267     93     67     1549
268     7     89     3559
269     8     65     414
270     23     139     1756
271     53     55     762
272     54     11     3756
273     11     92     577
274     13     114     3549
275     75     46     314
276     50     97     4206
277     56     150     231
278     45     73     1489
279     26     155     1521
280     39     192     5082
281     15     161     5
282     97     55     3713
283     90     55     415
284     64     164     800
285     93     107     788
286     57     58     6125
287     68     145     1040
288     2     86     4202
289     22     142     595
290     35     169     2726
291     79     64     2314
292     67     176     5542
293     43     3     1014
294     48     92     5301
295     63     130     472
296     62     144     1931
297     57     99     4639
298     94     38     1449
299     21     58     466
300     13     189     3037
301     9     94     2447
302     27     20     2150
303     27     155     3815
304     57     156     1036
305     43     142     5485
306     64     140     1061
307     21     98     2081
308     95     77     4617
309     63     140     762
310     71     105     498
311     32     147     1631
312     22     113     4683
313     80     42     1047
314     4     187     3493
315     57     77     818
316     20     24     4500
317     36     168     802
318     68     134     5324
319     55     66     117
320     37     187     3605
321     82     112     701
322     68     39     5001
323     55     37     701
324     64     161     2458
325     76     78     958
326     58     20     1201
327     25     20     3868
328     36     179     1334
329     3     179     2765
330     85     66     862
331     90     81     3993
332     4     99     1428
333     45     128     5481
334     87     188     976
335     8     112     5768
336     28     110     102
337     44     144     3316
338     1     51     725
339     98     115     33
340     94     28     3216
341     97     43     685
342     79     121     1118
343     43     25     566
344     33     85     3949
345     32     73     79
346     92     196     737
347     80     44     5953
348     78     118     863
349     71     127     1504
350     93     99     2313
351     48     29     2102
352     31     165     5251
353     70     42     1109
354     77     129     880
355     73     35     3512
356     54     79     1417
357     90     100     5507
358     8     90     438
359     2     167     3351
360     83     124     1256
361     9     5     5876
362     80     17     670
363     25     111     4397
364     15     162     165
365     74     180     6254
366     21     117     108
367     81     140     2598
368     98     90     5571
369     60     38     1364
370     32     83     6264
371     50     6     1393
372     82     109     5599
373     71     137     1109
374     26     14     5636
375     28     121     799
376     90     128     2010
377     45     114     3872
378     76     23     1520
379     65     193     4315
380     62     133     855
381     47     41     2272
382     75     159     823
383     57     117     693
384     17     30     4502
385     7     66     700
386     8     54     2505
387     50     92     1186
388     77     162     5131
389     73     191     1361
390     70     148     2311
391     63     153     215
392     3     98     611
393     81     122     5096
394     20     159     933
395     46     41     933
396     75     40     3665
397     60     137     344
398     2     87     5644
399     71     150     244
400     17     54     1253
401     47     8     156
402     23     102     715
403     66     61     1091
404     47     122     2590
405     23     45     807
406     96     67     4426
407     12     61     1486
408     88     182     4714
409     91     7     1318
410     80     45     3953
411     50     140     1242
412     66     78     5067
413     42     29     1115
414     47     69     4818
415     57     158     1533
416     63     178     3427
417     3     27     1118
418     30     33     4106
419     13     25     1336
420     89     75     6109
421     33     9     1079
422     9     180     5514
423     8     154     8
424     25     166     5509
425     29     177     1197
426     80     164     3551
427     27     85     978
428     79     99     2339
429     52     155     3810
430     66     25     300
431     58     55     3476
432     89     179     342
433     1     54     5965
434     40     182     1441
435     86     149     1909
436     71     68     5537
437     11     151     728
438     38     26     4137
439     27     45     891
440     94     59     1047
441     21     39     543
442     9     192     5033
443     1     3     455
444     61     169     448
445     69     157     1926
446     59     104     5821
447     38     107     586
448     44     12     1965
449     4     83     4689
450     48     41     92
451     30     33     1451
452     9     102     3226
453     42     46     1460
454     45     161     4438
455     44     165     255
456     19     116     5706
457     44     5     718
458     97     174     141
459     73     157     5862
460     64     96     523
461     15     78     6042
462     99     121     111
463     24     179     5512
464     79     151     753
465     30     46     2849
466     38     170     5462
467     37     115     1186
468     84     104     4351
469     26     46     1095
470     69     168     6213
471     41     194     1341
472     57     18     5180
473     88     182     40
474     93     171     6097
475     60     175     668
476     45     120     322
477     12     1     2555
478     39     80     637
479     39     73     3332
480     26     184     805
481     96     139     4277
482     67     29     39
483     30     3     5034
484     5     1     773
485     8     107     5676
486     58     34     339
487     67     197     6222
488     63     198     1171
489     88     94     3253
490     10     123     621
491     61     110     4716
492     94     29     632
493     80     128     1168
494     21     171     1514
495     14     47     353
496     84     170     881
497     77     175     4903
498     75     81     1155
499     52     24     965
500     39     143     738
