50.158     6517     6391
50.015     6550     6391
50.015     6550     6391
50.158     6517     6391
50.158     6550     6391
50.158     6550     6391
50.158     6517     6391
50.015     6550     6391
50.015     6550     6391
50.158     6550     6391
             
50.068     6532     6328
50.046     6542     6328
50.046     6542     6328
50.068     6532     6328
50.068     6542     6328
50.068     6542     6328
50.068     6532     6328
50.046     6542     6328
50.046     6542     6328
50.068     6542     6328
             
50.091     6253     6142
50.130     6254     6142
50.130     6254     6142
50.091     6253     6142
50.130     6254     6142
50.130     6254     6142
50.091     6253     6142
50.130     6254     6142
50.130     6254     6142
50.130     6254     6142
             
50.025     6288     6146
50.012     6313     6146
50.012     6313     6146
50.025     6288     6146
50.025     6313     6146
50.025     6313     6146
50.025     6288     6146
50.012     6313     6146
50.012     6313     6146
50.025     6313     6146
             
50.115     6293     6221
50.132     6289     6221
50.132     6289     6221
50.115     6293     6221
50.132     6293     6221
50.132     6293     6221
50.115     6293     6221
50.132     6289     6221
50.132     6289     6221
50.132     6293     6221
             
50.157     6503     6381
50.118     6513     6381
50.118     6513     6381
50.157     6503     6381
50.157     6513     6381
50.157     6513     6381
50.157     6503     6381
50.118     6513     6381
50.118     6513     6381
50.157     6513     6381
             
50.007     6589     6256
50.100     6588     6256
50.100     6588     6256
50.007     6589     6256
50.100     6589     6256
50.100     6589     6256
50.007     6589     6256
50.100     6588     6256
50.100     6588     6256
50.100     6589     6256
             
50.072     6290     6015.88
50.123     6284     6015.88
50.123     6284     6015.88
50.072     6290     6015.88
50.123     6290     6015.88
50.123     6290     6015.88
50.072     6290     6015.88
50.123     6284     6015.88
50.123     6284     6015.88
50.123     6290     6015.88
             
0.144     6468     6468
0.157     6468     6468
0.157     6468     6468
0.144     6468     6468
0.157     6468     6468
0.157     6468     6468
0.144     6468     6468
0.157     6468     6468
0.157     6468     6468
0.157     6468     6468
             
50.089     6216     6111
50.133     6219     6111
50.133     6219     6111
50.089     6216     6111
50.133     6219     6111
50.133     6219     6111
50.089     6216     6111
50.133     6219     6111
50.133     6219     6111
50.133     6219     6111
             
