30.006     15244     14839.5
30.005     15309     14839.5
30.005     15309     14839.5
30.006     15244     14839.5
30.006     15309     14839.5
30.006     15309     14839.5
30.006     15244     14839.5
30.005     15309     14839.5
30.005     15309     14839.5
30.006     15309     14839.5
             
30.005     15354     14793
30.003     15379     14793
30.003     15379     14793
30.005     15354     14793
30.005     15379     14793
30.005     15379     14793
30.005     15354     14793
30.003     15379     14793
30.003     15379     14793
30.005     15379     14793
             
30.002     15613     14983.5
30.001     15629     14983.5
30.001     15629     14983.5
30.002     15613     14983.5
30.002     15629     14983.5
30.002     15629     14983.5
30.002     15613     14983.5
30.001     15629     14983.5
30.001     15629     14983.5
30.002     15629     14983.5
             
30.003     15596     15088.5
30.003     15606     15088.5
30.003     15606     15088.5
30.003     15596     15088.5
30.003     15606     15088.5
30.003     15606     15088.5
30.003     15596     15088.5
30.003     15606     15088.5
30.003     15606     15088.5
30.003     15606     15088.5
             
30.002     15138     15066
30.005     15142     15066
30.005     15142     15066
30.002     15138     15066
30.005     15142     15066
30.005     15142     15066
30.002     15138     15066
30.005     15142     15066
30.005     15142     15066
30.005     15142     15066
             
0.093     15476     15476
0.11     15476     15476
0.11     15476     15476
0.093     15476     15476
0.11     15476     15476
0.11     15476     15476
0.093     15476     15476
0.11     15476     15476
0.11     15476     15476
0.11     15476     15476
             
30.002     15525     15101
30.004     15525     15101
30.004     15525     15101
30.002     15525     15101
30.004     15525     15101
30.004     15525     15101
30.002     15525     15101
30.004     15525     15101
30.004     15525     15101
30.004     15525     15101
             
30.001     14296     13942
30.005     14264     13942
30.005     14264     13942
30.001     14296     13942
30.005     14296     13942
30.005     14296     13942
30.001     14296     13942
30.005     14264     13942
30.005     14264     13942
30.005     14296     13942
             
30.004     15488     14792
30.002     15495     14792
30.002     15495     14792
30.004     15488     14792
30.004     15495     14792
30.004     15495     14792
30.004     15488     14792
30.002     15495     14792
30.002     15495     14792
30.004     15495     14792
             
30.004     14634     14265
30.003     14618     14265
30.003     14618     14265
30.004     14634     14265
30.004     14634     14265
30.004     14634     14265
30.004     14634     14265
30.003     14618     14265
30.003     14618     14265
30.004     14634     14265
             
