30.001     15746     15443.5
30.003     15749     15443.5
30.003     15749     15443.5
30.001     15881     15443.5
30.003     15749     15443.5
30.003     15749     15443.5
30.001     15746     15443.5
30.003     15749     15443.5
30.003     15749     15443.5
30.003     15749     15443.5
             
30.004     16583     15976
30.001     16534     15976
30.001     16534     15976
30.004     16583     15976
30.004     16583     15976
30.004     16583     15976
30.004     16583     15976
30.001     16534     15976
30.001     16534     15976
30.004     16583     15976
             
30.003     14865     14713.5
30.001     14915     14713.5
30.001     14915     14713.5
30.003     14865     14713.5
30.003     14915     14713.5
30.003     14915     14713.5
30.003     14865     14713.5
30.001     14915     14713.5
30.001     14915     14713.5
30.003     14915     14713.5
             
30.016     15526     15172
30.012     15534     15172
30.012     15534     15172
30.016     15526     15172
30.016     15534     15172
30.016     15534     15172
30.016     15526     15172
30.012     15534     15172
30.012     15534     15172
30.016     15534     15172
             
30.001     15260     14961
30.002     15261     14961
30.002     15261     14961
30.001     15260     14961
30.002     15261     14961
30.002     15261     14961
30.001     15260     14961
30.002     15312     14961
30.002     15261     14961
30.002     15261     14961
             
30.003     14910     14611
30.003     14910     14611
30.003     14910     14611
30.003     14910     14611
30.003     14910     14611
30.003     14811     14611
30.003     14910     14611
30.003     14910     14611
30.003     14910     14611
30.003     14910     14611
             
30.004     15968     15363.5
30.002     15968     15363.5
30.002     15968     15363.5
30.004     15968     15363.5
30.004     15968     15363.5
30.004     15968     15363.5
30.004     15968     15363.5
30.002     15968     15363.5
30.002     15968     15363.5
30.004     15968     15363.5
             
30.001     15857     15335
30.004     15857     15335
30.004     15857     15335
30.001     15857     15335
30.004     15857     15335
30.004     15857     15335
30.001     15857     15335
30.004     15857     15335
30.004     15807     15335
30.004     15857     15335
             
30.001     15905     15604
30.002     15957     15604
30.002     15905     15604
30.001     15905     15604
30.002     15905     15604
30.002     15905     15604
30.001     15905     15604
30.002     15905     15604
30.002     15905     15604
30.002     15905     15604
             
30.003     15022     14764
30.002     15022     14764
30.002     15022     14764
30.003     15022     14764
30.003     15022     14764
30.003     15022     14764
30.003     15022     14764
30.002     15022     14764
30.002     15022     14764
30.003     15022     14764
             
