30.034     15795     15443.5
30.033     15750     15443.5
30.033     15750     15443.5
30.034     15795     15443.5
30.034     15795     15443.5
30.034     15795     15443.5
30.034     15795     15443.5
30.033     15750     15443.5
30.033     15750     15443.5
30.034     15795     15443.5
             
30.035     16484     15976
30.017     16534     15976
30.017     16534     15976
30.035     16484     15976
30.035     16534     15976
30.035     16534     15976
30.035     16484     15976
30.017     16534     15976
30.017     16534     15976
30.035     16534     15976
             
30.035     14865     14713.5
30.034     14866     14713.5
30.034     14866     14713.5
30.035     14865     14713.5
30.035     14866     14713.5
30.035     14866     14713.5
30.035     14865     14713.5
30.034     14866     14713.5
30.034     14866     14713.5
30.035     14866     14713.5
             
30.003     15574     15172
30.033     15576     15172
30.033     15576     15172
30.003     15574     15172
30.033     15576     15172
30.033     15576     15172
30.003     15574     15172
30.033     15576     15172
30.033     15576     15172
30.033     15576     15172
             
30.097     15278     14961
30.079     15261     14961
30.079     15261     14961
30.097     15278     14961
30.097     15278     14961
30.097     15278     14961
30.097     15278     14961
30.079     15261     14961
30.079     15261     14961
30.097     15278     14961
             
30.033     14910     14611
30.081     14910     14611
30.081     14910     14611
30.033     14910     14611
30.081     14910     14611
30.081     14910     14611
30.033     14910     14611
30.081     14910     14611
30.081     14811     14611
30.081     14910     14611
             
30.064     15968     15363.5
30.096     16018     15363.5
30.096     15968     15363.5
30.064     15968     15363.5
30.096     15968     15363.5
30.096     15968     15363.5
30.064     15968     15363.5
30.096     15968     15363.5
30.096     16018     15363.5
30.096     16018     15363.5
             
30.050     15906     15335
30.003     15857     15335
30.003     15857     15335
30.050     15906     15335
30.050     15906     15335
30.050     15906     15335
30.050     15906     15335
30.003     15857     15335
30.003     15857     15335
30.050     15906     15335
             
30.002     15906     15604
30.065     15912     15604
30.065     15912     15604
30.002     15906     15604
30.065     15912     15604
30.065     15912     15604
30.002     15906     15604
30.065     15912     15604
30.065     15856     15604
30.065     15912     15604
             
30.066     15022     14764
30.050     14973     14764
30.050     15027     14764
30.066     15022     14764
30.066     15027     14764
30.066     15027     14764
30.066     15022     14764
30.050     15027     14764
30.050     15027     14764
30.066     15027     14764
             
