1     57     28     10240
2     35     30     1831
3     19     20     5404
4     20     24     2087
5     69     38     5271
6     18     19     1724
7     35     49     5271
8     48     17     6922
9     78     34     585
10     72     14     5347
11     62     8     12298
12     25     5     2184
13     73     18     12168
14     24     43     1904
15     45     31     11528
16     62     1     966
17     53     44     4815
18     52     27     7932
19     55     49     1884
20     82     24     1055
21     87     37     3216
22     8     31     10699
23     68     28     1637
24     32     18     2732
25     68     41     145
26     35     12     6154
27     58     25     118
28     83     13     11540
29     96     47     2451
30     61     41     484
31     3     4     8355
32     20     8     2574
33     59     49     1696
34     42     40     3052
35     81     33     3140
36     20     45     11464
37     50     11     2705
38     89     8     7093
39     74     20     467
40     58     35     1075
41     98     33     11361
42     40     22     2362
43     28     44     8307
44     70     30     911
45     3     8     10714
46     33     21     1737
47     79     5     2304
48     9     15     11200
49     38     19     2717
50     63     29     10153
51     69     31     656
52     48     27     9044
53     66     3     2730
54     9     37     8894
55     21     28     2018
56     51     24     12191
57     34     4     2302
58     76     33     9535
59     75     25     246
60     90     15     9882
61     66     18     967
62     65     6     1017
63     52     25     2120
64     9     41     10599
65     69     2     2837
66     54     32     3344
67     61     34     9887
68     55     33     403
69     65     35     4305
70     54     4     3168
71     94     19     733
72     23     9     5764
73     15     34     11033
74     88     17     1527
75     63     40     4146
76     38     48     850
77     97     3     162
78     62     22     9124
79     1     44     2410
80     19     26     1489
81     84     6     9913
82     5     42     3123
83     95     47     5664
84     62     29     11735
85     38     29     938
86     78     32     12558
87     24     32     2240
88     20     19     1416
89     61     8     5528
90     11     46     5804
91     22     35     2010
92     34     34     9238
93     60     42     1356
94     43     8     11790
95     12     8     296
96     25     41     8706
97     88     21     747
98     57     30     9467
99     84     42     2208
100     96     30     8506
101     44     43     1785
102     25     34     5331
103     74     2     7715
104     72     25     2049
105     14     16     8063
106     92     6     1530
107     37     49     10855
108     72     35     1425
109     22     12     10555
110     78     5     1868
111     55     49     1919
112     92     8     3639
113     82     20     4515
114     72     49     1993
115     57     40     7603
116     56     37     761
117     88     8     5623
118     52     19     11025
119     97     23     422
120     56     34     311
121     88     28     10451
122     57     2     2436
123     39     6     4444
124     1     19     621
125     5     46     9988
126     77     32     743
127     47     1     7158
128     90     15     2107
129     56     5     10003
130     64     26     2727
131     88     26     2130
132     88     46     7159
133     94     11     2013
134     12     45     7921
135     98     39     770
136     23     12     7940
137     44     4     2211
138     2     48     3641
139     46     40     1734
140     63     39     2967
141     1     24     8480
142     4     15     156
143     95     35     1054
144     12     45     8386
145     88     43     576
146     9     34     6832
147     76     18     1884
148     59     42     8983
149     68     38     2387
150     19     8     5907
151     44     16     11823
152     61     32     592
153     21     16     4144
154     12     5     11586
155     5     26     1909
156     2     9     10296
157     88     11     438
158     48     14     10705
159     22     21     105
160     3     10     1703
161     52     43     4136
162     14     27     2997
163     3     33     4124
164     37     49     3905
165     3     22     6547
166     85     1     415
167     17     35     830
168     97     12     4369
169     7     21     5157
170     61     20     5227
171     99     33     3743
172     77     42     3719
173     33     21     3893
174     53     45     6736
175     51     8     349
176     59     12     5278
177     27     34     780
178     51     30     573
179     17     27     5672
180     66     47     11541
181     25     39     691
182     66     48     7718
183     94     45     122
184     38     21     8533
185     34     12     374
186     8     35     10794
187     46     9     2843
188     31     1     7239
189     26     35     1233
190     87     2     8880
191     32     40     1252
192     1     3     4055
193     65     44     6836
194     82     31     1525
195     97     43     3724
196     58     31     12287
197     21     19     2845
198     87     31     4078
199     32     40     1754
200     68     31     1274
201     70     13     8133
202     66     10     636
203     27     47     12372
204     62     1     2712
205     82     47     11682
206     95     25     1536
207     34     49     5035
208     13     49     1967
209     76     34     8286
210     86     47     1439
211     77     16     9776
212     24     12     421
213     71     10     11262
214     93     29     999
215     1     7     2840
216     43     48     3642
217     44     14     8432
218     51     39     2722
219     95     13     6150
220     37     25     4240
221     84     5     2461
222     76     29     3021
223     50     41     5903
224     54     28     10669
225     38     34     1521
226     18     36     4610
227     77     36     6171
228     98     2     3998
229     32     30     299
230     10     7     10133
231     33     24     3124
232     39     12     5452
233     63     7     1575
234     92     34     12527
235     36     42     2279
236     12     44     11575
237     46     17     247
238     70     15     3990
239     5     29     9894
240     20     42     546
241     40     17     7909
242     43     11     1502
243     26     22     10584
244     83     35     2415
245     36     42     12415
246     46     16     2280
247     61     27     11930
248     61     25     1984
249     3     39     3506
250     57     7     11263
251     61     23     1629
252     51     20     1960
253     13     40     6077
254     30     38     4930
255     78     47     10736
256     53     8     1210
257     62     5     10578
258     64     49     1938
259     65     21     8909
260     82     34     158
261     7     40     1092
262     81     26     2544
263     38     3     5169
264     93     11     6153
265     92     34     746
266     68     28     7419
267     56     32     1773
268     51     28     3975
269     51     35     8074
270     55     15     2953
271     10     31     8640
272     41     6     2973
273     73     10     11693
274     74     29     2304
275     89     26     7488
276     85     7     2482
277     2     10     3305
278     26     22     4115
279     38     19     3422
280     82     21     12299
281     49     14     947
282     80     44     6483
283     66     22     2625
284     56     4     10824
285     23     21     445
286     5     15     10681
287     50     14     2619
288     65     21     7472
289     87     31     1933
290     22     49     11671
291     76     2     939
292     30     43     836
293     27     19     9305
294     24     44     2299
295     55     28     12345
296     54     41     882
297     6     19     4941
298     5     5     1062
299     64     29     2563
300     32     2     5777
301     11     24     10128
302     9     15     1406
303     22     40     538
304     38     2     2617
305     54     41     5009
306     33     25     2080
307     96     26     10973
308     89     36     1080
309     31     19     5226
310     93     38     6001
311     11     10     589
312     10     18     305
313     16     4     5763
314     51     3     11726
315     19     10     2584
316     47     1     4189
317     76     21     10593
318     47     33     760
319     30     8     7474
320     43     1     3
321     9     8     9297
322     25     1     2189
323     30     13     7101
324     65     48     1745
325     85     44     11652
326     45     1     2381
327     56     10     3922
328     35     12     11634
329     93     19     1866
330     36     30     6620
331     30     7     2758
332     15     16     3828
333     90     16     2474
334     82     15     5683
335     10     22     9276
336     19     12     1382
337     67     15     6497
338     98     6     2292
339     56     2     10633
340     47     21     171
341     8     14     3970
342     3     29     11260
343     50     4     1406
344     40     29     7775
345     34     8     2920
346     56     5     9505
347     62     27     2281
348     67     40     10437
349     2     10     2275
350     32     25     220
351     50     15     2902
352     54     25     7678
353     24     3     379
354     85     28     11026
355     77     24     1299
356     65     14     1304
357     28     44     10837
358     80     3     2599
359     94     20     7529
360     68     46     1178
361     7     13     9127
362     37     27     1592
363     24     16     10318
364     11     6     2609
365     74     48     715
366     60     45     5998
367     29     7     4956
368     36     45     11754
369     4     25     1465
370     90     7     7529
371     82     30     1219
372     41     27     8947
373     48     36     2525
374     80     2     12105
375     57     44     2584
376     85     40     2566
377     8     12     7385
378     39     17     676
379     55     21     4401
380     54     44     2444
381     19     6     4112
382     76     6     5327
383     52     38     1602
384     7     5     7829
385     3     32     1758
386     45     33     4073
387     86     30     12059
388     58     32     2825
389     7     18     11426
390     8     26     1593
391     10     36     4051
392     23     3     9418
393     43     46     124
394     16     46     9159
395     75     21     319
396     86     23     10884
397     82     28     239
398     52     25     6795
399     66     13     1358
400     39     46     2014
401     77     43     2479
402     31     6     8776
403     21     48     38
404     80     43     8074
405     87     48     1812
406     8     37     41
407     29     32     8143
408     13     18     357
409     6     47     6784
410     95     23     1902
411     37     11     422
412     75     44     1450
413     72     40     9271
414     81     29     1550
415     70     22     6070
416     78     18     227
417     39     1     7247
418     23     46     1592
419     47     42     1403
420     13     37     9520
421     89     47     334
422     73     41     10753
423     31     27     308
424     20     33     4580
425     10     14     8004
426     17     39     481
427     30     43     12536
428     13     24     2974
429     69     7     5842
430     85     26     365
431     21     5     6165
432     75     13     217
433     5     32     481
434     40     33     11410
435     1     8     318
436     44     35     6202
437     61     4     7628
438     77     26     2360
439     44     8     3851
440     60     7     3601
441     61     18     11894
442     37     8     1130
443     49     38     5725
444     89     20     8394
445     36     40     267
446     54     7     4822
447     35     6     3000
448     90     35     478
449     31     17     8957
450     13     39     1557
451     26     32     1454
452     57     34     2469
453     91     29     2583
454     57     29     9562
455     99     14     1074
456     45     43     5568
457     82     18     6280
458     92     33     790
459     63     19     502
460     60     22     10227
461     30     13     1429
462     81     38     1190
463     63     29     11126
464     89     19     2223
465     30     24     6210
466     96     48     4809
467     7     10     10865
468     34     11     860
469     58     29     10951
470     64     45     228
471     70     40     11511
472     72     17     1432
473     10     49     641
474     34     9     8365
475     74     10     1146
476     30     16     5281
477     54     20     1924
478     77     25     12445
479     86     26     1559
480     40     36     3035
481     84     8     362
482     64     16     3342
483     34     26     819
484     81     43     8656
485     59     18     2397
486     22     46     10962
487     65     28     1285
488     98     26     9992
489     87     42     2966
490     8     29     2556
491     91     19     7339
492     74     23     1626
493     30     28     2321
494     87     19     1868
495     81     16     10665
496     89     47     2722
497     14     27     2330
498     69     46     410
499     92     31     3797
500     10     1     10831
