1     12     16     2127
2     32     25     364
3     73     38     224
4     55     9     1831
5     30     47     57
6     27     19     159
7     90     28     580
8     13     41     216
9     91     47     695
10     14     6     1892
11     17     22     272
12     51     11     391
13     46     28     344
14     23     4     410
15     4     49     2043
16     74     40     332
17     47     41     1761
18     85     41     552
19     77     6     2176
20     56     47     375
21     42     22     2155
22     2     17     344
23     55     16     1219
24     72     46     213
25     54     32     401
26     30     42     1501
27     37     23     183
28     67     43     157
29     3     48     1889
30     22     3     457
31     80     30     134
32     27     36     953
33     98     11     590
34     98     9     267
35     10     28     1119
36     40     49     404
37     70     35     1382
38     7     40     8
39     72     30     1870
40     71     2     170
41     98     2     728
42     59     9     618
43     56     37     221
44     6     28     440
45     14     35     555
46     17     42     321
47     28     12     2052
48     13     26     283
49     52     32     1025
50     3     15     330
