1     54     30     2550
2     95     38     65
3     51     28     2471
4     6     5     50
5     40     12     1110
6     65     33     1147
7     15     36     2391
8     38     4     257
9     59     18     2291
10     17     31     168
11     86     15     869
12     65     37     2805
13     50     35     334
14     86     2     1520
15     40     37     502
16     96     16     2645
17     53     40     441
18     99     49     2177
19     22     2     638
20     58     3     2707
21     4     40     171
22     9     39     1015
23     50     20     1782
24     68     8     642
25     92     8     2788
26     86     31     408
27     23     21     307
28     72     34     314
29     13     2     585
30     24     10     2769
31     22     38     569
32     78     17     579
33     98     49     343
34     3     34     1120
35     87     26     473
36     95     37     2720
37     67     18     645
38     92     26     2515
39     97     10     600
40     76     23     2182
41     98     19     271
42     55     20     263
43     6     15     1138
44     52     29     1012
45     99     2     1887
46     61     40     241
47     20     33     927
48     45     44     932
49     75     11     13
50     59     40     2402
