5      2533      2513
5      2595      2513
5.001      2529      2513
5      2571      2513
5      2587      2513
5      2567      2513
5.001      2527      2513
5      2531      2513
5      2538      2513
5      2522      2513

5.001      2641    2493.5
5      2626    2493.5
5      2649    2493.5
5.001      2626    2493.5
5      2635    2493.5
5      2626    2493.5
5      2634    2493.5
5.001      2626    2493.5
5      2636    2493.5
5      2635    2493.5

1.015      2797      2797
0.281      2797      2797
0.5      2797      2797
0.141      2797      2797
5      2827      2797
3.516      2797      2797
0.234      2797      2797
0.141      2797      2797
0.234      2797      2797
1.016      2797      2797

5.001      2641      2475
5      2608      2475
5      2653      2475
5      2596      2475
5.001      2594      2475
5      2593      2475
5      2619      2475
5      2607      2475
5.001      2605      2475
5.004      2610      2475

5      3061      2880
5.001      3049      2880
5      3027      2880
5      3076      2880
5.001      3051      2880
5      3051      2880
5      3030      2880
5      3051      2880
5.001      3051      2880
5      3044      2880

5      2855      2786
5      2849      2786
5.001      2849      2786
5      2849      2786
5      2850      2786
5      2849      2786
5.001      2855      2786
5      2854      2786
5      2850      2786
5      2849      2786

5      2589      2405
5.001      2588      2405
5      2588      2405
5      2588      2405
5      2588      2405
5.001      2588      2405
5      2588      2405
5      2600      2405
5      2588      2405
5.001      2588      2405

5      2508    2331.5
5      2489    2331.5
5      2488    2331.5
5.001      2488    2331.5
5      2512    2331.5
5      2499    2331.5
5.001      2488    2331.5
5      2489    2331.5
5      2488    2331.5
5      2508    2331.5

5      2539      2435
5      2487      2435
5      2517      2435
5.001      2488      2435
5      2523      2435
5      2489      2435
5      2488      2435
5.001      2487      2435
5      2488      2435
5      2539      2435

5.001      2597      2516
5      2618      2516
5      2618      2516
5      2650      2516
5.001      2618      2516
5      2632      2516
5.006      2633      2516
5      2601      2516
5.001      2612      2516
5      2627      2516

