1     24     15     2012
2     72     44     495
3     52     2     2657
4     47     12     952
5     2     7     3000
6     41     32     537
7     68     6     1931
8     20     19     68
9     29     29     872
10     2     8     2937
11     50     32     595
12     93     46     58
13     81     1     3049
14     43     11     843
15     68     5     1594
16     26     10     3450
17     63     21     15
18     90     14     1095
19     82     29     27
20     28     19     1361
21     59     8     1861
22     86     24     318
23     2     26     2637
24     77     27     762
25     47     6     1805
26     5     27     2127
27     10     22     410
28     77     3     1191
29     62     20     3526
30     30     35     262
31     51     41     1263
32     72     25     1254
33     61     23     3792
34     15     16     742
35     52     13     658
36     7     39     687
37     23     26     643
38     59     24     3718
39     38     1     169
40     37     32     1001
41     30     26     641
42     34     31     2244
43     82     22     152
44     80     46     1552
45     40     26     1037
46     57     25     668
47     21     1     89
48     56     49     3640
49     61     14     219
50     52     3     159
51     5     10     811
52     71     22     194
53     17     12     2337
54     91     28     929
55     30     14     180
56     18     19     3104
57     25     2     209
58     1     27     1061
59     63     3     1776
60     11     45     15
61     57     2     1715
62     3     3     248
63     96     45     228
64     48     38     594
65     67     13     98
66     51     25     3440
67     52     27     102
68     94     47     3623
69     81     28     504
70     74     37     3587
71     88     7     905
72     92     15     2842
73     2     24     817
74     46     3     2620
75     43     8     414
76     69     33     1461
77     75     5     426
78     68     42     3483
79     36     13     72
80     23     13     669
81     65     36     1685
82     74     24     177
83     22     19     3777
84     1     24     343
85     62     21     118
86     52     38     2169
87     99     15     586
88     70     30     1433
89     14     8     964
90     73     3     1090
91     48     46     1915
92     66     9     233
93     88     46     3742
94     94     25     764
95     58     32     3313
96     33     24     101
97     59     20     2960
98     14     34     275
99     81     25     3432
100     39     36     362
101     44     24     3354
102     46     13     467
103     11     34     969
104     94     41     3688
105     59     35     885
106     59     12     3594
107     14     45     60
108     72     10     43
109     84     14     3134
110     43     13     436
111     98     10     2991
112     96     44     585
113     84     37     3742
114     33     42     8
115     45     5     1521
116     19     34     3077
117     24     14     934
118     69     26     2744
119     60     11     261
120     4     39     3760
121     43     8     118
122     89     28     137
123     74     3     1417
124     4     35     3311
125     72     7     930
126     52     39     924
127     55     44     3101
128     17     24     361
129     28     32     2512
130     90     31     615
131     55     37     3402
132     14     17     276
133     3     45     2338
134     68     8     709
135     67     28     3459
136     23     44     233
137     18     40     1916
138     72     9     525
139     66     20     675
140     46     2     3582
141     29     21     790
142     65     10     515
143     57     5     3651
144     22     22     799
145     82     32     3461
146     82     42     617
147     68     2     1896
148     86     9     1667
149     95     32     2043
150     42     13     892
151     72     24     810
152     18     10     2219
153     60     32     696
154     94     7     1855
155     71     36     3586
156     7     40     74
157     98     28     3500
158     62     43     786
159     3     26     2605
160     70     25     411
161     77     16     3405
162     8     18     257
163     86     41     1607
164     83     46     791
165     58     33     376
166     59     10     2299
167     5     1     478
168     49     2     2196
169     95     1     917
170     74     5     2558
171     6     22     29
172     6     44     909
173     51     22     3161
174     57     34     338
175     51     38     2167
176     85     47     523
177     55     19     3567
178     30     31     491
179     94     19     313
180     37     38     1056
181     8     17     1028
182     16     28     1827
183     88     15     1333
184     73     20     1300
185     16     43     2207
186     81     27     329
187     54     14     2592
188     63     13     466
189     85     23     2976
190     41     15     395
191     69     13     983
192     53     27     282
193     81     27     3440
194     2     37     820
195     98     35     353
196     43     5     149
197     83     42     3473
198     62     46     12
199     48     25     2469
200     92     40     221
201     77     44     1981
202     76     39     946
203     78     48     394
204     64     33     1735
205     71     20     1302
206     81     31     421
207     94     21     1118
208     62     43     2837
209     19     40     834
210     90     22     3695
211     4     43     740
212     59     36     1478
213     13     37     25
214     77     42     3514
215     12     36     224
216     19     33     3708
217     15     37     426
218     61     43     2227
219     18     39     837
220     39     41     2451
221     56     36     481
222     95     10     2509
223     88     23     673
224     91     39     2758
225     80     13     919
226     48     6     3658
227     43     11     744
228     96     21     2741
229     87     27     588
230     28     30     1464
231     98     7     3269
232     80     12     186
233     10     46     2638
234     24     48     215
235     68     33     3169
236     83     36     187
237     16     14     1588
238     21     41     36
239     73     12     1018
240     24     32     2729
241     79     37     137
242     54     10     2365
243     39     17     526
244     87     17     2104
245     91     3     762
246     43     40     2340
247     29     24     944
248     30     3     1537
249     16     7     903
250     31     20     2215
251     97     10     472
252     7     48     660
253     21     32     1839
254     47     26     1543
255     81     3     182
256     87     16     314
257     36     35     3777
258     64     29     311
259     3     7     1047
260     10     37     2358
261     34     2     48
262     50     33     3702
263     98     35     459
264     4     40     2188
265     22     37     537
266     23     33     702
267     1     31     3053
268     63     30     662
269     22     19     2502
270     5     30     766
271     10     24     2563
272     16     42     490
273     86     37     2601
274     37     7     413
275     91     3     3689
276     21     15     480
277     18     41     1412
278     13     9     1299
279     69     21     2792
280     22     34     155
281     33     3     2093
282     98     14     681
283     39     17     1123
284     79     42     3676
285     4     25     848
286     86     43     556
287     97     38     3755
288     19     16     718
289     39     16     883
290     97     24     1714
291     33     29     92
292     58     4     116
293     19     15     1834
294     27     7     3432
295     9     37     791
296     39     1     2794
297     43     4     676
298     37     41     839
299     66     19     139
300     60     30     2224
