1     56     10     592
2     15     47     2609
3     82     3     258
4     64     16     1093
5     95     44     1914
6     32     9     706
7     28     21     2312
8     6     43     670
9     39     18     645
10     43     29     1430
11     51     38     3251
12     43     19     814
13     61     30     497
14     89     1     1810
15     16     28     20
16     11     2     1789
17     69     42     15
18     6     1     2186
19     2     40     427
20     46     23     3365
21     74     24     128
22     74     30     2120
23     93     43     200
24     6     1     382
25     28     17     2462
26     92     3     78
27     37     36     3275
28     73     39     557
29     33     27     2305
30     36     5     266
31     23     17     3496
32     16     17     401
33     61     27     1502
34     53     48     162
35     17     47     1013
36     35     39     2990
37     17     6     311
38     50     23     3307
39     6     25     418
40     26     32     774
41     83     2     1963
42     9     38     554
43     1     14     2874
44     7     37     157
45     82     9     1890
46     12     47     458
47     22     21     1426
48     2     30     3295
49     85     37     257
50     1     24     2026
51     21     36     722
52     66     43     1580
53     43     17     2228
54     2     10     655
55     76     10     2411
56     54     31     367
57     59     25     1606
58     40     28     1725
59     17     41     1704
60     78     40     1814
61     65     11     296
62     29     47     873
63     66     10     2069
64     19     10     680
65     51     15     1742
66     59     45     1489
67     23     38     1218
68     93     40     2884
69     78     17     351
70     83     31     2639
71     61     29     805
72     82     27     2658
73     78     19     608
74     16     20     2323
75     2     4     255
76     89     31     2094
77     46     7     154
78     53     40     885
79     52     43     105
80     46     1     3480
81     90     25     835
82     66     29     3022
83     22     22     261
84     46     10     3030
85     64     16     325
86     72     19     747
87     75     2     1014
88     76     1     1689
89     84     29     3218
90     43     15     174
91     58     37     303
92     83     34     3005
93     64     2     728
94     34     40     2620
95     3     31     151
96     52     21     656
97     35     17     359
98     37     5     1771
99     65     19     291
100     45     2     2694
101     91     4     129
102     5     6     627
103     2     35     1678
104     94     39     1404
105     4     34     801
106     84     3     622
107     54     12     817
108     50     15     3072
109     49     28     445
110     26     37     1134
111     87     7     1834
112     73     2     119
113     86     13     3073
114     26     31     615
115     69     17     962
116     64     32     1024
117     39     33     1356
118     7     1     3413
119     4     4     100
120     19     6     2039
121     99     3     197
122     29     36     754
123     8     39     548
124     19     38     315
125     13     42     2134
126     99     31     456
127     2     46     1773
128     16     22     721
129     49     22     46
130     33     7     414
131     62     37     1258
132     14     22     2527
133     73     28     8
134     12     15     2352
135     20     9     526
136     45     18     3042
137     33     47     396
138     76     45     3155
139     27     45     823
140     8     43     2722
141     95     20     796
142     27     44     3054
143     55     22     265
144     16     17     885
145     46     22     301
146     64     3     1622
147     35     44     255
148     31     4     102
149     42     36     977
150     32     43     2220
151     4     18     483
152     13     30     1763
153     24     29     61
154     14     38     569
155     71     32     1253
156     88     4     1617
157     8     8     3312
158     34     25     92
159     31     3     1755
160     29     37     113
161     25     18     2153
162     20     23     6
163     69     2     1426
164     2     43     2780
165     88     20     56
166     16     23     1869
167     45     37     88
168     58     13     2171
169     60     7     545
170     2     39     765
171     42     36     2798
172     56     26     680
173     86     18     1815
174     56     23     833
175     40     3     3410
176     51     47     649
177     30     8     1120
178     8     37     2452
179     72     31     315
180     7     23     170
181     46     9     3458
182     87     13     428
183     17     40     3405
184     93     9     439
185     24     4     1052
186     64     17     1082
187     52     12     2769
188     49     42     326
189     85     23     720
190     17     38     749
191     37     28     86
192     41     47     1357
193     15     36     2808
194     31     25     758
195     91     29     172
196     74     14     3076
197     77     38     150
198     39     14     454
199     21     20     1657
200     23     42     2721
201     46     45     521
202     89     14     192
203     70     16     3072
204     84     36     170
205     38     3     2735
206     54     49     457
207     4     19     2066
208     23     8     486
209     71     47     3326
210     25     41     421
211     77     27     2372
212     95     44     823
213     6     33     2312
214     76     10     166
215     92     10     1853
216     68     32     266
217     33     32     1486
218     47     47     2227
219     99     18     533
220     43     15     2538
221     97     45     310
222     62     5     1221
223     85     34     1271
224     80     21     14
225     32     24     1344
226     59     20     1778
227     6     26     466
228     2     15     1789
229     99     18     611
230     22     13     988
231     9     7     2531
232     50     49     397
233     53     22     2082
234     35     49     362
235     31     21     2055
236     56     13     195
237     12     30     3130
238     82     48     232
239     69     13     1018
240     66     48     530
241     2     35     2586
242     36     7     836
243     42     12     885
244     74     32     845
245     34     49     218
246     24     31     1070
247     93     11     2134
248     21     6     261
249     55     6     749
250     32     38     2018
251     56     37     312
252     52     13     2022
253     4     8     658
254     14     12     445
255     74     35     1719
256     27     2     559
257     87     4     2225
258     63     44     682
259     66     42     8
260     69     47     2705
261     89     23     669
262     43     2     1425
263     68     36     759
264     45     30     2528
265     16     39     779
266     18     45     886
267     41     6     98
268     70     49     3021
269     68     19     544
270     72     41     109
271     56     26     2217
272     85     18     656
273     40     32     459
274     27     44     1693
275     38     49     1305
276     17     15     1074
277     44     41     2010
278     28     37     336
279     38     10     804
280     99     4     2794
281     65     49     563
282     88     18     1929
283     6     8     493
284     54     15     1775
285     9     22     36
286     75     47     265
287     50     9     619
288     54     42     3061
289     31     31     137
290     80     27     743
291     63     2     996
292     77     6     895
293     44     10     2006
294     90     43     497
295     1     44     867
296     52     35     1646
297     56     35     452
298     6     35     3104
299     73     39     200
300     49     8     413
