30.002     15454     14955.5
30.001     15305     14955.5
30.001     15305     14955.5
30.002     15454     14955.5
30.002     15454     14955.5
30.002     15454     14955.5
30.002     15454     14955.5
30.001     15305     14955.5
30.001     15305     14955.5
30.002     15454     14955.5
             
30.003     15760     15313
30.002     15611     15313
30.002     15611     15313
30.003     15760     15313
30.003     15760     15313
30.003     15760     15313
30.003     15760     15313
30.002     15611     15313
30.002     15611     15313
30.003     15760     15313
             
30.002     16250     15704.5
30.004     16300     15704.5
30.004     16300     15704.5
30.002     16250     15704.5
30.004     16300     15704.5
30.004     16300     15704.5
30.002     16250     15704.5
30.004     16300     15704.5
30.004     16300     15704.5
30.004     16300     15704.5
             
30.004     14735     14436.5
30.001     14735     14436.5
30.001     14735     14436.5
30.004     14735     14436.5
30.004     14735     14436.5
30.004     14735     14436.5
30.004     14735     14436.5
30.001     14735     14436.5
30.001     14735     14436.5
30.004     14735     14436.5
             
30.001     15510     15058
30.002     15411     15058
30.002     15411     15058
30.001     15510     15058
30.002     15510     15058
30.002     15510     15058
30.001     15510     15058
30.002     15411     15058
30.002     15411     15058
30.002     15510     15058
             
30.016     15608     15154.5
30.002     15510     15154.5
30.002     15510     15154.5
30.016     15608     15154.5
30.016     15608     15154.5
30.016     15608     15154.5
30.016     15608     15154.5
30.002     15510     15154.5
30.002     15510     15154.5
30.016     15608     15154.5
             
30.002     15620     15318.5
30.003     15620     15318.5
30.003     15620     15318.5
30.002     15620     15318.5
30.003     15620     15318.5
30.003     15620     15318.5
30.002     15620     15318.5
30.003     15620     15318.5
30.003     15620     15318.5
30.003     15620     15318.5
             
30.003     15201     14854
30.002     15102     14854
30.002     15102     14854
30.003     15201     14854
30.003     15201     14854
30.003     15201     14854
30.003     15201     14854
30.002     15102     14854
30.002     15102     14854
30.003     15201     14854
             
30.002     15220     14869.5
30.002     15328     14869.5
30.002     15328     14869.5
30.002     15220     14869.5
30.002     15328     14869.5
30.002     15328     14869.5
30.002     15220     14869.5
30.002     15328     14869.5
30.002     15328     14869.5
30.002     15328     14869.5
             
30.002     14839     14590.5
30.015     14839     14590.5
30.015     14839     14590.5
30.002     14839     14590.5
30.015     14839     14590.5
30.015     14839     14590.5
30.002     14839     14590.5
30.015     14839     14590.5
30.015     14839     14590.5
30.015     14839     14590.5
             
