1     117     47     14718
2     125     8     2974
3     186     2     1735
4     120     4     14146
5     17     24     3500
6     4     17     15010
7     168     19     2518
8     54     36     14638
9     38     20     1305
10     104     36     1165
11     131     11     15427
12     24     46     131
13     165     16     8701
14     165     16     434
15     155     34     14146
16     66     3     2097
17     197     33     2239
18     132     11     11768
19     194     25     3708
20     184     16     587
21     25     24     4962
22     184     34     12478
23     41     15     2728
24     194     45     1632
25     85     18     14215
26     99     12     1844
27     157     39     12856
28     117     27     2110
29     94     21     8611
30     99     19     921
31     29     35     7564
32     70     8     790
33     109     29     8060
34     40     2     10
35     37     3     3951
36     123     3     15345
37     54     41     2510
38     137     37     6113
39     5     29     10253
40     169     42     3101
41     63     30     2862
42     51     25     4043
43     108     4     3474
44     2     40     2173
45     140     31     12371
46     147     27     2275
47     81     36     718
48     17     27     1928
49     28     44     9262
50     40     8     375
51     4     29     10593
52     64     45     153
53     79     33     10324
54     65     4     258
55     15     11     4629
56     189     8     11954
57     98     28     744
58     108     29     2147
59     194     13     10180
60     53     41     1844
61     72     27     2896
62     198     45     9448
63     105     11     2060
64     191     5     344
65     80     39     15430
66     73     35     2727
67     43     11     10934
68     147     2     549
69     151     44     5747
70     131     20     671
71     181     12     2803
72     86     39     4357
73     159     10     15181
74     189     27     3240
75     76     21     9961
76     128     28     3848
77     138     14     3518
78     15     24     11224
79     98     49     3846
80     91     19     9274
81     42     36     2927
82     169     41     9131
83     113     43     3849
84     15     8     4020
85     192     15     509
86     145     12     5822
87     67     26     1053
88     81     10     10457
89     173     49     3632
90     5     10     6950
91     95     16     3120
92     43     7     10336
93     48     3     744
94     190     38     9893
95     186     1     1946
96     177     19     8294
97     173     7     2456
98     93     46     11995
99     10     4     909
100     98     13     3503
101     154     3     11297
102     149     47     97
103     160     21     7364
104     39     7     3256
105     142     22     3579
106     62     29     8507
107     60     16     239
108     170     29     9682
109     54     37     549
110     59     46     1905
111     174     35     7226
112     157     7     15324
113     16     28     1747
114     160     47     12346
115     174     21     2742
116     116     37     5679
117     28     26     15019
118     80     20     2051
119     37     44     13488
120     153     14     236
121     51     26     15275
122     98     42     1628
123     191     11     7301
124     29     20     2505
125     115     13     14167
126     75     6     463
127     115     1     2592
128     12     17     7914
129     72     23     1772
130     71     11     4384
131     165     35     3704
132     112     6     8633
133     88     20     741
134     72     44     7608
135     179     16     411
136     65     41     10131
137     49     41     1472
138     83     39     14174
139     31     16     650
140     126     32     9642
141     168     35     1993
142     112     37     12376
143     23     22     3709
144     70     35     12492
145     49     47     3793
146     71     38     3365
147     76     35     14941
148     132     3     1014
149     198     44     11235
150     82     5     2962
151     122     35     14762
152     82     18     2529
153     95     5     6355
154     2     21     2558
155     98     40     6573
156     149     28     9882
157     85     16     1038
158     120     10     12830
159     38     36     3
160     77     4     10958
161     170     13     2504
162     169     23     6113
163     49     30     252
164     61     48     2567
165     77     41     9326
166     51     1     2871
167     99     13     13184
168     179     11     2449
169     193     10     14186
170     25     46     1144
171     117     28     14598
172     121     45     1193
173     170     38     3023
174     162     25     10819
175     76     23     53
176     70     14     12802
177     6     15     1663
178     194     44     743
179     79     37     4139
180     60     16     10506
181     65     11     2467
182     1     36     12500
183     84     32     3879
184     27     7     4175
185     46     28     13290
186     96     33     263
187     123     44     10758
188     126     1     1935
189     175     44     11216
190     119     7     101
191     186     23     2266
192     36     10     12702
193     90     32     2795
194     147     31     3120
195     89     29     7874
196     138     24     909
197     19     28     13734
198     146     30     6
199     113     10     2336
200     112     45     8129
201     139     46     3614
202     132     49     9105
203     20     33     2706
204     198     49     717
205     31     38     13100
206     157     4     2258
207     197     3     109
208     96     7     13275
209     97     31     2109
210     178     26     7023
211     9     12     10123
212     164     38     3165
213     99     4     9924
214     73     34     1376
215     91     28     11003
216     106     5     1140
217     94     14     8555
218     122     36     3685
219     195     13     11828
220     28     26     1041
221     92     8     5205
222     166     21     12073
223     150     45     869
224     109     4     9667
225     81     23     2178
226     191     14     9683
227     144     4     498
228     187     26     10736
229     73     48     3584
230     102     2     7932
231     100     28     1292
232     104     21     4181
233     52     18     12953
234     108     33     2002
235     148     4     14301
236     130     16     2182
237     147     38     6240
238     79     25     995
239     122     5     13073
240     34     12     2668
241     158     43     3307
242     195     35     9289
243     12     48     3844
244     61     49     582
245     31     2     13686
246     102     46     2692
247     177     44     2843
248     98     5     8379
249     138     49     2449
250     100     11     6926
251     184     16     9375
252     171     45     391
253     184     13     9480
254     82     6     1425
255     109     31     2851
256     161     10     7424
257     34     4     5487
258     86     21     3044
259     71     15     137
260     124     24     4854
261     31     38     14201
262     101     19     1369
263     92     7     14577
264     171     30     315
265     47     26     10236
266     128     34     1272
267     138     29     11750
268     114     4     1051
269     81     23     13124
270     37     12     2465
271     186     49     4692
272     130     9     13095
273     4     2     2868
274     25     26     13908
275     3     21     2962
276     149     34     14996
277     123     32     3256
278     25     28     8274
279     61     48     3193
280     123     36     7322
281     100     29     6000
282     107     20     10436
283     36     35     3331
284     112     24     449
285     43     36     8039
286     141     35     3117
287     163     11     13010
288     109     12     21
289     45     38     11469
290     144     14     2615
291     185     26     4611
292     95     17     8639
293     106     47     1290
294     192     39     2365
295     157     15     13313
296     100     19     7
297     127     25     5302
298     101     29     9460
299     177     31     252
300     146     7     4191
