30.000     30886     29971.5
30.001     31005     29971.5
30.001     31014     29971.5
30.000     30985     29971.5
30.001     31004     29971.5
30.001     31004     29971.5
30.000     30985     29971.5
30.001     31014     29971.5
30.001     31005     29971.5
30.001     31005     29971.5
             
30.000     31426     30391
30.000     31393     30391
30.000     31453     30391
30.000     31439     30391
30.000     31439     30391
30.000     31439     30391
30.000     31439     30391
30.000     31453     30391
30.000     31393     30391
30.000     31426     30391
             
30.000     29960     29344
30.000     29958     29344
30.000     29954     29344
30.000     30055     29344
30.001     30055     29344
30.001     30055     29344
30.000     30055     29344
30.000     29954     29344
30.000     29958     29344
30.000     29960     29344
             
30.000     33196     31749
30.000     33158     31749
30.000     33209     31749
30.000     33094     31749
30.000     33209     31749
30.000     33209     31749
30.000     33094     31749
30.000     33209     31749
30.000     33158     31749
30.000     33196     31749
             
30.000     30990     30261.5
30.001     30986     30261.5
30.000     31074     30261.5
30.000     31074     30261.5
30.000     31074     30261.5
30.000     31074     30261.5
30.000     31074     30261.5
30.000     31074     30261.5
30.001     30986     30261.5
30.001     30990     30261.5
             
30.001     31184     30138.5
30.001     31187     30138.5
30.001     31224     30138.5
30.001     31211     30138.5
30.001     31224     30138.5
30.001     31224     30138.5
30.001     31211     30138.5
30.001     31224     30138.5
30.001     31187     30138.5
30.001     31187     30138.5
             
30.001     28849     28230.5
30.000     28847     28230.5
30.000     28790     28230.5
30.000     28830     28230.5
30.000     28830     28230.5
30.000     28830     28230.5
30.000     28830     28230.5
30.000     28790     28230.5
30.000     28847     28230.5
30.001     28849     28230.5
             
30.000     30468     29656.5
30.000     30474     29656.5
30.000     30369     29656.5
30.002     30474     29656.5
30.002     30474     29656.5
30.002     30474     29656.5
30.002     30474     29656.5
30.000     30369     29656.5
30.000     30474     29656.5
30.000     30474     29656.5
             
30.000     31989     30902.5
30.000     31983     30902.5
30.000     31989     30902.5
30.001     31972     30902.5
30.001     31972     30902.5
30.001     31972     30902.5
30.001     31972     30902.5
30.000     31989     30902.5
30.000     31983     30902.5
30.000     31989     30902.5
             
30.000     31147     30161
30.000     31174     30161
30.001     31026     30161
30.001     31251     30161
30.001     31251     30161
30.001     31251     30161
30.001     31251     30161
30.001     31026     30161
30.000     31174     30161
30.000     31174     30161
             
