30.025     30823     29971.5
30.032     30881     29971.5
30.033     30785     29971.5
30.002     30680     29971.5
30.018     30680     29971.5
30.018     30680     29971.5
30.002     30680     29971.5
30.033     30785     29971.5
30.032     30881     29971.5
30.032     30881     29971.5
             
30.007     31011     30391
30.024     31169     30391
30.015     31099     30391
30.026     31089     30391
30.026     31089     30391
30.026     31089     30391
30.026     31089     30391
30.015     31099     30391
30.024     31169     30391
30.024     31169     30391
             
30.003     29850     29344
30.018     29925     29344
30.010     29796     29344
30.012     29851     29344
30.014     29866     29344
30.014     29866     29344
30.012     29851     29344
30.010     29796     29344
30.018     29925     29344
30.018     29925     29344
             
30.004     32670     31749
30.002     32606     31749
30.030     32726     31749
30.015     32670     31749
30.030     32726     31749
30.030     32726     31749
30.015     32670     31749
30.030     32726     31749
30.002     32606     31749
30.004     32670     31749
             
30.038     30956     30261.5
30.031     30926     30261.5
30.035     30860     30261.5
30.005     30874     30261.5
30.035     30874     30261.5
30.035     30874     30261.5
30.005     30874     30261.5
30.035     30860     30261.5
30.031     30926     30261.5
30.038     30956     30261.5
             
30.029     30849     30138.5
30.011     30878     30138.5
30.035     30850     30138.5
30.034     30993     30138.5
30.035     30993     30138.5
30.035     30993     30138.5
30.034     30993     30138.5
30.035     30850     30138.5
30.011     30878     30138.5
30.029     30878     30138.5
             
30.017     28630     28230.5
30.037     28702     28230.5
30.025     28652     28230.5
30.020     28639     28230.5
30.025     28652     28230.5
30.025     28652     28230.5
30.020     28639     28230.5
30.025     28652     28230.5
30.037     28702     28230.5
30.037     28702     28230.5
             
30.003     30384     29656.5
30.023     30474     29656.5
30.009     30232     29656.5
30.008     30369     29656.5
30.010     30369     29656.5
30.010     30369     29656.5
30.008     30369     29656.5
30.009     30232     29656.5
30.023     30474     29656.5
30.023     30474     29656.5
             
30.037     31659     30902.5
30.032     31738     30902.5
30.034     31715     30902.5
30.024     31731     30902.5
30.024     31731     30902.5
30.024     31731     30902.5
30.024     31731     30902.5
30.034     31715     30902.5
30.032     31738     30902.5
30.037     31738     30902.5
             
30.004     30962     30161
30.024     30660     30161
30.020     30772     30161
30.007     30802     30161
30.020     30802     30161
30.020     30802     30161
30.007     30802     30161
30.020     30772     30161
30.024     30660     30161
30.024     30962     30161
             
