10.031     2593     2562
10.005     2589     2562
10.005     2589     2562
10.031     2562     2562
10.031     2562     2562
10.031     2562     2562
10.031     2562     2562
10.005     2589     2562
10.005     2589     2562
10.005     2589     2562
             
0.063     2736     2736
0.109     2736     2736
0.109     2736     2736
0.063     2736     2736
0.109     2736     2736
0.109     2736     2736
0.063     2736     2736
0.109     2736     2736
0.109     2736     2736
0.063     2736     2736
             
10.001     2464     2260
10.031     2456     2260
10.031     2456     2260
10.001     2487     2260
10.031     2456     2260
10.031     2456     2260
10.001     2487     2260
10.031     2456     2260
10.031     2456     2260
10.001     2456     2260
             
0.015     2665     2665
0.016     2665     2665
0.016     2665     2665
0.015     2665     2665
0.016     2665     2665
0.016     2665     2665
0.015     2665     2665
0.016     2665     2665
0.016     2665     2665
0.015     2665     2665
             
0     2851     2851
0     2851     2851
0     2851     2851
0     2851     2851
0     2851     2851
0     2851     2851
0     2851     2851
0     2851     2851
0     2851     2851
0     2851     2851
             
0.329     2736     2736
0.141     2736     2736
0.141     2736     2736
0.329     2736     2736
0.329     2736     2736
0.329     2736     2736
0.329     2736     2736
0.141     2736     2736
0.141     2736     2736
0.141     2736     2736
             
0.062     2707     2707
0.063     2707     2707
0.063     2707     2707
0.062     2707     2707
0.063     2707     2707
0.063     2707     2707
0.062     2707     2707
0.063     2707     2707
0.063     2707     2707
0.062     2707     2707
             
10.001     2632     2456.25
10.031     2641     2456.25
10.031     2632     2456.25
10.001     2632     2456.25
10.031     2633     2456.25
10.031     2633     2456.25
10.001     2632     2456.25
10.031     2632     2456.25
10.031     2641     2456.25
10.001     2632     2456.25
             
0.015     2620     2620
0.016     2620     2620
0.016     2620     2620
0.015     2620     2620
0.016     2620     2620
0.016     2620     2620
0.015     2620     2620
0.016     2620     2620
0.016     2620     2620
0.015     2620     2620
             
0.14     2571     2571
0.266     2571     2571
0.266     2571     2571
0.14     2571     2571
0.266     2571     2571
0.266     2571     2571
0.14     2571     2571
0.266     2571     2571
0.266     2571     2571
0.14     2571     2571
             
