10.001     2724     2562
10.016     2724     2562
10.016     2724     2562
10.001     2724     2562
10.016     2724     2562
10.016     2724     2562
10.001     2724     2562
10.016     2724     2562
10.016     2724     2562
10.016     2724     2562
             
10.016     2843     2736
10.016     2843     2736
10.016     2843     2736
10.016     2843     2736
10.016     2843     2736
10.016     2843     2736
10.016     2843     2736
10.016     2843     2736
10.016     2843     2736
10.016     2843     2736
             
10.001     2618     2260
10.016     2619     2260
10.016     2619     2260
10.001     2618     2260
10.016     2619     2260
10.016     2619     2260
10.001     2618     2260
10.016     2619     2260
10.016     2619     2260
10.016     2619     2260
             
0     2665     2665
0.015     2665     2665
0.015     2665     2665
0     2665     2665
0.015     2665     2665
0.015     2665     2665
0     2665     2665
0.015     2665     2665
0.015     2665     2665
0.015     2665     2665
             
0     2851     2851
0.016     2851     2851
0.016     2851     2851
0     2851     2851
0.016     2851     2851
0.016     2851     2851
0     2851     2851
0.016     2851     2851
0.016     2851     2851
0.016     2851     2851
             
10.001     2783     2736
10.016     2780     2736
10.016     2780     2736
10.001     2783     2736
10.016     2783     2736
10.016     2783     2736
10.001     2783     2736
10.016     2780     2736
10.016     2780     2736
10.016     2783     2736
             
10.016     2751     2707
10.016     2740     2707
10.016     2740     2707
10.016     2751     2707
10.016     2751     2707
10.016     2751     2707
10.016     2751     2707
10.016     2740     2707
10.016     2740     2707
10.016     2751     2707
             
10.016     2749     2456.25
10.016     2764     2456.25
10.016     2764     2456.25
10.016     2749     2456.25
10.016     2764     2456.25
10.016     2764     2456.25
10.016     2749     2456.25
10.016     2764     2456.25
10.016     2764     2456.25
10.016     2764     2456.25
             
0     2620     2620
0.015     2620     2620
0.015     2620     2620
0     2620     2620
0.015     2620     2620
0.015     2620     2620
0     2620     2620
0.015     2620     2620
0.015     2620     2620
0.015     2620     2620
             
10.016     2703     2571
10.016     2703     2571
10.016     2703     2571
10.016     2703     2571
10.016     2703     2571
10.016     2703     2571
10.016     2703     2571
10.016     2703     2571
10.016     2703     2571
10.016     2703     2571
             
