30.010     12080     11999
30.069     12081     11999
30.021     12115     11999
30.069     12081     11999
30.069     12115     11999
30.069     12115     11999
30.069     12081     11999
30.021     12115     11999
30.069     12081     11999
30.069     12081     11999
             
30.030     12211     12089
30.020     12216     12089
30.020     12241     12089
30.020     12216     12089
30.020     12241     12089
30.020     12241     12089
30.020     12216     12089
30.020     12241     12089
30.020     12216     12089
30.030     12216     12089
             
30.030     13280     12692
30.020     13302     12692
30.010     13221     12692
30.020     13302     12692
30.020     13302     12692
30.020     13302     12692
30.020     13302     12692
30.010     13221     12692
30.020     13302     12692
30.030     13302     12692
             
30.010     12048     11560
30.020     12012     11560
30.010     12035     11560
30.020     12012     11560
30.020     12035     11560
30.020     12035     11560
30.020     12012     11560
30.010     12035     11560
30.020     12012     11560
30.020     12048     11560
             
30.030     12274     11727.4
30.010     12276     11727.4
30.010     12335     11727.4
30.010     12276     11727.4
30.010     12335     11727.4
30.010     12335     11727.4
30.010     12276     11727.4
30.010     12335     11727.4
30.010     12276     11727.4
30.030     12276     11727.4
             
30.020     12319     11865.4
30.010     12287     11865.4
30.020     12343     11865.4
30.010     12287     11865.4
30.020     12343     11865.4
30.020     12343     11865.4
30.010     12287     11865.4
30.020     12343     11865.4
30.010     12287     11865.4
30.020     12319     11865.4
             
30.010     12351     12028
30.030     12377     12028
30.010     12325     12028
30.030     12377     12028
30.030     12377     12028
30.030     12377     12028
30.030     12377     12028
30.010     12325     12028
30.030     12377     12028
30.030     12377     12028
             
30.010     12400     12372
30.030     12435     12372
30.030     12435     12372
30.010     12381     12372
30.030     12435     12372
30.030     12435     12372
30.010     12381     12372
30.030     12435     12372
30.030     12435     12372
30.030     12435     12372
             
30.020     12538     12527
30.011     12548     12527
30.019     12538     12527
30.011     12548     12527
30.019     12548     12527
30.019     12548     12527
30.011     12548     12527
30.019     12538     12527
30.011     12548     12527
30.020     12548     12527
             
30.040     12286     12242
30.010     12286     12242
30.010     12286     12242
30.010     12286     12242
30.010     12286     12242
30.010     12286     12242
30.010     12286     12242
30.010     12286     12242
30.010     12286     12242
30.040     12286     12242
             
