30.030     12143     11999
30.009     12120     11999
30.010     12143     11999
30.009     12120     11999
30.010     12143     11999
30.010     12143     11999
30.009     12120     11999
30.010     12143     11999
30.009     12120     11999
30.030     12143     11999
             
30.040     12263     12089
30.050     12292     12089
30.050     12293     12089
30.050     12292     12089
30.050     12293     12089
30.050     12293     12089
30.050     12292     12089
30.050     12293     12089
30.050     12292     12089
30.050     12292     12089
             
30.030     13390     12692
30.070     13370     12692
30.040     13325     12692
30.070     13370     12692
30.070     13370     12692
30.070     13370     12692
30.070     13370     12692
30.040     13325     12692
30.070     13370     12692
30.070     13390     12692
             
30.010     12098     11560
30.020     12095     11560
30.040     12079     11560
30.020     12095     11560
30.040     12095     11560
30.040     12095     11560
30.020     12095     11560
30.040     12079     11560
30.020     12095     11560
30.020     12098     11560
             
30.040     12331     11727.4
30.040     12242     11727.4
30.040     12368     11727.4
30.040     12242     11727.4
30.040     12368     11727.4
30.040     12368     11727.4
30.040     12242     11727.4
30.040     12368     11727.4
30.040     12242     11727.4
30.040     12331     11727.4
             
30.040     12384     11865.4
30.020     12367     11865.4
30.020     12365     11865.4
30.020     12367     11865.4
30.020     12367     11865.4
30.020     12367     11865.4
30.020     12367     11865.4
30.020     12365     11865.4
30.020     12367     11865.4
30.040     12384     11865.4
             
30.050     12385     12028
30.020     12453     12028
30.030     12375     12028
30.020     12453     12028
30.030     12453     12028
30.030     12453     12028
30.020     12453     12028
30.030     12375     12028
30.020     12453     12028
30.050     12453     12028
             
30.040     12452     12372
30.050     12433     12372
30.010     12461     12372
30.050     12433     12372
30.050     12461     12372
30.050     12461     12372
30.050     12433     12372
30.010     12461     12372
30.050     12433     12372
30.050     12452     12372
             
30.040     12624     12527
30.010     12624     12527
30.040     12624     12527
30.040     12624     12527
30.040     12624     12527
30.040     12624     12527
30.040     12624     12527
30.040     12624     12527
30.010     12624     12527
30.040     12624     12527
             
30.030     12302     12242
30.020     12298     12242
30.010     12295     12242
30.020     12298     12242
30.020     12298     12242
30.020     12298     12242
30.020     12298     12242
30.010     12295     12242
30.020     12298     12242
30.030     12302     12242
             
