30.010     12143     11999
30.010     12120     11999
30.010     12141     11999
30.010     12120     11999
30.010     12141     11999
30.010     12141     11999
30.010     12120     11999
30.010     12141     11999
30.010     12120     11999
30.010     12143     11999
             
30.010     12262     12089
30.010     12277     12089
30.010     12254     12089
30.010     12277     12089
30.010     12277     12089
30.010     12277     12089
30.010     12277     12089
30.010     12254     12089
30.010     12277     12089
30.010     12277     12089
             
30.010     13297     12692
30.010     13320     12692
30.010     13274     12692
30.010     13320     12692
30.010     13320     12692
30.010     13320     12692
30.010     13320     12692
30.010     13274     12692
30.010     13320     12692
30.010     13320     12692
             
30.010     12137     11560
30.010     12092     11560
30.010     12087     11560
30.010     12092     11560
30.010     12092     11560
30.010     12092     11560
30.010     12092     11560
30.010     12087     11560
30.010     12092     11560
30.010     12137     11560
             
30.010     12383     11727.4
30.010     12293     11727.4
30.010     12315     11727.4
30.010     12293     11727.4
30.010     12315     11727.4
30.010     12315     11727.4
30.010     12293     11727.4
30.010     12315     11727.4
30.010     12293     11727.4
30.010     12383     11727.4
             
30.010     12376     11865.4
30.010     12324     11865.4
30.010     12388     11865.4
30.010     12388     11865.4
30.010     12388     11865.4
30.010     12388     11865.4
30.010     12388     11865.4
30.010     12388     11865.4
30.010     12324     11865.4
30.010     12376     11865.4
             
30.010     12399     12028
30.010     12396     12028
30.010     12400     12028
30.010     12396     12028
30.010     12400     12028
30.010     12400     12028
30.010     12396     12028
30.010     12400     12028
30.010     12396     12028
30.010     12399     12028
             
30.010     12459     12372
30.010     12459     12372
30.010     12482     12372
30.010     12459     12372
30.010     12482     12372
30.010     12482     12372
30.010     12459     12372
30.010     12482     12372
30.010     12459     12372
30.010     12459     12372
             
30.010     12624     12527
30.010     12600     12527
30.010     12624     12527
30.010     12600     12527
30.010     12624     12527
30.010     12624     12527
30.010     12600     12527
30.010     12624     12527
30.010     12600     12527
30.010     12624     12527
             
30.010     12275     12242
30.010     12303     12242
30.010     12295     12242
30.010     12303     12242
30.010     12303     12242
30.010     12303     12242
30.010     12303     12242
30.010     12295     12242
30.010     12303     12242
30.010     12303     12242
             
