1     184     35     3906
2     122     13     1350
3     70     29     2699
4     178     41     3646
5     151     49     2545
6     27     13     2206
7     93     30     1685
8     185     4     2413
9     112     7     5500
10     50     8     558
11     2     20     5124
12     62     16     1792
13     173     22     516
14     54     39     5968
15     75     41     1695
16     93     19     4167
17     69     36     573
18     160     40     6016
19     155     23     1296
20     110     30     1574
21     85     22     7591
22     127     15     1629
23     127     8     6462
24     107     16     1704
25     78     10     2894
26     91     4     2463
27     62     37     5240
28     115     24     732
29     50     7     7779
30     180     8     671
31     112     8     2795
32     62     20     1357
33     56     11     545
34     85     15     7201
35     68     12     1341
36     76     41     6569
37     63     13     1594
38     39     33     1071
39     182     6     1181
40     166     35     18
41     98     38     5048
42     147     40     443
43     109     3     2739
44     54     18     2009
45     35     18     5001
46     86     44     1478
47     1     9     199
48     156     12     5496
49     49     48     378
50     77     45     6851
51     90     8     183
52     31     31     1985
53     54     46     1679
54     185     4     1043
55     139     41     6692
56     140     13     636
57     63     43     960
58     105     30     5838
59     69     38     1526
60     185     28     443
61     83     3     6617
62     76     25     235
63     137     3     422
64     111     35     2539
65     173     29     3565
66     2     3     1439
67     131     30     2122
68     98     19     1603
69     142     45     3141
70     121     3     693
71     108     25     5861
72     136     2     72
73     198     45     724
74     86     35     735
75     179     1     2740
76     195     30     4733
77     155     17     888
78     170     40     5013
79     184     35     533
80     49     36     6956
81     194     15     11
82     173     30     4773
83     177     6     284
84     133     36     4821
85     100     48     587
86     69     19     2691
87     181     7     4812
88     197     26     171
89     64     20     3179
90     44     23     3814
91     148     40     7554
92     50     28     1020
93     44     12     5178
94     37     43     848
95     49     49     1138
96     35     12     515
97     53     19     6003
98     17     39     1455
99     120     42     7193
100     150     12     1628
101     37     19     841
102     169     15     3253
103     159     46     2588
104     21     9     7450
105     192     20     540
106     169     43     7191
107     111     42     783
108     96     2     615
109     47     48     4781
110     126     17     134
111     96     13     3022
112     143     11     6576
113     140     49     1086
114     47     26     5878
115     79     38     838
116     122     19     3682
117     163     39     1078
118     3     8     5840
119     36     28     1708
120     151     37     5602
121     185     5     376
122     86     35     6474
123     17     41     361
124     135     3     7243
125     155     30     783
126     13     10     7562
127     87     36     808
128     177     5     6949
129     11     16     775
130     64     34     784
131     177     47     5534
132     68     13     237
133     47     47     2062
134     166     9     582
135     167     35     996
136     168     45     4325
137     177     16     1734
138     170     46     2804
139     189     18     4059
140     133     18     193
141     131     47     3089
142     80     48     6511
143     190     11     1418
144     104     43     6243
145     140     46     1786
146     38     23     7221
147     62     44     369
148     199     37     4316
149     153     43     940
150     89     13     1010
151     7     26     3552
152     106     33     3659
153     84     49     2675
154     23     10     630
155     132     2     866
156     107     23     3599
157     17     29     3364
158     3     19     634
159     160     49     60
160     187     11     1056
161     82     36     7676
162     105     42     183
163     107     41     3707
164     102     12     5168
165     52     31     562
166     139     45     1505
167     194     9     2803
168     33     20     14
169     164     22     1923
170     189     19     2755
171     83     37     4168
172     29     5     1855
173     10     12     4515
174     97     38     441
175     88     14     7786
176     173     33     973
177     127     6     2819
178     116     6     4837
179     124     3     823
180     99     12     5896
181     80     14     1203
182     27     28     1478
183     84     11     671
184     177     18     4269
185     133     35     1313
186     128     5     7792
187     109     16     586
188     143     49     3187
189     29     42     6431
190     129     2     1122
191     39     27     3201
192     150     7     2023
193     25     6     5449
194     112     15     1142
195     114     29     7256
196     154     5     1889
197     87     42     3304
198     152     45     6923
199     117     30     1895
200     73     21     1925
201     127     21     6144
202     118     38     1490
203     191     37     5979
204     102     26     1497
205     106     18     1340
206     124     15     3056
207     170     10     2348
208     65     4     3892
209     15     37     1050
210     180     40     2003
211     74     48     2092
212     129     35     2920
213     108     40     2983
214     114     13     5276
215     171     25     1871
216     143     48     4906
217     153     22     1083
218     135     4     1971
219     13     13     1937
220     75     11     1685
221     172     42     486
222     9     43     5275
223     11     37     1869
224     88     18     5604
225     66     46     334
226     179     43     3310
227     21     24     7298
228     150     40     1031
229     163     4     154
230     110     22     7386
231     168     20     1329
232     90     31     5845
233     153     19     368
234     115     46     5793
235     48     30     235
236     135     25     3839
237     124     45     2256
238     6     35     1186
239     85     22     4680
240     74     6     1104
241     174     17     1070
242     52     11     6894
243     44     18     1375
244     75     8     7365
245     53     25     1430
246     129     10     957
247     105     28     20
248     29     4     1969
249     13     6     4471
250     29     37     329
251     83     15     4466
252     119     14     1457
253     107     26     3506
254     78     4     4840
255     107     14     1333
256     26     21     4944
257     106     9     1935
258     181     22     6200
259     59     25     166
260     140     22     152
261     90     45     2536
262     18     13     5173
263     149     38     215
264     53     5     5058
265     95     31     1526
266     148     47     732
267     51     43     7750
268     166     1     1889
269     130     36     2767
270     66     23     152
271     6     41     4678
272     122     14     1048
273     150     28     7584
274     186     21     829
275     164     43     278
276     128     9     184
277     164     6     5677
278     125     19     1434
279     3     37     5744
280     18     19     1220
281     63     7     4906
282     169     35     325
283     170     17     7758
284     72     3     874
285     144     38     803
286     89     8     4635
287     106     2     1600
288     66     33     2905
289     115     10     5342
290     40     9     786
291     3     14     3045
292     94     24     2051
293     83     46     4289
294     157     18     804
295     134     36     7505
296     133     12     1681
297     34     21     3171
298     77     20     2875
299     195     37     5964
300     158     30     599
