1       10        3      103
2       11        5        8
3       10        3       72
4        4        5       14
5       13        3       70
6       15        5      136
7        7        1       37
8       12        7       98
9       13        9       11
10       12        2       63
11       15        5      140
12        7        1      110
13        4        3      102
14       12        4       86
15       14        6       80
16        5        7       67
17       11        4       21
18        9        6       81
19       15        9      127
20       14        4       34
21        4        1       20
22        8        8      127
23       14        8       41
24        7        8       38
25        6        5       62
26        4        8       51
27       13        3        4
28       10        1       73
29       13        4      140
30       12        1      128
31        7        5       48
32       15        4      124
33        6        2       67
34        7        9        1
35        8        5      103
36        8        7       36
37       13        5       80
38        8        5       65
39        8        3       99
40       13        8      133
41        7        9       21
42        7        6       99
43        7        9       63
44        9        2       94
45       14        5      135
46        3        6       70
47        7        4       43
48       12        3       74
49        4        4       77
50        9        9       85
51        4        5      142
52       13        2       71
53        5        7       97
54        5        2       90
55       11        6       23
56       14        9      121
57        9        2       84
58        7        2       22
59       12        6       76
60        5        5       65
61       10        4      130
62        7        2       21
63        5        5       99
64       15        3       10
65        7        2       72
66       11        3       93
67       11        5       29
68       10        9       94
69        9        3       80
70        6        9        6
71        5        1       38
72       10        7       92
73        9        4        1
74        8        6      114
75       13        2      119
76        4        9       81
77        7        3      139
78       14        7       70
79        3        6       29
80        6        3       93
81        9        7       13
82        3        8      129
83       14        8      113
84       12        9      138
85        3        9       86
86        9        5       50
87        3        5      103
88        8        6       78
89        8        2      123
90        9        9        9
91       10        4       50
92       12        7       46
93        4        7       20
94       13        9       28
95        7        9       51
96       11        6       12
97       12        1      109
98        7        5      106
99       12        6       18
100        7        7       57
