1     25     114     1524
2     17     150     120
3     16     96     568
4     26     167     17
5     28     175     509
6     24     71     1563
7     40     47     171
8     49     16     815
9     16     16     243
10     20     33     455
11     20     153     589
12     40     128     1583
13     30     162     215
14     49     181     731
15     38     29     569
16     44     52     1360
17     31     65     161
18     4     131     362
19     2     144     753
20     7     59     1428
21     25     57     342
22     18     44     1425
23     13     66     104
24     20     44     45
25     45     174     1395
26     28     80     290
27     16     116     467
28     47     25     1441
29     42     199     4
30     31     109     354
31     47     36     480
32     42     5     401
33     49     103     648
34     8     169     878
35     1     185     9
36     46     9     276
37     33     46     1330
38     12     81     288
39     34     197     959
40     20     86     167
41     33     17     940
42     1     171     367
43     30     123     676
44     48     177     51
45     29     119     511
46     38     161     976
47     30     94     126
48     24     85     1514
49     40     26     111
50     19     32     378
51     40     62     1044
52     28     98     195
53     32     133     220
54     9     165     1108
55     36     175     277
56     3     161     298
57     43     10     409
58     2     118     101
59     47     53     994
60     33     191     18
61     16     114     1249
62     10     45     1
63     37     91     337
64     10     167     1224
65     36     63     173
66     12     54     10
67     26     83     1544
68     1     128     188
69     48     165     1475
70     49     1     225
71     12     150     32
72     29     96     1003
73     24     91     325
74     16     149     1120
75     7     54     217
76     14     12     1480
77     4     20     258
78     3     39     470
79     12     189     778
80     1     33     970
81     43     52     34
82     26     101     281
83     39     134     544
84     20     102     425
85     13     135     29
86     27     134     309
87     49     96     845
88     40     23     258
89     33     138     893
90     14     172     234
91     27     34     1480
92     1     33     133
93     30     24     435
94     31     115     1187
95     13     115     229
96     33     83     649
97     29     139     740
98     35     178     1190
99     38     85     352
100     17     68     1511
101     30     52     351
102     12     158     109
103     13     132     990
104     4     198     10
105     10     13     1534
106     29     190     286
107     44     48     808
108     38     68     191
109     26     145     976
110     39     74     85
111     48     151     1113
112     39     180     187
113     36     108     576
114     6     130     498
115     7     117     1207
116     40     22     100
117     48     149     201
118     33     10     1141
119     38     185     19
120     8     36     1168
121     9     18     171
122     26     159     561
123     10     14     1032
124     11     82     222
125     23     151     684
126     17     50     983
127     6     68     198
128     20     69     1460
129     20     64     371
130     37     134     127
131     20     78     513
132     20     14     1249
133     41     152     10
134     16     23     816
135     25     53     61
136     19     127     155
137     21     183     368
138     26     32     1091
139     16     34     121
140     44     76     1512
141     47     122     287
142     30     128     784
143     18     137     389
144     9     49     1179
145     2     109     52
146     29     25     1308
147     4     37     106
148     5     43     201
149     24     51     1466
150     33     80     120
151     15     180     610
152     19     64     547
153     40     138     1279
154     41     13     22
155     5     58     1380
156     26     36     33
157     5     133     63
158     27     185     627
159     44     103     211
160     5     167     586
161     12     110     469
162     5     138     1158
163     20     145     315
164     8     132     1424
165     28     133     99
166     24     58     343
167     38     56     591
168     39     168     495
169     26     98     734
170     39     100     24
171     5     147     1324
172     35     166     278
173     30     140     934
174     28     16     92
175     14     161     1262
176     49     111     323
177     34     145     111
178     9     10     826
179     30     176     247
180     47     61     865
181     15     23     77
182     12     167     558
183     48     33     1558
184     21     193     396
185     11     164     514
186     29     174     1581
187     24     22     180
188     32     165     459
189     7     109     1219
190     46     94     297
191     32     156     1283
192     18     140     196
193     46     26     530
194     18     176     6
195     26     51     300
196     9     41     1043
197     34     188     73
198     28     88     570
199     46     146     633
200     40     60     512
201     39     29     46
202     38     75     1038
203     4     169     399
204     49     114     508
205     43     49     774
206     30     166     1226
207     35     57     19
208     47     180     1301
209     47     49     14
210     19     51     822
211     28     198     332
212     44     110     872
213     27     8     318
214     5     13     1292
215     27     76     325
216     8     140     250
217     36     39     619
218     4     141     1521
219     12     76     7
220     7     168     528
221     34     51     582
222     25     93     1066
223     48     34     391
224     38     60     707
225     26     111     282
226     13     89     1029
227     20     199     112
228     36     146     929
229     47     159     236
230     46     31     74
231     30     53     168
232     37     176     1118
233     28     10     107
234     43     141     536
235     46     176     141
236     32     20     759
237     29     177     944
238     37     2     340
239     7     133     953
240     11     38     141
241     2     169     601
242     17     160     1156
243     43     198     207
244     29     197     1087
245     48     57     192
246     16     94     1081
247     48     79     249
248     8     54     1500
249     26     27     32
250     19     192     636
251     5     13     1580
252     40     105     305
253     29     172     583
254     21     11     266
255     8     43     1425
256     36     140     99
257     10     99     1512
258     15     140     135
259     45     43     743
260     21     85     318
261     9     61     1434
262     43     185     124
263     27     29     1471
264     5     121     327
265     39     180     1501
266     49     167     281
267     12     104     1429
268     31     10     310
269     29     126     354
270     45     103     1124
271     23     32     38
272     16     69     264
273     8     121     1461
274     27     159     396
275     29     72     185
276     36     94     184
277     35     53     851
278     43     12     46
279     31     5     1112
280     26     151     185
281     36     159     16
282     43     178     1538
283     19     115     316
284     26     48     1154
285     49     1     135
286     47     137     125
287     38     44     1548
288     32     136     258
289     43     65     991
290     5     87     263
291     46     129     923
292     48     131     104
293     37     109     142
294     26     141     193
295     19     116     685
296     12     185     900
297     45     8     135
298     32     39     652
299     38     45     472
300     34     173     777
