30.054     2979     2891.6
30.034     2972     2891.6
30.034     2972     2891.6
30.067     2968     2891.6
30.067     2972     2891.6
30.067     2972     2891.6
30.067     2968     2891.6
30.034     2972     2891.6
30.034     2972     2891.6
30.054     2979     2891.6
             
30.018     3083     3005
30.036     3095     3005
30.001     3087     3005
30.002     3099     3005
30.003     3099     3005
30.003     3099     3005
30.002     3099     3005
30.001     3087     3005
30.036     3095     3005
30.036     3095     3005
             
30.409     3105     2985.8
30.020     3090     2985.8
30.003     3111     2985.8
30.034     3105     2985.8
30.171     3105     2985.8
30.171     3105     2985.8
30.034     3105     2985.8
30.003     3111     2985.8
30.020     3090     2985.8
30.409     3105     2985.8
             
30.034     3019     2911
30.003     3028     2911
30.003     3028     2911
30.007     3014     2911
30.007     3028     2911
30.007     3028     2911
30.007     3014     2911
30.003     3028     2911
30.003     3028     2911
30.034     3028     2911
             
30.004     3116     2965.2
30.345     3127     2965.2
30.006     3125     2965.2
30.019     3125     2965.2
30.019     3125     2965.2
30.019     3125     2965.2
30.019     3125     2965.2
30.006     3125     2965.2
30.345     3127     2965.2
30.345     3127     2965.2
             
30.002     2997     2927.4
30.003     2999     2927.4
30.003     2999     2927.4
30.002     2997     2927.4
30.003     2999     2927.4
30.003     2999     2927.4
30.002     2997     2927.4
30.003     2999     2927.4
30.003     2999     2927.4
30.003     2999     2927.4
             
30.019     3148     3046
30.035     3144     3046
30.016     3147     3046
30.019     3152     3046
30.019     3152     3046
30.019     3152     3046
30.019     3152     3046
30.016     3147     3046
30.035     3144     3046
30.035     3148     3046
             
30.004     3000     2924.2
30.004     2999     2924.2
30.409     3006     2924.2
30.019     3006     2924.2
30.285     3006     2924.2
30.285     3006     2924.2
30.019     3006     2924.2
30.409     3006     2924.2
30.004     2999     2924.2
30.004     3000     2924.2
             
30.020     3031     2911.4
30.957     3047     2911.4
30.957     3047     2911.4
30.003     3033     2911.4
30.957     3047     2911.4
30.957     3047     2911.4
30.003     3033     2911.4
30.957     3047     2911.4
30.957     3047     2911.4
30.957     3047     2911.4
             
30.035     2960     2881.2
30.035     2964     2881.2
30.004     2966     2881.2
30.034     2960     2881.2
30.034     2962     2881.2
30.034     2962     2881.2
30.034     2960     2881.2
30.004     2966     2881.2
30.035     2964     2881.2
30.035     2964     2881.2
             
