30.300     2966     2891.6
30.300     2966     2891.6
30.300     2966     2891.6
30.300     2966     2891.6
30.300     2966     2891.6
30.300     2966     2891.6
30.300     2966     2891.6
30.300     2966     2891.6
30.300     2966     2891.6
30.300     2966     2891.6
             
30.269     3080     3005
30.345     3075     3005
30.237     3074     3005
30.283     3083     3005
30.285     3083     3005
30.285     3083     3005
30.283     3083     3005
30.237     3074     3005
30.345     3075     3005
30.269     3075     3005
             
30.237     3101     2985.8
30.206     3100     2985.8
30.081     3092     2985.8
30.317     3104     2985.8
30.317     3104     2985.8
30.317     3104     2985.8
30.317     3104     2985.8
30.081     3092     2985.8
30.206     3100     2985.8
30.206     3100     2985.8
             
30.223     3010     2911
30.018     3015     2911
30.190     3025     2911
30.003     3024     2911
30.142     3030     2911
30.142     3030     2911
30.003     3024     2911
30.190     3025     2911
30.018     3015     2911
30.018     3010     2911
             
30.002     3132     2965.2
30.314     3124     2965.2
30.314     3124     2965.2
30.002     3132     2965.2
30.314     3132     2965.2
30.314     3132     2965.2
30.002     3132     2965.2
30.314     3124     2965.2
30.314     3124     2965.2
30.002     3124     2965.2
             
30.330     2997     2927.4
30.031     2996     2927.4
30.031     2996     2927.4
30.330     2997     2927.4
30.330     2997     2927.4
30.330     2997     2927.4
30.330     2997     2927.4
30.031     2996     2927.4
30.031     2996     2927.4
30.031     2996     2927.4
             
30.330     3137     3046
30.017     3137     3046
30.017     3137     3046
30.206     3144     3046
30.206     3144     3046
30.206     3144     3046
30.206     3144     3046
30.017     3137     3046
30.017     3137     3046
30.017     3137     3046
             
30.080     3004     2924.2
30.347     3006     2924.2
30.347     3006     2924.2
30.080     3004     2924.2
30.347     3006     2924.2
30.347     3006     2924.2
30.080     3004     2924.2
30.347     3006     2924.2
30.347     3006     2924.2
30.080     3004     2924.2
             
30.189     3025     2911.4
30.051     3026     2911.4
30.376     3026     2911.4
30.006     3030     2911.4
30.376     3030     2911.4
30.376     3030     2911.4
30.006     3030     2911.4
30.376     3026     2911.4
30.051     3026     2911.4
30.051     3025     2911.4
             
30.299     2961     2881.2
30.050     2948     2881.2
30.050     2948     2881.2
30.299     2961     2881.2
30.299     2961     2881.2
30.299     2961     2881.2
30.299     2961     2881.2
30.050     2948     2881.2
30.050     2948     2881.2
30.050     2948     2881.2
             
