50.315      4290    4235.5
50.252      4290    4235.5
50.144      4282    4235.5
50.549      4290    4235.5
50.732      4290    4235.5
50.518      4282    4235.5
50.315      4282    4235.5
50.252      4290    4235.5
50.144      4282    4235.5
50.549      4290    4235.5

50.159      4444      4406
50.009      4444      4406
51.831      4437      4406
50.237      4444      4406
50.377      4444      4406
50.159      4437      4406
50.009      4444      4406
51.831      4437      4406
50.237      4444      4406
50.377      4444      4406

50.511      4472      4402
50.237      4467      4402
50.066      4474      4402
50.242      4459      4402
50.049      4467      4402
50.511      4459      4402
50.237      4467      4402
50.066      4474      4402
50.242      4459      4402
50.049      4467      4402

50.471      4298      4253
50.128      4298      4253
50.665      4298      4253
50.206      4298      4253
50.393      4298      4253
50.471      4298      4253
50.128      4298      4253
50.665      4298      4253
50.206      4298      4253
50.393      4305      4253

50.022      4380      4330
50.206      4379      4330
50.534      4380      4330
50.143      4380      4330
50.335      4380      4330
50.022      4380      4330
50.206      4379      4330
50.534      4380      4330
50.143      4379      4330
50.335      4380      4330

50.05      4415    4361.5
50.05      4393    4361.5
50.049      4415    4361.5
50.275      4415    4361.5
50.362      4408    4361.5
50.05      4408    4361.5
50.05      4393    4361.5
50.049      4393    4361.5
50.275      4415    4361.5
50.362      4408    4361.5

50.018      4392      4349
50.226      4391      4349
50.143      4399      4349
50.034      4391      4349
50.034      4391      4349
50.018      4392      4349
50.226      4391      4349
50.143      4391      4349
50.034      4391      4349
50.034      4391      4349

50.103      4542    4449.5
50.456      4542    4449.5
50.299      4565    4449.5
50.446      4565    4449.5
50.362      4573    4449.5
50.103      4542    4449.5
50.456      4542    4449.5
50.299      4565    4449.5
50.446      4565    4449.5
50.362      4542    4449.5

50.534      4331    4289.5
50.581      4331    4289.5
50.335      4339    4289.5
50.597      4331    4289.5
50.002      4331    4289.5
50.534      4331    4289.5
50.581      4331    4289.5
50.335      4331    4289.5
50.597      4331    4289.5
50.002      4331    4289.5

50.33      4337      4284
50.007      4337      4284
50.519      4337      4284
50.299      4337      4284
50.025      4337      4284
50.33      4337      4284
50.007      4337      4284
50.519      4337      4284
50.299      4337      4284
50.025      4337      4284

