1       15        7      262
2        7        8       98
3       15        3      168
4       12        6       45
5        9        8      105
6        8        3      149
7       10        7        5
8       12        3       60
9       12        5       77
10        3        1       49
11       11        3      116
12        8        2      209
13        8        8       74
14        3        3      149
15       12        8       15
16       12        6      154
17        9        4      283
18        9        8      172
19        6        5       24
20       10        3       81
21       10        9       51
22       14        6      173
23       15        3       58
24       14        2       50
25       15        2      268
26        5        9       67
27        3        3      267
28        6        8      150
29       11        5      278
30        4        2       47
31        6        7      165
32        7        7      202
33       11        9      171
34        4        6      274
35        8        4      227
36       10        3       72
37       15        1        6
38        6        4       75
39       14        9      207
40        8        6      145
41        6        9      110
42       14        5       72
43        6        7      209
44       11        5      184
45       11        1      280
46        8        6      116
47        7        7      194
48        8        8      106
49        6        4      159
50       11        9       13
51       11        6      190
52        7        4      270
53       10        4      246
54        9        2      243
55        8        3       71
56        9        3      251
57       14        6      132
58       11        1       69
59       11        3       20
60        4        3      140
61       14        5       72
62        5        2        2
63       11        5      213
64        6        1      227
65       13        7      259
66       12        7      239
67       13        7      151
68        8        6      201
69        8        4       42
70        5        2      263
71        5        2      186
72        8        5       80
73        7        5        6
74        7        8       74
75       11        3      268
76       12        8      251
77        3        3      275
78       15        1      266
79        9        5      233
80        6        4      202
81       15        7       21
82       13        5       55
83       13        1       45
84        6        8      113
85       10        3       73
86       11        8      259
87        8        9       58
88        5        6       78
89       10        6      267
90        9        9      258
91        6        6      215
92        5        1      157
93       11        3       95
94        7        4      186
95       14        5      264
96        9        5      112
97        9        5      149
98        4        7       48
99       10        2      267
100       11        7      227
101       11        9      145
102        8        9       49
103       15        5      175
104        4        2      250
105       13        5      263
106        9        8      188
107        8        3       70
108       13        9      144
109       15        1      172
110       15        7       85
111        6        2      148
112       10        2      163
113        9        6      273
114       15        3        3
115        7        8      229
116       13        9       93
117       13        4      267
118       11        1       13
119        6        5      167
120        8        2      248
121       15        2      160
122       10        2      110
123        9        5      218
124        7        1      254
125        8        4      147
126        8        9       57
127        7        3       96
128       13        5      242
129        4        6      174
130        4        1       43
131       14        6      217
132        3        6       79
133       10        7       56
134       14        7      249
135       10        6      277
136       10        8       26
137       14        9      205
138       10        2      192
139       10        4       95
140       12        8       58
141       10        2      202
142       12        1      280
143       14        7        2
144       13        8      252
145        7        3      148
146        4        9       19
147       12        9       58
148       10        9       15
149        8        8      277
150        9        2      101
151        9        8      202
152        7        7      101
153        5        9      216
154        7        9      169
155       10        9      231
156       15        3      262
157       15        3      257
158       10        5       85
159       11        9      127
160        4        9      125
161       13        7      277
162        7        4      143
163       11        8      127
164        6        6      181
165        8        9      270
166       14        6      211
167        8        7      174
168       11        6       69
169       14        9       10
170        4        5      152
171       11        5       27
172       10        8      139
173       10        3      121
174       15        2       91
175       15        1       44
176        9        5      182
177       15        8      261
178        7        4       25
179       10        7       12
180        7        5       30
181       12        1       22
182        5        5      179
183        3        2      150
184        7        4       88
185        9        9      241
186       14        2       59
187       15        3      136
188       10        7      118
189       11        3       43
190       15        7      269
191       14        9       42
192       14        9       96
193       12        3      218
194       15        4       93
195       15        4      154
196       11        7      168
197       15        4       64
198        6        8      223
199       13        2      228
200        5        7      163
201        7        7      136
202       14        5      102
203        5        6      146
204       14        9      180
205       10        1      157
206       10        6      129
207        8        3      246
208       13        7      168
209        4        8      232
210        7        7       88
211        5        6      167
212       14        6      111
213        5        2      150
214        6        8      247
215        7        5        8
216       13        1      178
217       14        4       70
218        7        8       80
219        5        5      151
220        6        6      281
221        5        8       32
222        3        1       21
223        5        2      101
224        4        4      184
225       11        8       45
226        4        4      135
227        3        4       50
228        4        1       24
229       10        5      145
230       11        5      133
231        5        3      176
232        7        3      283
233       12        5       83
234       12        1      256
235        6        5      191
236       11        8      104
237        5        3      171
238        7        2      244
239       12        5      196
240        3        4       51
241        3        4      106
242       14        5       59
243       15        3      274
244        8        1      185
245       14        7      225
246        7        9       41
247        4        4      241
248        3        7      247
249       14        4      179
250       14        8      112
251       10        1      240
252        5        4      180
253       11        6      121
254        8        7       17
255       15        1      180
256       13        7       40
257       13        9      191
258        4        4      270
259        3        3       55
260       13        7      122
261       10        9      177
262       11        9      133
263        9        7      182
264        9        6      274
265       14        1      165
266        6        8      229
267        6        3       67
268        6        4      224
269       10        6      142
270       14        5       59
271        7        2       58
272        8        2       39
273       10        6      174
274        5        8      264
275        9        3      210
276       10        8      177
277       10        7       80
278        6        7      169
279        3        2      182
280       10        9       37
281       11        6       49
282       10        4      251
283       11        7      181
284        6        7       51
285       12        7       20
286        9        8       33
287        4        7      271
288       14        5      145
289       11        9       63
290       12        5      254
291        9        3       45
292        3        1      114
293        6        3       12
294       12        9      219
295       11        2      282
296       14        6       63
297        3        9      164
298       14        5       29
299       10        8      274
300        3        1      171
301        5        6      211
302       14        8      246
303       11        9      219
304       13        1      207
305        9        9      232
306       12        1      174
307        5        1       27
308       14        6      182
309        5        9      126
310        5        5      232
311        4        6      246
312        6        2      123
313       13        5      151
314       14        9      242
315       11        1      129
316        5        1      125
317        4        9       16
318        8        5      257
319       11        6      265
320        6        3      102
321        7        6      198
322       10        7      236
323        6        7       99
324       11        8      255
325        8        2       95
326       10        1      271
327       14        7       88
328       12        8      123
329       15        9      215
330        4        7      271
331       13        9      232
332        4        9      210
333       14        3        1
334       15        4        9
335       10        2       77
336        4        8       79
337       11        7      217
338       15        6      221
339       12        4        9
340        6        5       78
341        8        4       16
342        6        5      132
343       14        5      244
344        9        8       23
345        7        1      178
346       10        1      219
347        5        9      159
348       13        7      239
349       15        4      274
350        8        4      113
351       13        7      239
352       15        7       60
353       12        2      174
354        5        4      186
355        8        9      178
356        9        5      258
357        8        8       29
358       12        2       42
359        7        2        3
360        8        2      265
361        4        6       27
362        6        2      261
363        9        7      281
364        6        4      208
365        6        9      216
366        4        4      276
367       13        4      210
368        8        3      185
369        4        1      271
370        4        8      241
371        8        5        8
372        6        1      126
373       14        5      264
374        5        2      226
375        6        2      211
376        9        3       18
377       15        1      244
378        5        2      184
379        5        7      160
380       15        6      116
381       15        7      264
382        7        8      153
383        6        4      209
384        7        1       74
385        5        3      213
386        3        3      158
387       14        2      270
388        9        8      223
389       10        4       38
390       13        4      234
391        5        4      264
392        3        9       62
393       14        5       15
394       15        8      194
395       13        7       72
396        4        6      206
397        6        7       16
398       11        3      224
399       15        2      247
400        8        2      242
401       13        2      261
402       10        9      178
403       11        1       39
404        7        6      264
405        5        4       60
406        5        9      175
407       15        3      260
408       11        2      147
409       13        6       39
410        8        6      243
411       14        4        8
412        8        6      221
413       12        4       81
414       10        5       57
415        7        7       91
416        4        4       70
417       11        4       67
418        3        7      270
419        5        5      175
420       15        3      136
421       10        9      223
422        6        2        5
423       13        1      223
424        3        3      237
425       11        4       99
426        5        1      198
427        9        3      207
428       12        8      240
429        5        9      142
430       15        1       75
431       14        6      283
432        7        3      205
433        4        5      256
434        3        5      260
435       11        6      256
436        9        5       32
437        7        7      240
438        3        3       89
439       12        4      227
440        6        7       74
441        6        4       67
442       12        2      262
443        7        3      107
444       15        8      229
445        9        8      218
446        3        1       26
447       12        3      161
448       10        7       53
449        5        2       58
450       12        5      224
451        8        5      181
452       12        7       52
453       13        4      167
454       13        4       97
455        6        2       92
456       10        5      139
457       14        8       55
458        8        8       50
459        9        1      244
460        9        3      125
461       11        5       33
462        3        4      182
463        3        7      248
464        7        4       68
465       10        1       50
466        7        5       51
467       15        7      229
468        5        1      101
469       10        6      270
470        6        5      278
471       12        3      280
472       11        6        9
473       10        5      118
474       15        8       35
475       10        5       64
476        8        5       97
477        5        4      129
478        5        8      278
479        9        8      174
480        9        9      117
481        8        8      152
482       11        3      150
483       13        4      103
484        6        5       17
485       11        9      182
486       15        2      140
487       13        8      239
488       11        4       92
489       14        4      260
490        9        7      132
491       14        2      164
492        7        3      134
493       11        8      141
494       13        1      174
495       15        7      252
496        7        5       87
497       12        3      102
498       11        6      211
499       12        8      194
500       14        7       72
