50.002       819    815.25
51.112       821    815.25
51.362       823    815.25
50.523       823    815.25
50.346       821    815.25
50.002       819    815.25
51.112       821    815.25
51.362       823    815.25
50.523       819    815.25
50.346       821    815.25

50.222       814       810
51.347       815       810
52.134       814       810
52.049       815       810
50.972       814       810
50.222       814       810
51.347       815       810
52.134       814       810
52.049       815       810
50.972       814       810

51.821       813   807.625
50.05       812   807.625
52.018       812   807.625
50.721       812   807.625
50.322       812   807.625
51.821       812   807.625
50.05       812   807.625
52.018       812   807.625
50.721       812   807.625
50.322       812   807.625

51.909       799   795.875
50.69       800   795.875
52.117       798   795.875
50.659       800   795.875
51.862       798   795.875
51.909       799   795.875
50.69       800   795.875
52.117       798   795.875
50.659       798   795.875
51.862       800   795.875

50.659       793   787.625
50.352       794   787.625
52.191       793   787.625
50.862       793   787.625
50.616       793   787.625
50.659       793   787.625
50.352       793   787.625
52.191       793   787.625
50.862       793   787.625
50.616       793   787.625

50.502       851    842.25
50.815       850    842.25
50.612       850    842.25
50.898       850    842.25
50.315       850    842.25
50.502       850    842.25
50.815       850    842.25
50.612       850    842.25
50.898       850    842.25
50.315       850    842.25

50.393       818   811.625
50.257       818   811.625
51.096       818   811.625
51.206       818   811.625
50.596       819   811.625
50.393       818   811.625
50.257       818   811.625
51.096       818   811.625
51.206       820   811.625
50.596       818   811.625

51.179       818       812
50.69       817       812
51.206       816       812
51.116       816       812
51.316       816       812
51.179       816       812
50.69       817       812
51.206       816       812
51.116       817       812
51.316       816       812

50.127       840   833.625
50.815       841   833.625
51.383       841   833.625
50.705       840   833.625
50.581       841   833.625
50.127       840   833.625
50.815       840   833.625
51.383       841   833.625
50.705       840   833.625
50.581       840   833.625

50.523       811   805.375
50.643       811   805.375
51.175       812   805.375
51.331       811   805.375
50.116       811   805.375
50.523       811   805.375
50.643       811   805.375
51.175       811   805.375
51.331       811   805.375
50.116       811   805.375
