1     25     23     672
2     45     48     171
3     62     20     35
4     88     37     192
5     84     27     581
6     8     12     29
7     48     33     596
8     74     1     20
9     54     43     388
10     67     46     58
11     97     28     51
12     60     22     418
13     68     35     30
14     90     32     357
15     42     14     93
16     11     8     38
17     10     46     54
18     23     18     619
19     24     21     60
20     67     1     59
21     81     32     473
22     84     3     53
23     23     33     379
24     42     16     32
25     19     21     689
26     50     43     23
27     94     10     208
28     22     29     239
29     91     47     564
30     23     31     152
31     9     29     323
32     95     9     148
33     25     37     687
34     21     2     71
35     86     19     141
36     29     31     435
37     72     15     92
38     70     18     74
39     64     32     10
40     65     25     161
41     57     39     376
42     7     13     27
43     75     16     147
44     38     36     429
45     95     32     85
46     91     22     180
47     97     32     686
48     69     34     37
49     94     40     446
50     37     37     4
