1     95     97     372
2     12     99     121
3     11     65     80
4     63     86     724
5     48     51     140
6     50     154     195
7     93     143     368
8     3     92     116
9     27     14     586
10     28     49     815
11     56     78     190
12     43     76     845
13     28     26     42
14     78     73     573
15     56     139     1065
16     41     5     31
17     12     154     33
18     19     130     1097
19     4     28     262
20     78     30     823
21     51     5     95
22     62     166     441
23     71     136     1137
24     12     112     51
25     73     132     397
26     17     174     512
27     3     99     854
28     95     141     8
29     89     127     274
30     15     166     728
31     12     124     275
32     40     16     859
33     86     193     218
34     76     14     442
35     5     39     37
36     24     115     1183
37     72     34     102
38     18     45     849
39     72     26     250
40     92     15     738
41     13     39     29
42     85     84     76
43     34     127     714
44     15     15     205
45     44     133     48
46     6     30     224
47     95     2     50
48     46     178     21
49     93     34     800
50     39     58     180
51     10     136     763
52     63     105     246
53     90     158     765
54     70     84     136
55     72     67     158
56     84     197     542
57     20     27     287
58     23     165     1115
59     78     170     71
60     92     85     29
61     62     29     424
62     60     192     13
63     63     32     897
64     51     50     113
65     16     2     29
66     59     31     544
67     64     147     1119
68     67     130     69
69     8     135     1027
70     64     79     212
71     84     130     986
72     1     147     146
73     88     60     546
74     87     113     860
75     5     154     170
76     15     92     38
77     96     52     554
78     13     89     180
79     34     84     1075
80     14     23     80
81     78     70     264
82     25     72     71
83     34     108     105
84     94     145     261
85     8     20     1081
86     37     149     247
87     93     106     733
88     64     9     211
89     99     177     103
90     10     146     14
91     94     140     236
92     2     119     382
93     19     189     629
94     3     85     292
95     15     38     856
96     18     103     132
97     1     135     558
98     78     52     127
99     92     81     1075
100     20     126     249
101     63     167     452
102     51     142     1183
103     6     90     141
104     5     169     361
105     59     141     1121
106     38     154     17
107     92     164     246
108     50     149     535
109     7     19     806
110     11     76     266
111     19     4     59
112     15     175     869
113     71     149     126
114     3     95     710
115     38     15     134
116     21     197     1054
117     39     30     56
118     29     127     192
119     88     140     912
120     43     92     266
121     15     84     467
122     59     194     215
123     5     190     194
124     46     191     794
125     70     177     113
126     63     117     496
127     79     72     738
128     34     143     119
129     67     153     669
130     56     110     137
131     29     10     965
132     75     108     100
133     79     125     246
134     31     156     205
135     91     21     444
136     36     198     560
137     11     102     404
138     81     155     1025
139     5     164     163
140     36     166     1126
141     48     199     285
142     9     195     1141
143     51     97     234
144     15     49     239
145     43     108     908
146     48     159     120
147     13     144     169
148     97     158     58
149     73     47     1104
150     18     21     58
151     99     161     333
152     23     8     453
153     29     4     915
154     40     93     131
155     91     21     981
156     77     47     23
157     78     19     349
158     62     6     730
159     84     141     277
160     95     116     896
161     8     159     72
162     14     24     378
163     39     49     100
164     46     198     468
165     2     70     474
166     62     193     503
167     89     42     875
168     65     181     174
169     38     118     1111
170     80     47     215
171     91     139     15
172     9     78     329
173     71     62     995
174     65     1     137
175     46     100     801
176     76     175     193
177     41     53     1085
178     52     97     72
179     6     102     101
180     13     187     290
181     27     84     1098
182     92     30     121
183     62     176     491
184     2     118     400
185     29     137     637
186     23     186     209
187     24     154     1101
188     34     184     167
189     52     6     735
190     61     21     289
191     15     190     192
192     67     113     761
193     75     4     25
194     94     173     167
195     78     129     68
196     35     170     794
197     66     87     212
198     42     3     474
199     75     124     645
200     67     174     193
