30.110     6147     5878.8
30.078     6141     5878.8
30.084     6127     5878.8
30.020     6130     5878.8
30.084     6130     5878.8
30.084     6130     5878.8
30.020     6130     5878.8
30.084     6127     5878.8
30.078     6141     5878.8
30.110     6147     5878.8
             
30.048     6576     6219.8
30.002     6607     6219.8
30.048     6609     6219.8
30.017     6583     6219.8
30.048     6609     6219.8
30.048     6609     6219.8
30.017     6583     6219.8
30.048     6609     6219.8
30.002     6607     6219.8
30.048     6607     6219.8
             
30.064     6039     5771.4
30.018     6053     5771.4
30.095     6038     5771.4
30.004     6032     5771.4
30.095     6038     5771.4
30.095     6038     5771.4
30.004     6032     5771.4
30.095     6038     5771.4
30.018     6053     5771.4
30.064     6053     5771.4
             
30.003     5882     5751
30.017     5883     5751
30.050     5863     5751
30.002     5870     5751
30.019     5884     5751
30.019     5884     5751
30.002     5870     5751
30.050     5863     5751
30.017     5883     5751
30.017     5883     5751
             
30.079     5991     5780
30.063     5971     5780
30.065     5987     5780
30.064     5996     5780
30.065     5996     5780
30.065     5996     5780
30.064     5996     5780
30.065     5987     5780
30.063     5971     5780
30.079     5991     5780
             
30.081     6232     6086
30.019     6197     6086
30.002     6211     6086
30.017     6221     6086
30.017     6221     6086
30.017     6221     6086
30.017     6221     6086
30.002     6211     6086
30.019     6197     6086
30.081     6232     6086
             
0.093     6326     6326
0.11     6326     6326
0.078     6326     6326
0.141     6326     6326
0.141     6326     6326
0.141     6326     6326
0.141     6326     6326
0.078     6326     6326
0.11     6326     6326
0.11     6326     6326
             
30.081     6375     6280
30.049     6382     6280
30.097     6377     6280
30.048     6370     6280
30.048     6370     6280
30.048     6370     6280
30.048     6370     6280
30.097     6377     6280
30.049     6382     6280
30.081     6382     6280
             
30.082     6021     5984
30.003     5996     5984
30.034     6000     5984
30.033     6000     5984
30.062     6017     5984
30.062     6017     5984
30.033     6000     5984
30.034     6000     5984
30.003     5996     5984
30.082     6021     5984
             
30.017     5982     5772
30.097     5982     5772
30.064     5983     5772
30.096     5982     5772
30.096     5983     5772
30.096     5983     5772
30.096     5982     5772
30.064     5983     5772
30.097     5982     5772
30.097     5982     5772
             
