1     24     13     195
2     55     9     327
3     13     17     50
4     22     4     406
5     11     35     85
6     30     42     349
7     80     46     85
8     2     29     363
9     18     8     75
10     34     28     229
11     74     9     66
12     51     11     19
13     17     26     433
14     57     3     89
15     36     28     326
16     20     7     104
17     40     14     378
18     33     8     16
19     44     14     428
20     1     42     85
21     22     16     327
22     54     26     11
23     70     29     210
24     87     1     171
25     74     41     408
26     84     20     30
27     25     46     260
28     21     14     104
29     31     25     335
30     25     14     52
31     99     8     170
32     6     4     362
33     97     37     17
34     11     31     57
35     92     13     201
36     47     12     226
37     3     46     53
38     83     45     192
39     12     32     272
40     94     29     79
41     77     36     11
42     46     29     400
43     47     49     80
44     10     31     55
45     59     30     279
46     45     24     70
47     94     12     211
48     34     4     21
49     84     48     254
50     62     2     70
51     27     14     284
52     77     47     7
53     49     2     161
54     68     13     416
55     94     17     102
56     86     9     55
57     97     40     285
58     44     21     48
59     8     45     124
60     57     27     365
61     47     15     11
62     5     8     333
63     8     8     55
64     44     38     144
65     26     8     307
66     61     34     17
67     22     30     391
68     14     8     8
69     93     29     50
70     81     8     180
71     59     34     145
72     5     36     94
73     50     7     314
74     5     7     60
75     45     38     441
76     45     24     47
77     30     1     278
78     45     25     73
79     64     25     407
80     61     15     93
81     14     28     331
82     23     30     83
83     88     1     42
84     54     46     272
85     71     29     16
86     66     49     405
87     23     7     14
88     32     41     61
89     44     19     138
90     21     22     229
91     25     17     24
92     28     14     153
93     34     37     288
94     45     48     108
95     60     31     42
96     8     46     314
97     3     46     74
98     62     21     332
99     12     1     77
100     93     4     373
