50.000     3156     3009.63
50.001     3158     3009.63
50.001     3158     3009.63
50.000     3156     3009.63
50.001     3158     3009.63
50.001     3158     3009.63
50.000     3156     3009.63
50.001     3158     3009.63
50.001     3158     3009.63
50.001     3158     3009.63
             
50.002     3203     3065.5
50.000     3196     3065.5
50.000     3196     3065.5
50.002     3203     3065.5
50.002     3203     3065.5
50.002     3203     3065.5
50.002     3203     3065.5
50.000     3196     3065.5
50.000     3196     3065.5
50.002     3203     3065.5
             
50.000     3221     3087.88
50.003     3217     3087.88
50.003     3217     3087.88
50.000     3221     3087.88
50.003     3221     3087.88
50.003     3221     3087.88
50.000     3221     3087.88
50.003     3217     3087.88
50.003     3217     3087.88
50.003     3221     3087.88
             
50.002     3172     3051.5
50.001     3169     3051.5
50.001     3169     3051.5
50.002     3172     3051.5
50.002     3172     3051.5
50.002     3172     3051.5
50.002     3172     3051.5
50.001     3169     3051.5
50.001     3169     3051.5
50.002     3172     3051.5
             
50.002     3155     3045.25
50.000     3166     3045.25
50.000     3166     3045.25
50.002     3155     3045.25
50.002     3166     3045.25
50.002     3166     3045.25
50.002     3155     3045.25
50.000     3166     3045.25
50.000     3166     3045.25
50.002     3166     3045.25
             
50.001     3179     3030.63
50.000     3178     3030.63
50.000     3178     3030.63
50.001     3179     3030.63
50.001     3179     3030.63
50.001     3179     3030.63
50.001     3179     3030.63
50.000     3178     3030.63
50.000     3178     3030.63
50.001     3179     3030.63
             
50.001     3220     3106.88
50.002     3223     3106.88
50.002     3223     3106.88
50.001     3220     3106.88
50.002     3223     3106.88
50.002     3223     3106.88
50.001     3220     3106.88
50.002     3223     3106.88
50.002     3223     3106.88
50.002     3223     3106.88
             
50.000     3250     3104.63
50.000     3255     3104.63
50.000     3255     3104.63
50.000     3250     3104.63
50.000     3255     3104.63
50.000     3255     3104.63
50.000     3250     3104.63
50.000     3255     3104.63
50.000     3255     3104.63
50.000     3255     3104.63
             
50.000     3141     3008.88
50.000     3133     3008.88
50.000     3133     3008.88
50.000     3141     3008.88
50.000     3141     3008.88
50.000     3141     3008.88
50.000     3141     3008.88
50.000     3133     3008.88
50.000     3133     3008.88
50.000     3141     3008.88
             
50.002     3324     3151.38
50.001     3317     3151.38
50.001     3317     3151.38
50.002     3324     3151.38
50.002     3324     3151.38
50.002     3324     3151.38
50.002     3324     3151.38
50.001     3317     3151.38
50.001     3317     3151.38
50.002     3324     3151.38
             
