1       11        1       34
2       15        7       49
3        7        1       24
4       15        1       28
5       13        9        5
6        3        5       47
7        3        5       27
8        3        6       53
9       13        3        9
10        4        8       51
11        8        4       30
12       14        5       35
13        8        1       40
14        4        7       45
15        4        2       23
16       10        3       19
17       14        6        0
18        8        3        1
19        7        7       15
20       12        4       16
21       11        8       38
22        8        3       14
23        8        9       18
24       10        4       21
25        6        9       24
26       13        2        3
27       15        6       41
28        7        5       39
29       11        6       53
30        4        2        0
31        3        2       13
32        6        2       49
33        3        8       21
34       15        7       46
35       11        4       28
36        6        2       44
37        7        1        4
38        8        1       34
39       15        8       30
40       12        8       50
41       13        9       17
42       10        5       47
43        7        7        2
44        7        8        5
45       11        9        7
46        3        7       30
47        8        5       30
48        4        7       49
49       10        6       34
50       15        2       20
51       11        8       31
52       15        5       32
53        3        9        4
54       11        3       45
55        9        1        3
56        3        9       24
57        3        9        2
58        5        2       48
59        4        7       53
60       15        9       31
61        6        1        0
62       15        9        4
63        8        2       36
64       14        3       28
65       10        8       40
66        5        5       36
67        9        4       21
68       12        6       36
69       11        1       36
70       10        4       49
71       14        8        9
72        9        9       13
73        3        5       11
74       14        6       10
75        8        4       12
76       12        6       28
77       12        8       34
78        7        9       30
79        6        1        7
80        3        1        1
81        3        3       12
82       12        1       33
83        8        1       10
84       14        5       39
85        7        3       47
86        8        3       18
87       10        6       42
88       15        2       31
89        8        7       18
90       10        2       52
91        8        4       21
92        3        5       29
93        6        1        3
94       13        2       51
95       12        7        3
96       14        3       14
97        3        9       15
98       11        5       35
99       10        1       15
100        3        4       39
