10.016     10364     10325
10.016     10387     10325
10.016     10387     10325
10.016     10364     10325
10.016     10387     10325
10.016     10387     10325
10.016     10364     10325
10.016     10387     10325
10.016     10387     10325
10.016     10387     10325
             
10.016     10108     9582.5
10.005     10108     9582.5
10.005     10108     9582.5
10.016     10108     9582.5
10.016     10108     9582.5
10.016     10108     9582.5
10.016     10108     9582.5
10.005     10108     9582.5
10.005     10108     9582.5
10.016     10108     9582.5
             
10.016     9990     9565.5
10.016     9990     9565.5
10.016     9990     9565.5
10.016     9990     9565.5
10.016     9990     9565.5
10.016     9990     9565.5
10.016     9990     9565.5
10.016     9990     9565.5
10.016     9990     9565.5
10.016     9990     9565.5
             
10.016     10316     10046
10.016     10316     10046
10.016     10316     10046
10.016     10316     10046
10.016     10316     10046
10.016     10316     10046
10.016     10316     10046
10.016     10316     10046
10.016     10316     10046
10.016     10316     10046
             
10.016     10227     10175
10.016     10186     10175
10.016     10186     10175
10.016     10227     10175
10.016     10227     10175
10.016     10227     10175
10.016     10227     10175
10.016     10186     10175
10.016     10186     10175
10.016     10227     10175
             
10.016     10818     10409
10.016     10818     10409
10.016     10818     10409
10.016     10818     10409
10.016     10818     10409
10.016     10818     10409
10.016     10818     10409
10.016     10818     10409
10.016     10818     10409
10.016     10818     10409
             
2.328     10904     10904
0.156     10904     10904
0.156     10904     10904
2.328     10904     10904
2.328     10904     10904
2.328     10904     10904
2.328     10904     10904
0.156     10904     10904
0.156     10904     10904
2.328     10904     10904
             
10.016     10455     9840
10.016     10455     9840
10.016     10455     9840
10.016     10455     9840
10.016     10455     9840
10.016     10455     9840
10.016     10455     9840
10.016     10455     9840
10.016     10455     9840
10.016     10455     9840
             
10.005     9745     9537.5
10.016     9761     9537.5
10.016     9761     9537.5
10.005     9745     9537.5
10.016     9761     9537.5
10.016     9761     9537.5
10.005     9745     9537.5
10.016     9761     9537.5
10.016     9761     9537.5
10.016     9761     9537.5
             
10.016     10796     10275.5
10.016     10796     10275.5
10.016     10796     10275.5
10.016     10796     10275.5
10.016     10796     10275.5
10.016     10796     10275.5
10.016     10796     10275.5
10.016     10796     10275.5
10.016     10796     10275.5
10.016     10796     10275.5
             
