1     79     47     174
2     43     8     138
3     54     199     309
4     22     138     48
5     66     56     193
6     97     1     266
7     47     45     47
8     74     63     63
9     80     114     8
10     85     166     177
11     18     56     364
12     76     1     87
13     24     194     412
14     35     15     8
15     77     154     198
16     26     81     295
17     84     186     96
18     84     138     284
19     75     49     70
20     85     2     346
21     13     15     80
22     61     81     295
23     2     87     123
24     23     49     246
25     46     171     66
26     7     4     366
27     98     94     87
28     89     33     441
29     74     37     10
30     49     108     96
31     35     74     227
32     81     145     356
33     80     166     56
34     90     68     407
35     4     150     78
36     45     183     432
37     68     62     76
38     77     141     176
39     58     123     106
40     89     144     195
41     14     140     400
42     33     98     74
43     28     16     307
44     28     90     62
45     31     41     203
46     38     8     205
47     4     138     401
48     22     112     77
49     98     59     418
50     14     98     69
51     87     173     164
52     37     59     221
53     49     147     16
54     30     189     180
55     50     111     327
56     36     171     37
57     93     18     162
58     30     157     41
59     49     105     175
60     34     80     237
61     78     147     64
62     45     169     201
63     14     176     281
64     13     65     28
65     68     162     319
66     74     66     47
67     3     188     201
68     25     140     227
69     1     13     439
70     31     59     93
71     79     126     12
72     12     61     54
73     38     15     260
74     31     107     4
75     66     111     237
76     33     185     350
77     17     132     68
78     40     149     284
79     78     146     62
80     67     54     434
81     31     119     57
82     70     159     282
83     65     99     65
84     15     130     281
85     3     39     59
86     99     121     352
87     67     55     29
88     47     118     6
89     15     43     28
90     72     87     399
91     82     169     99
92     58     85     385
93     73     68     94
94     37     156     335
95     84     10     117
96     5     92     264
97     38     19     10
98     56     53     414
99     65     43     49
100     2     169     172
