1     18     181     371
2     36     2     106
3     35     120     266
4     39     48     111
5     80     153     341
6     28     110     79
7     47     194     276
8     93     115     25
9     70     122     128
10     35     89     330
11     94     51     19
12     4     199     280
13     67     30     38
14     29     166     53
15     76     52     324
16     1     199     39
17     14     30     36
18     2     72     433
19     28     52     31
20     50     167     455
21     78     165     82
22     24     29     347
23     13     140     55
24     4     172     313
25     97     54     90
26     64     89     174
27     73     68     300
28     77     23     95
29     35     39     351
30     47     115     113
31     71     123     288
32     47     10     11
33     84     121     423
34     68     71     94
35     3     153     64
36     23     132     252
37     49     14     37
38     24     105     398
39     99     144     55
40     30     159     154
41     51     146     69
42     15     88     313
43     6     93     63
44     36     135     208
45     53     76     52
46     23     161     72
47     80     61     395
48     95     132     20
49     54     79     449
50     15     121     39
51     37     194     14
52     46     146     380
53     63     138     86
54     91     124     166
55     93     179     16
56     6     118     105
57     86     165     388
58     9     30     61
59     49     188     301
60     1     27     63
61     14     142     392
62     34     88     114
63     48     29     156
64     24     154     166
65     9     126     414
66     8     195     37
67     92     121     423
68     27     178     69
69     36     79     411
70     71     155     109
71     47     136     453
72     26     9     40
73     25     4     27
74     36     47     310
75     87     115     49
76     17     144     113
77     33     133     101
78     58     72     304
79     39     56     9
80     10     90     291
81     10     191     67
82     82     77     250
83     40     64     29
84     70     18     438
85     41     134     55
86     82     58     281
87     16     152     24
88     15     5     138
89     56     154     151
90     31     31     363
91     32     117     21
92     77     161     159
93     98     175     187
94     25     49     107
95     63     185     149
96     61     61     302
97     85     17     100
98     29     9     386
99     92     27     91
100     79     122     133
