10.302     2093     1984.4
10.358     2089     1984.4
10.358     2089     1984.4
10.302     2093     1984.4
10.358     2089     1984.4
10.358     2089     1984.4
10.302     2093     1984.4
10.358     2089     1984.4
10.358     2089     1984.4
10.358     2093     1984.4
             
10.927     1913     1866.8
10.956     1913     1866.8
10.956     1923     1866.8
10.927     1923     1866.8
10.956     1913     1866.8
10.956     1913     1866.8
10.927     1923     1866.8
10.956     1923     1866.8
10.956     1913     1866.8
10.956     1913     1866.8
             
10.023     1905     1829.8
10.766     1900     1829.8
10.766     1900     1829.8
10.023     1905     1829.8
10.766     1905     1829.8
10.766     1905     1829.8
10.023     1905     1829.8
10.766     1900     1829.8
10.766     1900     1829.8
10.766     1905     1829.8
             
10.060     1944     1879.4
10.320     1928     1879.4
10.320     1928     1879.4
10.060     1944     1879.4
10.320     1944     1879.4
10.320     1944     1879.4
10.060     1944     1879.4
10.320     1928     1879.4
10.320     1928     1879.4
10.320     1944     1879.4
             
10.019     1955     1884.8
10.024     1966     1884.8
10.024     1966     1884.8
10.019     1955     1884.8
10.024     1966     1884.8
10.024     1966     1884.8
10.019     1955     1884.8
10.024     1966     1884.8
10.024     1966     1884.8
10.024     1966     1884.8
             
10.635     1991     1915.4
10.488     1988     1915.4
10.488     1988     1915.4
10.635     1991     1915.4
10.635     1991     1915.4
10.635     1991     1915.4
10.635     1991     1915.4
10.488     1988     1915.4
10.488     1988     1915.4
10.635     1991     1915.4
             
10.802     2001     1926.4
10.861     1992     1926.4
10.861     1992     1926.4
10.802     2001     1926.4
10.861     2001     1926.4
10.861     2001     1926.4
10.802     2001     1926.4
10.861     1992     1926.4
10.861     1992     1926.4
10.861     2001     1926.4
             
10.485     1852     1785.6
10.364     1856     1785.6
10.364     1856     1785.6
10.485     1852     1785.6
10.485     1856     1785.6
10.485     1856     1785.6
10.485     1852     1785.6
10.364     1856     1785.6
10.364     1856     1785.6
10.485     1856     1785.6
             
10.209     2053     2008
10.039     2053     2008
10.039     2067     2008
10.209     2053     2008
10.209     2053     2008
10.209     2053     2008
10.209     2053     2008
10.039     2067     2008
10.039     2053     2008
10.209     2053     2008
             
10.579     1971     1877.4
10.011     1964     1877.4
10.011     1971     1877.4
10.579     1971     1877.4
10.579     1971     1877.4
10.579     1971     1877.4
10.579     1971     1877.4
10.011     1971     1877.4
10.011     1964     1877.4
10.579     1971     1877.4
             
