1     170     153     748
2     193     74     328
3     7     57     5455
4     40     182     504
5     13     189     3923
6     195     24     1712
7     99     21     1078
8     36     199     1786
9     138     16     4418
10     37     69     1589
11     80     117     389
12     178     99     7298
13     153     139     252
14     104     17     1
15     97     42     1730
16     64     123     2820
17     43     112     73
18     192     73     1463
19     193     127     5001
20     87     193     1149
21     104     5     625
22     18     49     7567
23     46     37     1544
24     106     116     3320
25     6     181     7569
26     176     95     454
27     135     96     570
28     137     26     5188
29     167     59     610
30     140     139     4352
31     47     87     64
32     187     77     4046
33     181     187     621
34     174     176     3948
35     64     93     160
36     86     65     3879
37     125     103     706
38     39     87     7136
39     52     142     1819
40     8     8     1494
41     44     178     2006
42     109     72     6323
43     150     10     1846
44     156     148     5542
45     78     99     485
46     14     11     6595
47     97     118     958
48     44     80     2844
49     66     107     6642
50     35     185     1412
51     194     149     5973
52     196     76     1351
53     188     85     5197
54     55     120     1163
55     113     107     5174
56     73     7     26
57     96     199     3704
58     160     55     108
59     104     39     2642
60     68     136     6234
61     101     12     1723
62     149     147     5024
63     127     1     1528
64     55     79     6340
65     6     90     1480
66     188     43     2118
67     164     178     1833
68     199     142     6876
69     4     175     1174
70     192     154     6124
71     34     43     325
72     125     46     7105
73     93     176     236
74     142     18     1227
75     20     30     664
76     178     75     1718
77     143     67     1808
78     136     7     4317
79     146     198     480
80     102     125     626
81     190     106     1877
82     183     144     3119
83     102     16     360
84     130     123     3034
85     75     157     4329
86     16     36     1606
87     5     178     348
88     51     158     3688
89     20     94     2119
90     128     171     4585
91     135     134     1358
92     96     30     6070
93     90     182     121
94     85     128     6513
95     105     108     1868
96     193     151     6377
97     18     181     504
98     182     172     900
99     63     81     1843
100     79     199     7607
101     62     166     39
102     131     126     592
103     190     105     3014
104     101     26     4370
105     7     41     1110
106     110     158     3304
107     183     97     3214
108     6     179     3791
109     127     54     7400
110     131     23     366
111     51     97     6556
112     21     181     1363
113     116     175     6094
114     43     136     1855
115     35     187     5305
116     119     94     879
117     145     70     6404
118     142     9     1459
119     24     30     2064
120     64     139     6715
121     87     199     702
122     2     72     2434
123     58     139     7363
124     40     68     96
125     40     116     7127
126     71     196     1195
127     42     134     4399
128     98     100     1928
129     142     186     4536
130     120     158     1886
131     4     102     4707
132     127     90     1833
133     41     199     5988
134     120     195     1562
135     162     157     2796
136     163     2     5472
137     183     85     1314
138     165     190     2454
139     166     51     7122
140     20     7     347
141     74     1     3434
142     99     156     5155
143     14     106     1364
144     118     118     3263
145     65     161     6302
146     167     24     188
147     53     112     1184
148     161     89     463
149     57     123     3140
150     86     50     3240
151     188     135     2416
152     131     108     246
153     59     174     2223
154     64     102     2670
155     37     117     3037
156     149     70     5337
157     155     81     311
158     39     187     4004
159     168     13     685
160     169     186     7683
161     51     100     142
162     181     13     595
163     66     138     2304
164     24     116     3533
165     182     34     7214
166     6     181     787
167     148     167     1642
168     148     100     6908
169     195     146     1470
170     49     39     5009
171     159     41     336
172     102     195     566
173     155     176     4314
174     199     34     1744
175     160     176     2503
176     76     97     2086
177     174     104     3171
178     20     107     3099
179     114     190     6350
180     37     28     564
181     16     170     4115
182     29     145     964
183     67     19     322
184     155     103     3341
185     147     197     5769
186     73     165     714
187     42     109     460
188     189     156     6027
189     12     142     1172
190     46     34     5932
191     16     100     1783
192     196     79     3377
193     126     56     746
194     81     66     1471
195     12     98     1037
196     86     66     846
197     142     44     5633
198     56     78     1340
199     106     83     6781
200     174     169     127
201     178     55     6499
202     132     65     948
203     20     79     4491
204     101     9     784
205     38     129     5060
206     154     136     1747
207     28     123     7467
208     150     25     1518
209     61     104     3070
210     135     118     435
211     75     94     7427
212     69     149     1706
213     117     195     4452
214     97     119     525
215     105     174     6773
216     146     181     1046
217     5     74     6395
218     157     108     581
219     36     76     7274
220     191     57     552
221     73     129     6022
222     85     55     1544
223     91     159     7564
224     71     127     412
225     137     76     3293
226     154     157     3165
227     70     84     5298
228     166     44     161
229     150     58     5105
230     18     137     1536
231     176     57     4885
232     139     129     571
233     114     172     658
234     18     103     5544
235     91     83     663
236     79     164     3033
237     181     185     874
238     105     22     1030
239     177     101     2279
240     178     153     4462
241     178     25     230
242     62     24     4203
243     198     91     204
244     173     128     6784
245     116     133     64
246     113     104     2148
247     121     38     6221
248     69     52     668
249     54     145     5985
250     182     135     995
251     69     160     461
252     133     62     3573
253     143     131     6777
254     32     14     996
255     109     97     3363
256     103     20     1539
257     76     16     691
258     77     168     3061
259     63     175     43
260     36     24     7335
261     150     91     1805
262     172     127     4447
263     4     164     1296
264     74     159     3157
265     32     126     5324
266     92     63     211
267     158     4     85
268     130     175     86
269     123     183     3706
270     185     92     5748
271     22     3     414
272     182     109     2128
273     63     92     711
274     121     109     2376
275     86     106     1296
276     20     38     950
277     89     194     6193
278     101     61     625
279     39     159     2417
280     73     126     6071
281     190     134     1848
282     121     138     5675
283     9     41     867
284     188     196     3619
285     136     52     3512
286     88     175     1330
287     155     54     2959
288     141     57     1191
289     89     110     6604
290     31     79     944
291     132     47     6546
292     164     77     881
293     155     43     3374
294     65     20     4592
295     166     14     492
296     33     90     1562
297     155     151     3074
298     158     118     4972
299     78     177     431
300     182     29     5862
