0     615     615
0     615     615
0     615     615
0     615     615
0     615     615
0     615     615
0     615     615
0     615     615
0     615     615
0     615     615
             
1.218     634     634
5.001     675     634
4.922     634     634
4.922     634     634
5.001     675     634
5.001     675     634
4.922     634     634
4.922     634     634
5.001     675     634
5.001     675     634
             
0     737     737
0.016     737     737
0.031     737     737
0.031     737     737
0.016     737     737
0.016     737     737
0.031     737     737
0.031     737     737
0.016     737     737
0.016     737     737
             
0     753     753
0     753     753
0     753     753
0     753     753
0     753     753
0     753     753
0     753     753
0     753     753
0     753     753
0     753     753
             
0.016     634     634
0.015     634     634
0.157     634     634
0.157     634     634
0.016     634     634
0.016     634     634
0.157     634     634
0.157     634     634
0.015     634     634
0.016     634     634
             
0     710     710
0     710     710
0     710     710
0     710     710
0     710     710
0     710     710
0     710     710
0     710     710
0     710     710
0     710     710
             
5     539     509
5     532     509
5     530     509
5     530     509
5     539     509
5     539     509
5     530     509
5     530     509
5     532     509
5     539     509
             
0     651     651
0.047     651     651
0.015     651     651
0.015     651     651
0.047     651     651
0.047     651     651
0.015     651     651
0.015     651     651
0.047     651     651
0.047     651     651
             
0     604     604
0     604     604
0.031     604     604
0.031     604     604
0     604     604
0     604     604
0.031     604     604
0.031     604     604
0     604     604
0     604     604
             
0     754     754
0     754     754
0     754     754
0     754     754
0     754     754
0     754     754
0     754     754
0     754     754
0     754     754
0     754     754
             
