1     23     74     1227
2     94     99     2937
3     54     168     633
4     54     60     3743
5     64     171     399
6     74     194     1937
7     41     197     2527
8     97     160     948
9     78     127     457
10     53     40     3039
11     38     98     565
12     92     82     1299
13     87     59     3622
14     3     36     605
15     77     32     3669
16     96     111     726
17     19     177     2881
18     3     78     317
19     89     170     1971
20     82     110     1704
21     82     127     3282
22     94     53     180
23     26     12     3447
24     60     31     274
25     92     25     2828
26     25     89     61
27     1     49     2639
28     12     135     820
29     65     188     1896
30     61     155     3538
31     22     141     878
32     38     31     2412
33     74     49     687
34     1     39     3464
35     76     84     91
36     68     47     3076
37     86     35     619
38     50     198     460
39     95     79     3152
40     68     85     730
41     99     55     1508
42     18     146     80
43     70     17     1571
44     11     42     832
45     88     173     2313
46     77     16     604
47     67     109     2095
48     78     59     112
49     12     74     2119
50     43     187     376
51     9     68     788
52     31     135     3874
53     64     7     994
54     30     54     3185
55     94     9     473
56     67     73     3743
57     20     127     1028
58     39     190     3899
59     49     19     193
60     99     155     924
61     54     135     216
62     95     152     1797
63     85     78     4003
64     26     100     505
65     99     39     3318
66     52     19     443
67     61     84     2205
68     33     161     975
69     36     30     2836
70     84     192     394
71     1     114     2904
72     10     88     477
73     87     54     1263
74     65     63     1438
75     6     34     794
76     21     154     3347
77     4     36     291
78     33     162     3255
79     75     94     406
80     45     31     715
81     63     194     1181
82     64     96     1702
83     28     120     3410
84     92     127     741
85     3     40     2272
86     74     18     775
87     37     150     2023
88     83     17     49
89     34     158     2613
90     61     86     912
91     46     104     917
92     71     47     3417
93     72     83     228
94     40     143     2581
95     6     43     910
96     89     169     863
97     97     123     3629
98     46     3     342
99     96     27     3590
100     26     30     426
101     92     54     1167
102     46     127     278
103     1     132     987
104     1     120     469
105     62     113     1517
106     74     196     3543
107     94     6     364
108     22     198     1383
109     45     27     1249
110     93     108     3601
111     87     149     255
112     80     44     3393
113     99     128     508
114     48     127     2836
115     98     49     34
116     50     52     3412
117     19     195     483
118     7     119     3068
119     14     37     285
120     51     111     610
121     67     64     2743
122     70     189     1015
123     77     47     3592
124     23     148     460
125     23     11     3935
126     48     15     698
127     26     196     1306
128     83     35     978
129     41     106     1502
130     5     33     2214
131     22     84     934
132     8     111     4060
133     38     157     658
134     52     178     2309
135     24     52     377
136     79     137     697
137     30     171     1368
138     12     134     2079
139     46     62     735
140     26     4     457
141     96     70     762
142     66     139     3421
143     59     141     920
144     14     153     2555
145     31     125     69
146     78     27     335
147     25     137     1422
148     96     47     2687
149     15     104     848
150     47     87     3233
151     41     179     378
152     78     74     509
153     93     146     3915
154     84     100     868
155     41     157     350
156     14     162     958
157     2     120     307
158     57     155     2851
159     38     53     945
160     27     131     3041
161     65     7     487
162     5     149     2941
163     30     13     100
164     55     107     274
165     58     154     3266
166     65     6     810
167     36     31     177
168     64     2     2518
169     92     77     49
170     1     76     2077
171     56     168     983
172     77     13     3644
173     98     43     640
174     27     97     680
175     29     99     1061
176     54     36     3835
177     64     10     188
178     59     11     131
179     82     156     664
180     90     167     3714
181     29     33     880
182     67     193     296
183     79     20     1849
184     24     150     4104
185     20     83     785
186     87     94     1421
187     45     157     1837
188     6     158     2495
189     48     101     428
190     15     75     716
191     17     187     778
192     93     64     2178
193     8     7     841
194     19     102     51
195     65     7     1179
196     23     15     796
197     57     48     1212
198     71     188     2781
199     2     112     283
200     57     65     1552
