1     14     46     1260
2     34     22     925
3     45     31     544
4     45     47     1310
5     1     46     260
6     13     19     1780
7     39     9     250
8     39     45     79
9     45     9     1644
10     48     27     610
11     32     48     645
12     3     39     13
13     28     49     956
14     47     16     724
15     27     5     1482
16     46     43     395
17     49     30     2261
18     18     8     363
19     4     6     1932
20     44     15     471
21     45     20     2020
22     15     29     33
23     29     41     1450
24     35     1     16
25     1     46     769
26     20     13     2513
27     34     3     85
28     6     2     174
29     16     40     684
30     19     25     144
31     13     7     2406
32     48     4     639
33     44     13     2131
34     16     23     318
35     21     16     237
36     46     49     2479
37     46     31     11
38     13     15     2601
39     44     19     120
40     3     33     803
41     44     41     1680
42     39     30     15
43     35     32     2143
44     28     28     209
45     23     37     1588
46     22     27     600
47     7     18     2582
48     3     16     378
49     40     46     2305
50     16     30     431
51     24     24     708
52     18     38     1536
53     16     22     271
54     45     4     587
55     35     18     1189
56     15     46     2036
57     10     19     497
58     12     9     2292
59     11     19     199
60     31     11     1902
61     47     47     159
62     42     13     2096
63     36     34     169
64     39     5     1460
65     33     46     210
66     27     15     1937
67     3     21     434
68     47     11     623
69     20     20     48
70     48     29     616
71     5     49     2461
72     37     42     561
73     36     49     1338
74     26     12     2546
75     43     8     670
76     9     38     1689
77     38     2     601
78     30     20     2294
79     42     9     356
80     17     36     2044
81     18     14     221
82     19     20     1634
83     49     6     113
84     15     22     230
85     25     35     408
86     31     42     674
87     11     33     1452
88     24     9     103
89     41     34     118
90     7     47     428
91     32     46     1472
92     9     12     95
93     48     17     1462
94     38     49     340
95     27     20     970
96     33     3     1905
97     19     47     17
98     5     9     2602
99     18     33     275
100     36     36     2492
