30.553      1021    1014.6
30.033      1020    1014.6
30.22      1019    1014.6
30.533      1018    1014.6
30.142      1018    1014.6
30.298      1020    1014.6
30.835      1018    1014.6
30.376      1020    1014.6
30.408      1019    1014.6
30.158      1019    1014.6

30.658      1025    1016.2
30.064      1024    1016.2
30.709      1024    1016.2
30.626      1024    1016.2
30.455      1023    1016.2
30.142      1024    1016.2
30.205      1024    1016.2
30.564      1024    1016.2
30.398      1023    1016.2
30.345      1023    1016.2

30.485      1030    1026.4
30.721      1028    1026.4
30.283      1030    1026.4
30.36      1028    1026.4
30.397      1029    1026.4
30.735      1028    1026.4
30.736      1030    1026.4
30.377      1031    1026.4
30.298      1029    1026.4
30.353      1030    1026.4

30.329       998     992.6
30.408       999     992.6
30.486      1000     992.6
30.439       999     992.6
30.533       997     992.6
30.601       999     992.6
30.236       998     992.6
30.173      1000     992.6
30.689       998     992.6
30.548       998     992.6

30.048      1001     996.8
30.742      1001     996.8
30.674       999     996.8
30.36       1000     996.8
30.377       999     996.8
30.564      1002     996.8
30.048      1001     996.8
30.633      1002     996.8
30.236      1002     996.8
30.001      999      996.8

30.033      1044      1041
30.532      1044      1041
30.627      1044      1041
30.21      1045      1041
30.689      1044      1041
30.11      1045      1041
30.408      1045      1041
30.736      1044      1041
30.704      1044      1041
30.272      1045      1041

30.392      1032    1028.6
30.533      1032    1028.6
30.611      1035    1028.6
30.174      1035    1028.6
30.407      1032    1028.6
30.24      1032    1028.6
30.127      1033    1028.6
30.47      1033    1028.6
30.517      1032    1028.6
30.173      1032    1028.6

30.642      1020    1016.8
30.381      1020    1016.8
30.002      1020    1016.8
30.689      1020    1016.8
30.767      1020    1016.8
30.501      1020    1016.8
30.049      1019    1016.8
30.349      1019    1016.8
30.205      1019    1016.8
30.47      1020    1016.8

30.298      1045    1041.6
30.517      1045    1041.6
30.736      1044    1041.6
30.399      1043    1041.6
30.033      1043    1041.6
30.189      1043    1041.6
30.657      1045    1041.6
30.33      1043    1041.6
30.486      1043    1041.6
30.053      1045    1041.6

30.049      1010    1008.4
30.018      1009    1008.4
30.486      1010    1008.4
30.283      1009    1008.4
30.564      1010    1008.4
30.194      1010    1008.4
30.22      1011    1008.4
30.08      1009    1008.4
30.798      1010    1008.4
30.611      1010    1008.4

