1     96     28     4239
2     47     31     494
3     85     190     4178
4     66     136     450
5     58     149     682
6     62     47     2070
7     88     188     596
8     99     7     1108
9     90     99     918
10     61     136     2914
11     11     5     1213
12     37     102     4167
13     63     48     592
14     98     1     2268
15     18     160     574
16     50     13     4605
17     88     75     749
18     93     61     2926
19     67     116     983
20     80     143     3761
21     45     150     1143
22     82     174     1362
23     5     196     4406
24     42     193     309
25     15     73     886
26     46     133     852
27     22     22     4416
28     99     62     427
29     77     108     1198
30     53     93     634
31     36     155     134
32     41     188     1983
33     55     142     318
34     17     67     1428
35     12     122     4121
36     3     116     38
37     11     192     1554
38     11     6     1507
39     66     192     4216
40     86     66     599
41     79     12     2749
42     22     96     825
43     96     19     829
44     3     46     588
45     76     153     3836
46     75     142     379
47     12     183     4956
48     77     189     226
49     59     31     1258
50     2     48     2663
51     44     46     1120
52     9     70     4322
53     60     163     31
54     53     131     5034
55     9     100     1245
56     15     38     468
57     20     128     3256
58     62     59     412
59     28     80     891
60     78     55     1120
61     85     41     4229
62     6     82     646
63     57     70     4050
64     10     56     10
65     54     20     2951
66     48     76     458
67     11     156     4751
68     74     133     1121
69     67     69     2364
70     79     126     2455
71     58     112     2225
72     27     165     3550
73     77     150     1251
74     30     93     3287
75     29     174     1050
76     47     47     563
77     86     56     2860
78     66     101     526
79     5     107     1691
80     58     158     2107
81     90     179     1548
82     35     131     1664
83     97     190     39
84     36     63     2902
85     3     131     156
86     27     112     842
87     98     24     1503
88     93     127     4536
89     24     4     631
90     95     44     1407
91     88     58     4798
92     51     102     155
93     34     187     217
94     1     154     3068
95     91     29     829
96     33     77     1421
97     43     99     2741
98     8     25     667
99     28     187     3901
100     58     85     234
101     88     109     39
102     17     145     1989
103     8     162     4388
104     72     139     1097
105     96     94     1754
106     80     111     5001
107     49     69     1090
108     94     22     4729
109     72     28     1248
110     62     72     3051
111     92     179     382
112     3     77     1176
113     35     127     3590
114     21     97     700
115     72     139     2532
116     53     26     635
117     32     152     4576
118     58     139     849
119     86     11     2165
120     73     33     1459
121     20     46     3324
122     5     128     43
123     42     27     2573
124     90     111     503
125     65     8     1600
126     58     75     1688
127     29     46     3511
128     92     18     1031
129     91     150     1113
130     72     5     2660
131     77     140     65
132     88     105     319
133     89     84     4161
134     86     104     1080
135     95     103     3780
136     14     31     887
137     52     55     456
138     21     15     3945
139     23     144     58
140     9     60     3750
141     8     28     616
142     9     15     3699
143     83     191     944
144     36     64     2353
145     31     98     4167
146     6     103     1128
147     71     182     4926
148     73     150     21
149     36     124     121
150     32     169     2037
151     15     142     190
152     92     75     1331
153     13     69     207
154     7     109     2836
155     52     69     588
156     96     141     4004
157     17     102     124
158     2     168     224
159     79     190     2610
160     9     32     352
161     74     60     4158
162     86     92     559
163     17     177     3772
164     57     85     1035
165     61     77     654
166     92     19     942
167     38     82     3932
168     86     13     1160
169     12     52     922
170     75     141     1526
171     24     39     211
172     64     24     2065
173     45     66     2921
174     87     130     958
175     68     131     44
176     57     10     309
177     26     168     2364
178     46     2     4349
179     21     186     20
180     9     152     143
181     61     106     2791
182     9     16     848
183     1     63     3373
184     11     121     1006
185     5     69     4734
186     26     40     415
187     23     94     2437
188     67     180     1942
189     91     104     901
190     99     14     2945
191     8     109     61
192     6     69     626
193     10     128     2208
194     2     32     3516
195     31     150     1125
196     96     29     3672
197     14     141     518
198     16     140     4615
199     39     23     190
200     33     144     852
201     43     129     4025
202     95     18     879
203     67     20     4895
204     36     87     22
205     86     124     3467
206     91     188     1135
207     14     17     2167
208     87     73     4942
209     56     176     527
210     67     59     4006
211     49     70     413
212     50     81     1166
213     79     151     1059
214     72     13     1456
215     41     144     785
216     65     110     3101
217     7     69     157
218     93     110     3064
219     88     175     377
220     85     58     242
221     97     50     790
222     11     84     1599
223     40     106     1927
224     10     58     4395
225     10     168     1150
226     8     154     890
227     45     187     3939
228     35     113     1145
229     80     199     1233
230     34     119     323
231     29     25     3040
232     68     135     660
233     30     14     5011
234     67     159     412
235     84     35     4579
236     74     105     300
237     91     1     2244
238     16     49     3306
239     83     79     897
240     51     185     1302
241     10     1     4653
242     95     153     683
243     13     29     3497
244     52     68     775
245     59     194     1545
246     87     85     3611
247     37     7     856
248     82     135     1455
249     76     75     767
250     50     89     4979
251     39     54     472
252     88     92     4411
253     4     95     1164
254     22     127     629
255     86     24     1928
256     93     115     3052
257     83     157     470
258     87     167     2604
259     77     37     489
260     32     66     127
261     72     77     4530
262     6     112     241
263     86     129     2016
264     14     62     3639
265     49     120     71
266     13     90     3977
267     63     40     1184
268     73     183     1957
269     21     76     2249
270     28     43     4149
271     4     131     261
272     18     50     1513
273     11     117     2908
274     78     139     526
275     15     107     73
276     51     175     666
277     70     162     1630
278     42     47     3895
279     30     161     103
280     24     73     778
281     27     163     1266
282     61     51     5016
283     88     28     1100
284     56     193     1156
285     87     6     2991
286     93     90     53
287     45     99     2999
288     94     144     1097
289     91     84     3004
290     21     122     656
291     33     165     2404
292     82     152     3202
293     84     124     1053
294     1     72     3648
295     94     140     35
296     28     119     2536
297     16     165     873
298     92     123     48
299     45     2     831
300     83     146     1348
301     62     194     620
302     43     31     1741
303     69     102     786
304     11     125     3222
305     91     192     115
306     37     150     3353
307     56     184     784
308     61     77     1825
309     54     189     4624
310     33     36     297
311     37     149     593
312     83     147     491
313     5     45     214
314     13     54     2588
315     15     198     282
316     60     188     772
317     48     143     2314
318     97     177     1649
319     30     11     2581
320     93     173     176
321     29     197     1162
322     78     165     3861
323     43     96     1196
324     36     18     1896
325     38     20     968
326     55     76     343
327     39     72     4226
328     14     199     247
329     25     89     1828
330     32     107     2498
331     28     53     4163
332     85     131     531
333     50     21     297
334     76     84     3247
335     51     71     22
336     28     37     3517
337     7     183     281
338     81     53     3509
339     46     143     711
340     39     124     2047
341     54     42     3342
342     58     68     410
343     52     35     89
344     56     162     2584
345     30     149     80
346     24     108     3804
347     41     46     359
348     77     35     3781
349     16     185     217
350     54     58     3682
351     3     54     1038
352     62     53     4919
353     61     198     851
354     20     136     3450
355     35     126     256
356     76     109     2044
357     78     195     3063
358     29     15     860
359     69     8     2676
360     64     47     228
361     74     24     1693
362     26     146     1630
363     72     141     4020
364     38     164     388
365     51     169     673
366     70     116     4688
367     39     81     97
368     34     128     528
369     47     143     2496
370     44     34     4527
371     13     121     789
372     16     120     4714
373     13     112     236
374     65     196     2893
375     65     140     787
376     85     138     4933
377     97     112     716
378     14     75     139
379     75     172     4452
380     20     48     258
381     21     25     5015
382     24     112     158
383     74     1     859
384     85     140     3039
385     71     142     686
386     55     172     63
387     80     24     36
388     37     89     4011
389     23     94     143
390     31     91     1639
391     49     24     2688
392     1     145     124
393     49     160     2147
394     58     96     1828
395     40     8     4279
396     3     21     1087
397     61     166     4695
398     64     159     488
399     79     55     3211
400     71     62     634
401     59     173     1486
402     41     20     18
403     15     138     2801
404     40     192     919
405     44     53     3204
406     83     174     1121
407     73     1     317
408     44     106     2297
409     70     37     565
410     15     164     2173
411     84     60     3856
412     83     175     828
413     65     33     1357
414     35     77     1795
415     60     87     977
416     21     160     2007
417     63     167     2577
418     32     91     1216
419     4     2     2811
420     97     151     66
421     69     178     4568
422     84     93     134
423     69     71     436
424     56     164     4519
425     37     116     83
426     22     62     648
427     41     191     4874
428     27     81     56
429     1     189     336
430     51     132     588
431     69     27     3122
432     22     91     1170
433     81     172     2132
434     90     72     1506
435     78     118     4210
436     11     5     452
437     44     175     5037
438     61     132     1156
439     1     64     159
440     71     199     1441
441     53     124     3908
442     15     125     728
443     65     180     4521
444     23     172     1061
445     81     88     4140
446     96     87     792
447     9     192     101
448     38     110     2283
449     13     192     1661
450     38     100     439
451     26     72     4073
452     57     92     765
453     26     107     4489
454     40     17     64
455     22     190     4656
456     10     127     450
457     99     73     4426
458     13     135     233
459     68     13     837
460     83     102     3371
461     26     38     806
462     81     74     2989
463     51     111     706
464     5     191     3461
465     81     179     518
466     48     44     3788
467     4     36     110
468     21     187     414
469     94     107     1106
470     13     77     1381
471     48     10     3343
472     98     92     1139
473     99     191     2789
474     41     5     1195
475     16     54     2319
476     35     9     3072
477     29     131     54
478     71     107     2974
479     60     101     205
480     34     149     3224
481     84     128     784
482     64     168     1149
483     98     98     3780
484     47     10     253
485     88     47     1959
486     86     23     4406
487     95     135     414
488     58     140     1913
489     99     175     4203
490     50     198     611
491     74     58     2580
492     75     154     699
493     32     150     167
494     35     49     4715
495     24     177     909
496     79     48     2722
497     76     102     251
498     34     145     3469
499     91     8     356
500     94     42     228
