1     58     100     3200
2     24     125     167
3     93     93     433
4     16     50     1330
5     89     178     653
6     85     92     4005
7     81     99     301
8     74     16     732
9     48     78     3115
10     18     110     165
11     96     168     1083
12     4     31     1376
13     49     172     968
14     78     3     3541
15     76     137     1146
16     14     12     732
17     24     84     4006
18     75     22     107
19     69     137     2200
20     19     18     3245
21     14     145     282
22     54     185     4819
23     78     99     376
24     86     127     340
25     9     186     4484
26     80     158     886
27     15     5     4707
28     77     183     472
29     16     138     4160
30     74     142     445
31     51     97     4226
32     67     145     181
33     50     133     4297
34     41     73     1143
35     63     153     4290
36     58     52     927
37     83     67     2973
38     43     86     568
39     82     155     4000
40     43     99     500
41     93     36     4517
42     93     70     142
43     69     198     12
44     66     19     4804
45     81     162     45
46     7     8     2641
47     5     28     990
48     18     161     1063
49     53     76     3958
50     4     19     96
51     77     114     3690
52     78     61     1025
53     51     98     3470
54     41     7     994
55     39     111     2969
56     76     34     1213
57     60     115     2792
58     95     7     630
59     31     176     1926
60     47     173     1038
61     33     134     2538
62     79     179     1100
63     46     181     22
64     80     130     3177
65     46     84     1034
66     17     49     2156
67     75     84     917
68     26     1     4697
69     54     78     68
70     78     110     3657
71     79     41     158
72     30     173     2177
73     12     111     3072
74     48     123     670
75     47     75     206
76     80     118     855
77     95     113     890
78     16     44     123
79     22     182     3094
80     88     158     637
81     93     28     685
82     2     37     1130
83     73     148     4584
84     42     41     702
85     81     112     489
86     49     198     1703
87     49     60     3508
88     48     7     555
89     60     98     1805
90     18     154     1356
91     71     188     3976
92     97     124     154
93     23     131     3687
94     16     196     253
95     6     124     3693
96     35     26     551
97     23     1     1819
98     49     110     294
99     84     163     856
100     14     195     2603
101     36     130     924
102     92     63     1502
103     56     77     1019
104     77     165     3160
105     79     29     794
106     69     136     2747
107     24     95     226
108     1     91     2889
109     46     62     929
110     77     14     3640
111     95     133     520
112     48     125     505
113     45     183     3820
114     97     9     493
115     47     193     2498
116     71     14     609
117     10     76     3514
118     39     103     1009
119     16     169     929
120     34     168     3070
121     25     40     287
122     86     43     2226
123     20     189     3485
124     18     137     1088
125     1     84     2038
126     10     7     3868
127     31     25     149
128     80     170     1561
129     27     4     3120
130     47     33     180
131     49     75     2008
132     5     19     4434
133     80     174     972
134     50     24     550
135     6     79     20
136     39     125     2060
137     26     192     3899
138     95     61     971
139     88     13     943
140     46     196     2915
141     23     192     534
142     22     56     1524
143     9     4     974
144     79     169     2767
145     58     42     246
146     26     29     4327
147     83     18     340
148     95     129     151
149     42     67     1976
150     8     43     1184
151     92     165     3352
152     77     96     552
153     47     75     1542
154     11     107     2679
155     74     62     413
156     98     49     1024
157     91     39     2903
158     48     170     1053
159     3     51     211
160     87     55     1800
161     19     95     4166
162     98     61     585
163     17     169     1451
164     68     15     202
165     20     92     4365
166     72     105     931
167     89     46     360
168     35     72     3996
169     28     78     416
170     77     112     574
171     83     198     4719
172     16     154     277
173     12     177     1901
174     29     136     3872
175     85     174     891
176     1     151     2380
177     22     26     2625
178     72     84     1110
179     16     100     4579
180     35     138     697
181     14     49     2591
182     58     98     745
183     31     152     3256
184     4     30     1105
185     17     97     436
186     53     168     3018
187     85     147     582
188     18     53     0
189     98     186     1446
190     8     114     1100
191     79     71     4693
192     90     139     609
193     22     46     2675
194     71     130     769
195     99     55     4730
196     61     152     57
197     34     81     274
198     53     195     415
199     38     52     3700
200     55     5     1140
201     11     77     2275
202     98     176     4666
203     75     29     159
204     39     69     983
205     46     35     286
206     8     137     190
207     73     67     2389
208     41     153     2453
209     49     36     4413
210     42     151     204
211     46     164     4542
212     21     22     552
213     91     19     4433
214     17     115     647
215     77     141     1597
216     94     122     3463
217     1     9     1045
218     73     39     416
219     17     40     1504
220     95     3     315
221     26     118     4787
222     21     115     8
223     35     167     1374
224     11     120     263
225     46     171     1194
226     44     63     1600
227     6     184     3678
228     26     159     332
229     34     36     4273
230     96     110     889
231     74     167     1753
232     73     149     1928
233     5     41     3981
234     82     52     490
235     90     29     2044
236     28     165     186
237     14     113     872
238     74     86     518
239     41     112     1393
240     8     188     4364
241     4     152     223
242     69     31     2885
243     53     22     58
244     47     102     923
245     49     198     2662
246     68     104     319
247     13     78     3313
248     14     194     53
249     21     158     807
250     44     103     4624
251     56     108     657
252     3     175     3981
253     40     188     1185
254     12     133     4117
255     92     51     1109
256     8     44     2059
257     45     117     2035
258     91     2     2043
259     82     65     4781
260     98     80     412
261     17     119     4123
262     9     64     311
263     53     36     946
264     37     28     508
265     93     81     3699
266     58     20     168
267     83     151     4402
268     39     11     538
269     64     37     2365
270     37     56     3959
271     95     156     352
272     74     50     2616
273     70     198     939
274     87     108     2542
275     86     193     1179
276     34     100     4645
277     13     35     322
278     78     140     4248
279     25     20     382
280     10     194     4097
281     5     133     840
282     3     103     374
283     32     102     3492
284     4     162     406
285     19     96     3471
286     25     70     164
287     92     22     2463
288     20     168     995
289     95     65     1402
290     12     180     3991
291     43     2     29
292     98     185     1437
293     17     195     2547
294     90     34     391
295     80     37     2547
296     87     132     850
297     1     18     3039
298     95     22     855
299     58     136     1875
300     28     196     298
301     42     120     1849
302     2     179     4421
303     71     33     106
304     28     48     876
305     45     179     1962
306     61     177     2510
307     64     171     874
308     13     116     2756
309     17     43     284
310     89     144     4363
311     70     25     322
312     35     129     3765
313     36     86     403
314     46     138     4530
315     81     108     168
316     54     199     58
317     9     148     2350
318     70     13     2252
319     53     95     4451
320     9     185     534
321     2     123     3351
322     34     46     719
323     21     16     1790
324     77     198     4289
325     55     42     497
326     30     126     4222
327     58     19     137
328     78     83     2538
329     77     170     748
330     63     197     3578
331     30     70     383
332     35     76     3386
333     52     183     578
334     69     107     239
335     67     101     2872
336     61     172     341
337     51     89     1810
338     84     55     2050
339     94     113     2106
340     37     57     1827
341     39     75     3438
342     80     186     471
343     55     9     2205
344     14     71     4766
345     51     186     114
346     42     112     1818
347     16     61     2410
348     5     121     4007
349     25     40     547
350     1     23     4146
351     92     75     582
352     58     105     3775
353     93     79     918
354     86     98     1700
355     93     130     4139
356     47     175     246
357     19     144     1750
358     3     142     3226
359     58     195     390
360     90     170     2145
361     86     35     118
362     57     43     2128
363     5     62     661
364     99     57     1202
365     5     134     1830
366     27     120     2004
367     16     46     4482
368     76     46     851
369     36     40     3032
370     13     199     811
371     48     184     1068
372     97     54     2608
373     48     128     655
374     61     72     172
375     70     126     524
376     52     125     1959
377     54     94     246
378     95     145     2865
379     96     67     916
380     44     173     950
381     64     10     77
382     2     73     3640
383     3     113     573
384     57     151     2648
385     56     68     688
386     88     66     856
387     14     107     4197
388     49     11     5
389     19     88     4764
390     69     164     471
391     18     83     2
392     9     154     4719
393     26     187     1047
394     76     113     1017
395     31     76     432
396     85     185     2218
397     8     131     3284
398     41     4     998
399     10     125     3360
400     68     27     909
401     42     152     2738
402     38     181     1041
403     64     94     3571
404     47     122     1199
405     49     140     2995
406     34     193     1198
407     25     184     3119
408     43     82     1190
409     94     60     929
410     73     33     425
411     99     49     1943
412     25     119     1136
413     45     155     2958
414     17     4     1150
415     9     141     2593
416     92     70     442
417     56     149     3970
418     4     98     438
419     36     82     3871
420     51     23     940
421     20     79     3973
422     11     198     1103
423     92     98     2289
424     43     137     1744
425     18     182     2705
426     89     140     214
427     75     91     2998
428     3     76     107
429     34     105     3423
430     65     113     346
431     93     53     64
432     86     141     4799
433     45     7     253
434     42     40     3486
435     94     193     1066
436     66     187     4591
437     3     134     1024
438     10     127     2485
439     38     162     364
440     21     154     2649
441     20     105     984
442     57     31     4176
443     30     2     1183
444     49     8     3510
445     52     52     1028
446     54     35     4841
447     45     90     413
448     42     62     1847
449     14     96     2613
450     49     80     592
451     51     193     3615
452     17     90     967
453     24     134     1500
454     93     65     3206
455     72     75     363
456     68     83     1370
457     95     22     279
458     85     45     3510
459     84     118     189
460     95     5     4881
461     96     38     729
462     82     13     1368
463     20     91     3388
464     40     81     1055
465     68     45     3724
466     36     111     112
467     26     182     599
468     35     48     2010
469     44     195     4687
470     90     176     1121
471     69     113     200
472     3     90     4811
473     21     87     436
474     29     1     1093
475     59     115     2922
476     99     142     931
477     53     152     2456
478     82     165     3271
479     15     34     41
480     84     190     4788
481     76     19     127
482     37     65     1746
483     2     133     3166
484     59     108     1199
485     5     72     3943
486     78     126     1042
487     25     2     1462
488     71     153     3925
489     76     62     763
490     7     94     501
491     29     72     2110
492     39     124     210
493     91     189     4571
494     14     127     753
495     10     134     4276
496     33     8     300
497     59     28     4564
498     95     60     658
499     64     168     536
500     85     158     3105
