1     14     40     1827
2     31     27     1008
3     8     34     2241
4     88     45     417
5     32     31     2941
6     66     25     420
7     54     46     976
8     58     44     1827
9     60     12     2426
10     95     31     645
11     8     34     451
12     88     45     3246
13     55     32     168
14     64     39     3527
15     20     34     74
16     1     46     2509
17     7     26     163
18     1     5     3332
19     49     23     807
20     57     37     3091
21     72     13     530
22     44     30     3570
23     76     20     106
24     20     47     2990
25     41     36     623
26     16     32     29
27     42     10     2722
28     20     23     376
29     1     22     553
30     80     40     3113
31     69     19     551
32     38     35     2720
33     39     21     701
34     50     49     2199
35     76     21     128
36     54     38     443
37     53     8     2751
38     23     43     514
39     33     7     625
40     32     27     2816
41     59     30     224
42     36     12     68
43     61     24     3373
44     70     44     382
45     90     14     1451
46     15     16     1330
47     12     2     238
48     6     13     153
49     74     32     3293
50     79     43     603
51     18     24     559
52     75     37     107
53     23     22     1139
54     60     43     99
55     26     20     3177
56     11     28     132
57     51     49     635
58     14     12     263
59     46     3     3366
60     97     35     163
61     80     38     2181
62     25     47     314
63     94     40     2863
64     23     17     899
65     22     11     626
66     92     49     884
67     62     17     2148
68     1     45     290
69     16     46     919
70     75     29     141
71     85     49     1169
72     57     34     1375
73     55     30     907
74     11     10     2162
75     9     46     777
76     30     27     2905
77     44     37     768
78     69     16     1578
79     8     40     1268
80     86     11     37
81     70     36     1600
82     57     41     3209
83     80     27     194
84     91     15     1166
85     3     24     2821
86     70     35     575
87     47     1     3014
88     40     21     437
89     4     7     1055
90     47     11     2890
91     72     9     611
92     69     6     108
93     67     48     2817
94     6     39     649
95     74     32     3082
96     50     46     553
97     11     42     1083
98     95     29     1333
99     7     48     778
100     85     42     1785
101     91     28     3566
102     80     48     233
103     12     41     1640
104     89     46     334
105     97     1     1237
106     41     29     779
107     11     46     2067
108     24     45     448
109     25     14     664
110     23     25     1767
111     59     44     676
112     64     12     189
113     49     48     1279
114     94     3     1045
115     48     15     2439
116     69     26     72
117     7     13     2054
118     82     22     747
119     25     29     3321
120     71     1     790
121     48     34     1479
122     96     30     2805
123     92     48     121
124     14     35     2692
125     80     39     854
126     50     15     1927
127     32     44     880
128     87     46     1943
129     28     41     68
130     39     47     3208
131     38     6     212
132     53     12     2252
133     13     35     611
134     10     20     216
135     68     39     793
136     10     13     2167
137     48     12     498
138     32     47     1378
139     53     39     557
140     39     18     1304
141     99     48     3398
142     98     37     863
143     30     44     746
144     64     41     3397
145     6     4     129
146     48     9     2634
147     49     2     452
148     85     32     2010
149     20     27     145
150     91     45     1265
151     38     15     2776
152     54     35     375
153     28     38     1922
154     51     27     99
155     37     38     153
156     64     42     2192
157     17     9     253
158     64     49     3034
159     25     33     46
160     49     44     431
161     7     14     2306
162     73     47     540
163     8     21     2804
164     86     46     533
165     13     6     2096
166     29     4     788
167     14     25     3608
168     12     15     275
169     15     35     650
170     31     2     510
171     22     21     3595
172     12     42     496
173     28     31     1556
174     65     44     936
175     37     14     2336
176     46     1     404
177     78     19     2254
178     54     17     586
179     95     33     610
180     29     27     3296
181     27     45     448
182     76     45     741
183     83     38     2863
184     22     34     36
185     8     49     2142
186     87     22     595
187     60     11     2250
188     77     29     11
189     16     41     2324
190     79     17     102
191     72     38     2561
192     89     43     96
193     61     14     2054
194     36     28     790
195     9     44     2876
196     84     37     545
197     12     43     3413
198     4     32     716
199     86     31     3606
200     65     26     488
