1        5        4      203
2        3        9      176
3        7        3       39
4        7        4      152
5        9        4      165
6        3        3      170
7        4        9      116
8       13        1       34
9        8        4      152
10       14        6       46
11       13        9      222
12        4        9      112
13       12        5       79
14        9        5        9
15        4        7       40
16       13        3      173
17        7        1       28
18       11        8      143
19        9        8      212
20       15        7        6
21        5        4      206
22       13        1       71
23        8        2      100
24       15        7      202
25        5        3       23
26        8        7       26
27        7        2      145
28       11        2       60
29        6        7       65
30       15        9       34
31       15        3      130
32        6        2       38
33        8        9      114
34       12        9       73
35        4        8      112
36        4        4      175
37       12        4      189
38       14        6      159
39        8        2      135
40        3        8      144
41        7        8        3
42       10        5       97
43        7        1       63
44       13        2      220
45       13        3      146
46        8        9      118
47       13        1      156
48       11        8      215
49        8        1      221
50       11        4       99
51       10        2      123
52       14        5      177
53       11        3      228
54        3        7       25
55       14        7      175
56        7        9      106
57        7        8      173
58       13        8        5
59        9        4      106
60        5        5      224
61        9        9       75
62       14        1       49
63       11        6      223
64        3        1       94
65        7        6      230
66       10        4      194
67       10        7       16
68       14        8       24
69        9        5      203
70        4        3      170
71       14        3      227
72        5        1      132
73       12        8      142
74       12        4       78
75       10        5       99
76       14        3       35
77       11        4        5
78        4        7      218
79       15        9      212
80        5        5      193
81        5        9      222
82        4        4      227
83       12        4      142
84       13        3       64
85       12        3       44
86        6        4      101
87       15        4       30
88        6        6      116
89        4        7      118
90        5        3      215
91       15        5       66
92       12        1      187
93        6        6        9
94        3        9      220
95       11        9       51
96        9        5      195
97        8        4       63
98       15        3       99
99        3        1      208
100       13        4       64
101        7        4      215
102       12        7      193
103       14        9       32
104        6        9       54
105        6        2      135
106       14        9      149
107        7        4       88
108       14        1       52
109        5        5      160
110       11        6       36
111       10        7      222
112        9        4       58
113       13        8      185
114       14        1      143
115       11        7       45
116        8        2      132
117       10        7      142
118       12        8      130
119        4        5       83
120       11        1      215
121       15        2       91
122        9        4      142
123       14        6       55
124       13        6      220
125        5        9      179
126       13        5      201
127       10        9       38
128       10        2      139
129        7        9      174
130       13        1      156
131        8        2        8
132       13        8       98
133       15        2       90
134        8        9      125
135       11        8      222
136       12        2      229
137       11        2      128
138       14        2       62
139       12        4      159
140        4        7      136
141       10        9       99
142        6        8       78
143        8        8      196
144        7        5      211
145       14        1       29
146       12        9       95
147       11        7       24
148        7        4       93
149       10        8      171
150       13        3       16
151        4        7       92
152       15        3       20
153        8        4      210
154        6        9      147
155        9        8       66
156       11        8       76
157       11        5       66
158       11        1      129
159       14        3      184
160       14        9       54
161       15        3      137
162       10        8      205
163       12        9      143
164       13        1      219
165        6        7      131
166        6        6       62
167        8        9       61
168        9        4      154
169       14        7      153
170        7        9       25
171       11        4      224
172       11        6      222
173       14        6      151
174        4        9       63
175        8        5       12
176       13        8       99
177        6        4      203
178       10        7      155
179       15        6       62
180       15        5      138
181        5        8       43
182        6        7      158
183       14        3      106
184       13        5       59
185        8        9      189
186        8        4      230
187       14        2      162
188       12        4       98
189       11        4      213
190       11        7      172
191       15        4      128
192        8        3       46
193       14        5       51
194        7        1      142
195        5        1       23
196       11        7       14
197       12        1       91
198       13        7        5
199       10        8       20
200        4        6       52
