20.251       434   419.625
20.157       434   419.625
20.173       432   419.625
20.083       432   419.625
20.064       434   419.625
20.204       432   419.625
20.251       432   419.625
20.079       431   419.625
20.173       432   419.625
20.032       433   419.625

20.189       428    415.25
20.048       427    415.25
20.227       426    415.25
20.094       426    415.25
20.08       429    415.25
20.048       427    415.25
20.157       427    415.25
20.032       426    415.25
20.204       426    415.25
20.017       429    415.25

20.032       425    410.25
20.036       429    410.25
20.001       428    410.25
20.063       427    410.25
20.001       431    410.25
20.032       427    410.25
20.017       430    410.25
20.016       431    410.25
20.032       427    410.25
20.001       429    410.25

20.21       436     426.5
20.22       436     426.5
20.079       438     426.5
20.188       435     426.5
20.095       436     426.5
20.001       436     426.5
20.094       437     426.5
20.173       436     426.5
20.017       436     426.5
20.053       438     426.5

20.142       431     416.5
20.017       431     416.5
20.173       432     416.5
20.126       431     416.5
20.079       431     416.5
20.111       428     416.5
20.173       430     416.5
20.11       431     416.5
20.021       429     416.5
20.142       430     416.5

20.032       451   431.875
20.126       449   431.875
20.064       450   431.875
20.11       450   431.875
20.126       459   431.875
20.142       451   431.875
20.079       451   431.875
20.038       449   431.875
20.142       452   431.875
20.016       452   431.875

20.126       474   447.625
20.079       471   447.625
20.126       472   447.625
20.032       472   447.625
20.048       474   447.625
20.111       471   447.625
20.099       471   447.625
20.094       469   447.625
20.08       472   447.625
20.048       471   447.625

20.032       463    439.75
20.142       462    439.75
20.001       462    439.75
20.079       463    439.75
20.095       460    439.75
20.036       462    439.75
20.095       461    439.75
20.001       460    439.75
20.048       463    439.75
20.064       461    439.75

20.236       420   410.375
20.204       422   410.375
20.064       420   410.375
20.157       421   410.375
20.021       418   410.375
20.188       419   410.375
20.189       420   410.375
20.016       422   410.375
20.032       420   410.375
20.173       418   410.375

20.001       429   419.375
20.032       428   419.375
20.016       430   419.375
20.209       428   419.375
20.142       428   419.375
20.001       429   419.375
20.016       428   419.375
20.126       431   419.375
20.173       428   419.375
20.079       430   419.375

