1     6     10     902
2     31     37     163
3     58     40     645
4     11     40     70
5     97     32     642
6     29     43     22
7     57     9     338
8     46     28     183
9     9     6     883
10     66     29     228
11     71     42     111
12     92     21     632
13     30     30     64
14     59     31     475
15     77     40     492
16     31     21     396
17     66     16     917
18     35     1     241
19     60     32     444
20     70     15     1006
21     23     25     89
22     45     40     359
23     49     38     321
24     74     15     929
25     91     9     56
26     52     19     1048
27     51     38     67
28     36     41     517
29     59     22     615
30     19     25     198
31     89     45     231
32     89     2     1011
33     26     29     105
34     80     32     279
35     17     33     643
36     11     17     52
37     89     27     902
38     82     43     15
39     64     48     875
40     22     32     171
41     11     23     391
42     61     48     741
43     66     5     246
44     68     20     448
45     97     16     871
46     39     46     27
47     35     41     852
48     42     1     255
49     76     4     140
50     66     48     275
