1     3     38     1020
2     5     47     136
3     9     31     664
4     44     70     103
5     88     74     644
6     86     25     138
7     18     16     1244
8     78     96     129
9     34     83     18
10     11     69     1057
11     10     42     154
12     54     99     687
13     46     34     253
14     84     16     731
15     88     19     96
16     62     73     1173
17     6     21     269
18     50     3     532
19     78     69     52
20     90     24     208
21     51     78     853
22     1     18     210
23     77     85     1187
24     32     13     197
25     81     22     572
26     58     58     14
27     54     79     392
28     41     40     911
29     51     96     238
30     56     8     1031
31     68     16     118
32     77     64     589
33     34     96     175
34     90     42     728
35     50     79     9
36     1     99     1154
37     77     19     180
38     36     34     289
39     92     66     692
40     47     4     47
41     85     80     716
42     15     39     4
43     18     77     227
44     31     69     819
45     26     70     74
46     91     14     1095
47     76     94     241
48     18     5     69
49     37     86     2
50     98     90     391
