1     77     198     2816
2     145     179     4764
3     91     128     375
4     191     80     4522
5     114     57     36
6     145     89     1262
7     175     85     1340
8     2     12     2915
9     52     147     4849
10     124     108     1013
11     71     58     5177
12     147     47     843
13     149     61     2922
14     127     29     2889
15     8     26     4136
16     188     146     831
17     23     63     1389
18     165     192     1086
19     172     197     6124
20     38     56     434
21     72     49     660
22     95     69     6081
23     133     91     88
24     111     146     2228
25     37     110     768
26     73     121     5832
27     153     183     399
28     50     22     1789
29     87     139     6017
30     61     184     516
31     171     103     5270
32     178     56     13
33     169     196     6414
34     183     27     1529
35     10     151     1877
36     14     79     6371
37     76     52     179
38     93     185     417
39     113     108     1798
40     114     164     5093
41     65     45     1257
42     177     124     1744
43     71     165     4346
44     190     190     956
45     116     61     5999
46     179     94     866
47     25     41     1878
48     151     82     5179
49     6     157     1600
50     93     35     5352
51     98     135     1078
52     193     89     2932
53     100     121     2640
54     176     134     5049
55     94     7     686
56     127     160     967
57     100     58     927
58     89     167     865
59     175     165     1543
60     179     134     5671
61     97     161     833
62     110     156     4413
63     59     96     482
64     159     64     1668
65     56     28     3374
66     45     133     354
67     89     91     6119
68     159     137     343
69     167     65     64
70     170     148     6160
71     3     108     272
72     5     74     833
73     100     19     5270
74     110     103     934
75     52     153     426
76     65     66     51
77     175     133     3603
78     103     65     305
79     113     85     4248
80     7     182     581
81     92     176     3673
82     121     146     1436
83     54     116     537
84     144     93     5002
85     115     41     1002
86     173     47     4066
87     105     1     745
88     57     172     2175
89     59     127     217
90     90     47     4625
91     36     186     1484
92     58     70     1151
93     25     108     2376
94     97     125     5585
95     138     9     453
96     81     149     4772
97     190     166     373
98     73     159     499
99     18     198     5993
100     170     46     364
101     73     176     4066
102     150     48     95
103     190     61     1568
104     156     191     3995
105     159     158     100
106     125     136     2727
107     172     79     3891
108     169     166     1256
109     99     100     664
110     192     10     3349
111     1     90     117
112     81     58     2033
113     87     24     1840
114     94     18     5339
115     15     110     709
116     76     166     3453
117     146     92     1053
118     62     105     118
119     129     54     354
120     120     88     2912
121     132     4     4156
122     7     37     1407
123     143     130     4420
124     87     112     758
125     107     57     5303
126     44     172     1123
127     8     41     4237
128     118     181     1225
129     125     149     1261
130     109     192     5204
131     97     166     690
132     156     92     4773
133     108     90     589
134     179     78     3036
135     179     199     32
136     151     75     3322
137     99     126     268
138     111     197     3747
139     96     196     250
140     33     60     5896
141     44     179     938
142     196     152     2764
143     82     179     5481
144     14     162     0
145     27     133     2478
146     60     162     5176
147     36     190     293
148     101     23     2775
149     116     174     346
150     174     96     4072
151     146     78     758
152     66     133     961
153     185     30     445
154     34     124     2829
155     128     53     1017
156     45     103     652
157     119     118     574
158     101     198     4617
159     170     19     1466
160     70     146     1362
161     125     3     819
162     144     80     6276
163     150     117     719
164     161     186     4305
165     137     176     1298
166     28     12     6166
167     50     171     196
168     55     118     1361
169     181     53     5058
170     28     195     1400
171     118     182     2446
172     149     135     2513
173     9     159     3668
174     150     104     192
175     53     107     1817
176     107     169     189
177     195     80     119
178     91     29     3682
179     97     47     313
180     37     163     5859
181     51     187     1238
182     27     196     4385
183     161     48     555
184     70     109     3633
185     165     81     1018
186     45     80     176
187     63     30     3825
188     72     87     504
189     73     9     4780
190     41     41     1085
191     130     114     4535
192     170     140     922
193     115     65     196
194     107     37     6063
195     188     172     1141
196     80     198     5006
197     66     165     735
198     142     99     3339
199     68     79     0
200     35     33     604
201     16     157     2330
202     177     122     3420
203     6     79     602
204     103     12     1960
205     32     69     1665
206     96     35     627
207     171     139     936
208     169     70     605
209     40     127     6025
210     132     73     1561
211     52     32     889
212     19     139     5969
213     168     45     1506
214     68     101     4522
215     72     122     1308
216     15     180     4027
217     39     183     1348
218     109     196     2374
219     17     106     5075
220     157     99     1090
221     165     92     403
222     199     52     6293
223     27     131     1422
224     77     34     2600
225     70     195     2038
226     18     74     1059
227     68     187     5851
228     190     26     1282
229     73     126     2464
230     144     153     6117
231     74     100     785
232     148     196     1482
233     23     8     5063
234     127     45     1394
235     54     53     2373
236     14     144     5741
237     115     47     1255
238     169     11     2417
239     122     4     5768
240     8     126     271
241     93     43     359
242     63     141     3317
243     180     62     1312
244     17     21     1592
245     99     12     2677
246     87     86     1366
247     85     43     1488
248     90     80     2684
249     72     157     1554
250     154     104     5990
251     58     82     1205
252     7     100     1890
253     134     66     51
254     187     29     4622
255     196     53     1424
256     183     76     4509
257     190     192     1023
258     120     134     2627
259     165     36     3197
260     121     89     271
261     115     85     1610
262     44     195     2187
263     17     45     5839
264     174     122     1119
265     16     50     2523
266     153     97     5490
267     47     169     1576
268     193     85     1273
269     186     24     4495
270     171     171     48
271     55     149     5951
272     150     112     801
273     165     99     2718
274     53     193     1819
275     111     29     2190
276     88     154     4507
277     20     122     718
278     129     176     5103
279     124     12     139
280     55     68     2849
281     158     192     4013
282     90     165     1283
283     146     194     2564
284     96     135     268
285     183     158     834
286     138     182     923
287     108     186     1881
288     87     86     4080
289     21     15     1491
290     90     9     4799
291     6     38     1110
292     73     82     4522
293     25     108     418
294     11     123     3038
295     136     8     1398
296     138     35     1988
297     174     70     5212
298     162     175     35
299     23     159     3598
300     85     99     750
301     182     37     5136
302     23     2     966
303     181     144     4765
304     154     105     311
305     46     139     4758
306     68     49     451
307     151     193     4115
308     173     106     1556
309     57     39     3309
310     160     126     1288
311     39     49     4196
312     149     163     659
313     28     89     4106
314     95     170     1102
315     175     172     4499
316     172     29     55
317     157     41     3206
318     39     152     4897
319     31     117     315
320     99     178     475
321     98     59     3413
322     117     144     491
323     117     35     6315
324     166     128     1168
325     117     195     6175
326     191     113     1591
327     101     89     1939
328     151     15     4301
329     20     119     1232
330     42     27     2329
331     174     101     4512
332     78     91     810
333     50     149     2536
334     68     125     3094
335     51     84     818
336     50     147     3932
337     128     51     542
338     196     6     5966
339     128     16     276
340     75     108     5489
341     13     190     1015
342     117     152     3234
343     162     41     483
344     133     72     5584
345     114     53     1164
346     146     66     19
347     22     80     305
348     93     198     4867
349     166     29     475
350     7     132     3977
351     179     90     64
352     70     78     1701
353     127     139     5667
354     77     15     1541
355     20     197     5360
356     141     164     562
357     176     134     1658
358     64     113     2801
359     80     52     633
360     80     153     892
361     105     72     5513
362     163     156     858
363     7     87     3985
364     126     120     779
365     21     139     4181
366     166     13     33
367     94     129     1513
368     9     71     174
369     130     24     4897
370     171     82     1141
371     61     72     4639
372     165     148     1429
373     117     126     2614
374     166     84     5510
375     41     28     1302
376     196     31     5548
377     49     143     751
378     196     112     5942
379     2     63     1550
380     44     82     4106
381     135     160     937
382     139     177     2833
383     55     125     2243
384     158     177     6154
385     30     199     763
386     149     187     1886
387     199     179     5072
388     175     172     1412
389     35     14     6415
390     6     4     872
391     156     185     6205
392     131     164     186
393     181     93     5027
394     1     155     99
395     96     71     3633
396     58     92     413
397     182     193     5205
398     98     69     1000
399     38     196     5533
400     123     22     203
401     110     44     5788
402     92     3     1603
403     127     28     3072
404     93     84     2796
405     194     164     3311
406     165     16     1494
407     18     63     5499
408     167     175     1607
409     87     98     66
410     133     114     6034
411     50     12     648
412     118     183     4702
413     105     112     1054
414     7     176     2560
415     41     171     5811
416     43     97     1518
417     94     21     5494
418     45     143     20
419     195     69     610
420     124     70     5301
421     58     29     679
422     145     149     332
423     121     62     3256
424     61     101     802
425     21     122     3547
426     182     119     1410
427     46     160     5168
428     124     118     953
429     176     88     4620
430     188     99     982
431     195     14     5972
432     100     179     951
433     54     53     3420
434     112     47     1518
435     113     138     2582
436     183     25     620
437     10     94     520
438     90     54     5233
439     115     9     814
440     162     144     5437
441     75     41     536
442     175     138     2344
443     27     50     3153
444     70     55     3497
445     104     9     473
446     179     107     4544
447     164     110     1563
448     177     135     5769
449     77     75     444
450     106     177     2650
451     153     88     4699
452     159     181     1489
453     48     123     532
454     54     93     5857
455     66     82     1166
456     194     40     4292
457     148     26     1489
458     67     110     980
459     51     162     1105
460     119     194     2020
461     199     132     701
462     124     72     5994
463     162     11     1393
464     172     133     3624
465     112     80     504
466     80     82     450
467     180     72     4988
468     74     25     717
469     99     37     673
470     20     163     1792
471     199     182     3000
472     5     71     3555
473     104     40     30
474     96     13     3469
475     51     2     135
476     29     53     4375
477     150     46     617
478     128     66     2576
479     176     44     3116
480     5     27     298
481     102     108     2573
482     78     191     511
483     59     133     4001
484     172     61     53
485     91     148     3208
486     74     172     2182
487     181     54     6332
488     87     187     808
489     160     59     6256
490     116     95     3
491     45     48     4774
492     149     86     133
493     53     145     4476
494     39     112     387
495     85     99     4052
496     197     13     866
497     60     28     5378
498     106     177     1284
499     74     110     1284
500     34     164     2813
