1        3        1       21
2        6        3       15
3       13        1       14
4       14        5       20
5       13        2        1
6        6        9        2
7        8        5       19
8        6        6       24
9       14        4       24
10        9        3        4
11        5        4       10
12       11        9       15
13        7        1        3
14        5        8       13
15        3        4       11
16       10        4       12
17       11        1       14
18       13        6        1
19       14        7        0
20        6        2       17
21        8        8       21
22       13        1        8
23       14        2       20
24       15        6       11
25        6        8       18
26        6        3        4
27        8        5        9
28        7        1        4
29        5        2        2
30       13        5       12
31        8        9       24
32       10        9       22
33        3        4       13
34        7        9       21
35       10        2       15
36        5        8       11
37        4        1       17
38        5        5       25
39       15        6        1
40       13        9       18
41        3        7       20
42        8        3        0
43        6        5       19
44        9        4       13
45       10        1       22
46       14        2       10
47        4        6       12
48       10        7       16
49       15        6        5
50       11        2        4
