30.001       503    493.25
30.002       502    493.25
30.008       500    493.25
30.002       501    493.25
30.001       502    493.25
30.002       500    493.25
30.001       500    493.25
30.002       502    493.25
30.006       501    493.25
30.002       501    493.25

30.002       501       492
30.002       500       492
30.001       506       492
30.002       502       492
30.006       505       492
30.001       506       492
30.002       503       492
30.002       501       492
30.001       503       492
30.002       502       492

30.007       496     487.5
30.002       495     487.5
30.002       495     487.5
30.001       493     487.5
30.002       494     487.5
30.001       494     487.5
30.007       495     487.5
30.001       496     487.5
30.002       496     487.5
30.001       498     487.5

30.002       474   466.625
30.001       474   466.625
30.006       473   466.625
30.002       472   466.625
30.001       473   466.625
30.002       473   466.625
30.002       474   466.625
30.001       475   466.625
30.008       473   466.625
30.001       474   466.625

30.002       486   477.875
30.001       486   477.875
30.002       483   477.875
30.001       487   477.875
30.006       485   477.875
30.002       486   477.875
30.002       481   477.875
30.001       487   477.875
30.002       484   477.875
30.001       486   477.875

30.006       489   482.125
30.002       489   482.125
30.001       487   482.125
30.002       488   482.125
30.002       493   482.125
30.001       488   482.125
30.008       489   482.125
30.002       487   482.125
30.001       487   482.125
30.002       490   482.125

30.001       512    497.75
30.002       510    497.75
30.008       508    497.75
30.001       508    497.75
30.002       508    497.75
30.002       507    497.75
30.001       509    497.75
30.002       505    497.75
30.007       507    497.75
30.002       511    497.75

30.002       479   471.875
30.001       478   471.875
30.002       478   471.875
30.002       479   471.875
30.007       477   471.875
30.001       477   471.875
30.002       479   471.875
30.001       479   471.875
30.002       476   471.875
30.002       477   471.875

30.006       493   481.375
30.001       490   481.375
30.002       494   481.375
30.002       490   481.375
30.001       490   481.375
30.002       490   481.375
30.005       491   481.375
30.002       491   481.375
30.002       494   481.375
30.001       490   481.375

30.001       479     470.5
30.002       480     470.5
30.006       476     470.5
30.002       479     470.5
30.001       479     470.5
30.002       478     470.5
30.001       478     470.5
30.002       477     470.5
30.007       476     470.5
30.001       478     470.5

