1     15     43     238
2     35     5     54
3     13     29     45
4     10     45     138
5     14     32     26
6     14     41     75
7     40     40     185
8     12     13     38
9     31     19     169
10     29     17     17
11     7     3     77
12     24     13     13
13     25     28     174
14     5     36     46
15     36     48     9
16     21     40     144
17     1     25     60
18     42     46     31
19     27     14     129
20     15     20     5
21     24     47     139
22     47     21     19
23     15     26     14
24     21     5     110
25     3     21     138
26     32     46     57
27     19     9     183
28     28     1     61
29     4     45     21
30     2     9     205
31     43     6     7
32     38     35     225
33     31     40     9
34     38     28     102
35     30     21     222
36     5     41     1
37     48     25     112
38     39     43     43
39     36     30     256
40     39     19     46
41     49     38     191
42     15     25     42
43     48     38     95
44     14     49     3
45     32     35     30
46     18     20     118
47     48     8     137
48     46     33     15
49     3     20     155
50     46     3     16
