10.016     2694     2633
10.016     2645     2633
10.016     2645     2633
10.016     2694     2633
10.016     2694     2633
10.016     2694     2633
10.016     2694     2633
10.016     2645     2633
10.016     2645     2633
10.016     2694     2633
             
0.578     2583     2583
0.187     2583     2583
0.187     2583     2583
0.578     2583     2583
0.578     2583     2583
0.578     2583     2583
0.578     2583     2583
0.187     2583     2583
0.187     2583     2583
0.578     2583     2583
             
0.421     2527     2527
0.501     2527     2527
0.501     2527     2527
0.421     2527     2527
0.501     2527     2527
0.501     2527     2527
0.421     2527     2527
0.501     2527     2527
0.501     2527     2527
0.501     2527     2527
             
0     2920     2920
0.047     2920     2920
0.047     2920     2920
0     2920     2920
0.047     2920     2920
0.047     2920     2920
0     2920     2920
0.047     2920     2920
0.047     2920     2920
0.047     2920     2920
             
10.016     2724     2696
10.016     2708     2696
10.016     2708     2696
10.016     2724     2696
10.016     2724     2696
10.016     2724     2696
10.016     2724     2696
10.016     2708     2696
10.016     2708     2696
10.016     2724     2696
             
0.047     2687     2687
0.047     2687     2687
0.047     2687     2687
0.047     2687     2687
0.047     2687     2687
0.047     2687     2687
0.047     2687     2687
0.047     2687     2687
0.047     2687     2687
0.047     2687     2687
             
10.016     2397     2328
10.016     2425     2328
10.016     2425     2328
10.016     2397     2328
10.016     2425     2328
10.016     2425     2328
10.016     2397     2328
10.016     2425     2328
10.016     2425     2328
10.016     2425     2328
             
0.328     2769     2769
0.328     2769     2769
0.328     2769     2769
0.328     2769     2769
0.328     2769     2769
0.328     2769     2769
0.328     2769     2769
0.328     2769     2769
0.328     2769     2769
0.328     2769     2769
             
1.375     2619     2619
3.969     2619     2619
3.969     2619     2619
1.375     2619     2619
3.969     2619     2619
3.969     2619     2619
1.375     2619     2619
3.969     2619     2619
3.969     2619     2619
3.969     2619     2619
             
10.016     2588     2521
10.016     2592     2521
10.016     2592     2521
10.016     2588     2521
10.016     2592     2521
10.016     2592     2521
10.016     2588     2521
10.016     2592     2521
10.016     2592     2521
10.016     2592     2521
             
