1     54     49     530
2     6     45     68
3     96     28     702
4     98     28     107
5     34     22     189
6     22     37     594
7     76     37     1232
8     22     19     235
9     39     43     661
10     39     12     226
11     78     26     970
12     76     39     161
13     68     5     352
14     31     9     836
15     48     5     34
16     95     5     116
17     28     8     812
18     28     18     38
19     50     24     799
20     71     29     134
21     71     28     14
22     54     34     1160
23     60     9     124
24     17     49     502
25     78     2     1062
26     78     45     150
27     27     35     694
28     8     12     105
29     22     10     835
30     13     43     306
31     83     10     770
32     89     19     289
33     48     21     1167
34     63     3     167
35     19     40     247
36     61     30     1239
37     29     33     285
38     84     42     306
39     48     42     214
40     71     13     68
41     42     24     822
42     56     19     6
43     24     11     502
44     26     14     930
45     5     19     305
46     68     30     107
47     61     33     176
48     58     26     320
49     60     39     1206
50     58     46     183
