1     90     29     334
2     87     22     876
3     11     4     228
4     16     32     662
5     87     15     127
6     58     39     784
7     10     12     101
8     53     32     138
9     64     34     516
10     22     7     39
11     31     20     967
12     38     21     92
13     7     34     820
14     49     38     28
15     81     8     664
16     13     6     8
17     86     30     897
18     73     38     263
19     78     1     653
20     57     40     152
21     31     30     553
22     44     24     234
23     20     26     614
24     8     15     100
25     85     20     174
26     74     16     571
27     31     18     1116
28     69     3     212
29     20     25     394
30     92     6     11
31     58     4     144
32     73     17     738
33     70     14     23
34     56     19     123
35     4     23     438
36     76     29     490
37     41     18     958
38     6     10     231
39     99     46     127
40     41     45     1055
41     76     36     272
42     34     18     622
43     26     1     63
44     29     12     1132
45     40     12     237
46     4     19     586
47     31     13     540
48     33     22     1083
49     39     8     272
50     50     35     91
