10.163     1012     978.4
10.059     1016     978.4
10.059     1016     978.4
10.012     1012     978.4
10.059     1016     978.4
10.059     1016     978.4
10.012     1012     978.4
10.059     1016     978.4
10.059     1016     978.4
10.163     1016     978.4
             
10.088     1017     978.4
10.021     1017     978.4
10.021     1017     978.4
10.259     1016     978.4
10.259     1017     978.4
10.259     1017     978.4
10.259     1016     978.4
10.021     1017     978.4
10.021     1017     978.4
10.088     1017     978.4
             
10.257     991     950.2
10.296     992     950.2
10.185     1005     950.2
10.129     992     950.2
10.333     998     950.2
10.333     998     950.2
10.129     992     950.2
10.185     1005     950.2
10.296     992     950.2
10.296     992     950.2
             
10.420     1081     1036.8
10.224     1080     1036.8
10.224     1080     1036.8
10.420     1081     1036.8
10.420     1081     1036.8
10.420     1081     1036.8
10.420     1081     1036.8
10.224     1080     1036.8
10.224     1080     1036.8
10.420     1081     1036.8
             
10.276     986     961.2
10.144     990     961.2
10.167     990     961.2
10.359     986     961.2
10.359     989     961.2
10.359     989     961.2
10.359     986     961.2
10.167     990     961.2
10.144     990     961.2
10.276     990     961.2
             
10.031     1014     966
10.241     1017     966
10.135     1012     966
10.336     1017     966
10.395     1017     966
10.395     1017     966
10.336     1017     966
10.135     1012     966
10.241     1017     966
10.241     1017     966
             
10.081     974     955
10.325     988     955
10.126     979     955
10.353     976     955
10.353     979     955
10.353     979     955
10.353     976     955
10.126     979     955
10.325     988     955
10.325     988     955
             
10.303     1020     962.4
10.275     1022     962.4
10.062     1020     962.4
10.184     1020     962.4
10.184     1020     962.4
10.184     1020     962.4
10.184     1020     962.4
10.062     1020     962.4
10.275     1022     962.4
10.303     1022     962.4
             
10.136     965     918.6
10.252     959     918.6
10.152     961     918.6
10.429     953     918.6
10.429     953     918.6
10.429     953     918.6
10.429     953     918.6
10.152     961     918.6
10.252     959     918.6
10.252     965     918.6
             
10.110     1045     1005.4
10.429     1055     1005.4
10.429     1055     1005.4
10.153     1045     1005.4
10.429     1055     1005.4
10.429     1055     1005.4
10.153     1045     1005.4
10.429     1055     1005.4
10.429     1055     1005.4
10.429     1055     1005.4
             
