20.032     10177     9961
20.079     10128     9961
20.079     10128     9961
20.032     10177     9961
20.079     10128     9961
20.079     10128     9961
20.032     10177     9961
20.079     10128     9961
20.079     10128     9961
20.032     10128     9961
             
20.017     10248     9946
20.016     10248     9946
20.016     10248     9946
20.017     10248     9946
20.017     10248     9946
20.017     10248     9946
20.017     10248     9946
20.016     10248     9946
20.016     10248     9946
20.016     10248     9946
             
20.048     10568     10308.5
20.063     10621     10308.5
20.063     10577     10308.5
20.048     10568     10308.5
20.063     10618     10308.5
20.063     10618     10308.5
20.048     10568     10308.5
20.063     10577     10308.5
20.063     10621     10308.5
20.048     10568     10308.5
             
20.016     10518     10268.5
20.079     10518     10268.5
20.079     10518     10268.5
20.016     10518     10268.5
20.079     10518     10268.5
20.079     10518     10268.5
20.016     10518     10268.5
20.079     10518     10268.5
20.079     10518     10268.5
20.016     10518     10268.5
             
20.001     9836     9634
20.047     9787     9634
20.047     9787     9634
20.001     9791     9634
20.047     9787     9634
20.047     9787     9634
20.001     9791     9634
20.047     9787     9634
20.047     9787     9634
20.001     9787     9634
             
20.047     10517     10209
20.048     10517     10209
20.048     10517     10209
20.047     10517     10209
20.048     10517     10209
20.048     10517     10209
20.047     10517     10209
20.048     10517     10209
20.048     10517     10209
20.047     10517     10209
             
20.079     9630     9521
20.078     9630     9521
20.078     9630     9521
20.079     9679     9521
20.079     9630     9521
20.079     9630     9521
20.079     9679     9521
20.078     9630     9521
20.078     9630     9521
20.078     9630     9521
             
20.001     9922     9772
20.047     9922     9772
20.047     9922     9772
20.001     9922     9772
20.047     9922     9772
20.047     9922     9772
20.001     9922     9772
20.047     9922     9772
20.047     9922     9772
20.001     9922     9772
             
20.079     9613     9463
20.032     9663     9463
20.032     9613     9463
20.079     9613     9463
20.079     9613     9463
20.079     9613     9463
20.079     9613     9463
20.032     9613     9463
20.032     9663     9463
20.032     9613     9463
             
20.064     10056     9905.5
20.047     10105     9905.5
20.047     10056     9905.5
20.064     10105     9905.5
20.064     10056     9905.5
20.064     10056     9905.5
20.064     10105     9905.5
20.047     10056     9905.5
20.047     10105     9905.5
20.047     10056     9905.5
             
