1     15     53     39
2     18     57     238
3     3     98     3
4     18     94     65
5     4     92     163
6     48     181     52
7     19     73     232
8     12     176     60
9     11     96     174
10     49     91     13
11     25     72     190
12     17     165     56
13     28     29     272
14     22     5     60
15     30     194     74
16     7     97     103
17     47     25     150
18     49     116     24
19     4     119     103
20     35     168     244
21     40     64     58
22     2     164     78
23     5     144     155
24     2     27     7
25     12     14     226
26     6     168     18
27     13     100     97
28     38     163     13
29     16     45     117
30     48     101     210
31     17     128     60
32     23     30     253
33     26     144     43
34     39     31     112
35     15     126     17
36     12     168     214
37     30     96     31
38     10     112     146
39     40     170     66
40     27     122     55
41     22     155     171
42     42     170     58
43     48     96     88
44     17     195     196
45     31     1     52
46     31     116     248
47     11     145     9
48     10     148     264
49     46     165     45
50     19     194     6
51     23     29     143
52     32     175     50
53     6     124     253
54     4     79     54
55     20     21     164
56     1     62     54
57     41     85     156
58     29     69     24
59     14     5     20
60     42     147     98
61     17     47     6
62     3     61     21
63     15     51     256
64     16     15     67
65     5     40     34
66     12     192     52
67     10     181     111
68     45     67     79
69     41     146     216
70     28     167     34
71     8     45     264
72     16     37     54
73     17     190     202
74     5     101     13
75     3     148     86
76     29     2     134
77     46     137     228
78     7     29     49
79     7     41     43
80     32     190     259
81     43     179     40
82     30     132     221
83     38     32     51
84     27     38     168
85     28     188     69
86     46     37     134
87     46     160     135
88     3     174     180
89     34     28     9
90     41     65     137
91     1     60     99
92     34     13     33
93     41     10     241
94     21     138     43
95     11     111     37
96     36     31     57
97     6     59     48
98     25     175     46
99     7     82     210
100     12     126     38
