1     5     28     204
2     31     149     401
3     43     13     179
4     4     114     272
5     45     118     713
6     8     100     191
7     41     100     108
8     44     11     482
9     20     44     121
10     2     72     348
11     14     119     511
12     19     141     57
13     21     64     436
14     4     93     74
15     10     199     224
16     6     11     438
17     17     71     108
18     34     170     6
19     44     129     578
20     2     12     125
21     23     26     206
22     36     133     625
23     39     157     43
24     19     63     242
25     27     62     321
26     9     189     659
27     37     42     149
28     19     194     284
29     40     37     471
30     14     103     96
31     8     121     53
32     34     157     566
33     4     28     24
34     22     89     628
35     8     110     21
36     17     190     65
37     30     138     128
38     30     86     646
39     20     187     88
40     2     114     48
41     43     141     18
42     40     80     530
43     8     181     188
44     20     168     476
45     22     158     155
46     31     49     575
47     33     157     87
48     7     143     261
49     45     160     463
50     32     45     132
51     9     49     613
52     27     113     106
53     38     105     608
54     37     24     148
55     25     111     527
56     35     197     98
57     33     117     368
58     26     66     78
59     7     26     476
60     22     123     121
61     40     58     239
62     7     157     19
63     9     100     618
64     32     163     158
65     34     188     370
66     33     145     408
67     44     156     5
68     42     29     290
69     49     73     651
70     4     173     184
71     23     1     426
72     40     83     8
73     1     37     636
74     9     185     46
75     27     124     626
76     4     18     42
77     6     100     678
78     14     154     42
79     34     168     584
80     11     155     144
81     44     3     645
82     29     46     72
83     42     176     669
84     22     93     48
85     28     158     122
86     28     199     686
87     18     43     174
88     35     151     664
89     44     111     125
90     36     181     449
91     36     153     129
92     10     118     260
93     1     158     725
94     19     100     106
95     6     82     316
96     22     123     711
97     25     169     10
98     20     85     209
99     13     87     26
100     34     123     422
101     20     146     180
102     18     82     653
103     42     25     172
104     25     46     703
105     20     23     31
106     41     93     743
107     42     127     85
108     6     56     434
109     41     108     31
110     38     176     24
111     11     168     58
112     20     195     550
113     16     145     152
114     29     173     146
115     23     63     596
116     5     190     148
117     38     158     754
118     48     187     11
119     13     35     33
120     47     78     268
121     47     34     5
122     31     180     285
123     40     139     378
124     24     1     604
125     38     131     26
126     29     177     469
127     4     58     31
128     41     196     297
129     17     41     139
130     39     37     292
131     11     160     750
132     15     148     66
133     4     185     552
134     22     91     75
135     48     145     742
136     39     70     30
137     16     39     715
138     10     142     124
139     39     39     42
140     49     108     665
141     38     45     140
142     29     132     164
143     10     3     120
144     23     117     378
145     14     114     529
146     41     178     98
147     17     113     300
148     35     195     88
149     10     147     447
150     34     90     16
151     29     174     405
152     20     76     154
153     23     26     658
154     17     85     170
155     38     114     37
156     12     42     364
157     43     73     38
158     1     165     567
159     1     145     81
160     24     30     706
161     30     152     78
162     39     182     693
163     2     159     29
164     31     186     272
165     30     182     503
166     31     160     169
167     4     28     632
168     38     113     13
169     9     184     572
170     47     95     124
171     25     179     477
172     35     22     40
173     20     111     636
174     21     175     106
175     4     66     574
176     45     130     51
177     17     160     623
178     47     6     14
179     31     125     73
180     42     78     434
181     22     103     119
182     26     61     582
183     41     113     35
184     22     98     580
185     49     130     157
186     34     125     340
187     19     199     596
188     27     113     92
189     22     69     609
190     49     39     74
191     11     170     514
192     29     44     12
193     7     134     167
194     5     150     266
195     21     133     467
196     26     46     176
197     25     96     596
198     18     114     37
199     18     87     693
200     29     62     173
201     22     117     285
202     12     35     530
203     13     191     34
204     27     183     117
205     13     157     32
206     9     169     595
207     41     63     143
208     9     56     377
209     15     179     342
210     15     88     1
211     44     40     595
212     13     130     125
213     23     110     652
214     26     150     51
215     28     165     599
216     43     144     106
217     38     34     183
218     13     116     577
219     49     117     36
220     45     172     275
221     16     130     370
222     7     38     363
223     21     10     124
224     21     35     394
225     43     74     105
226     40     113     273
227     46     7     642
228     5     6     69
229     20     120     432
230     33     123     78
231     41     61     79
232     48     70     21
233     39     3     175
234     13     72     144
235     30     144     498
236     32     6     127
237     44     15     334
238     2     30     584
239     30     95     119
240     26     30     313
241     49     3     132
242     27     18     39
243     14     128     406
244     30     177     167
245     26     184     638
246     17     152     38
247     45     186     566
248     25     140     91
249     23     83     259
250     28     32     300
251     42     156     731
252     13     175     51
253     39     132     359
254     23     128     488
255     20     30     176
256     41     19     326
257     33     168     143
258     3     5     396
259     34     127     175
260     7     52     557
261     20     149     127
262     17     3     498
263     2     180     14
264     30     4     35
265     46     34     402
266     24     129     42
267     36     156     203
268     7     45     551
269     48     12     137
270     34     131     428
271     31     81     115
272     14     191     518
273     30     170     9
274     14     182     80
275     2     130     719
276     30     141     27
277     23     159     337
278     37     51     51
279     45     80     730
280     44     46     74
281     3     54     125
282     49     163     235
283     10     149     170
284     25     13     359
285     11     52     677
286     24     79     161
287     44     180     8
288     35     17     33
289     38     166     697
290     1     197     142
291     45     65     592
292     32     185     105
293     3     181     62
294     5     162     660
295     42     152     88
296     36     71     362
297     14     70     263
298     30     160     634
299     12     161     175
300     44     80     223
