10.016     2466     2258.13
10.016     2435     2258.13
10.016     2435     2258.13
10.016     2466     2258.13
10.016     2466     2258.13
10.016     2466     2258.13
10.016     2466     2258.13
10.016     2435     2258.13
10.016     2435     2258.13
10.016     2466     2258.13
             
10.016     2456     2303.13
10.016     2461     2303.13
10.016     2461     2303.13
10.016     2456     2303.13
10.016     2461     2303.13
10.016     2461     2303.13
10.016     2456     2303.13
10.016     2461     2303.13
10.016     2461     2303.13
10.016     2461     2303.13
             
10.016     2474     2261.25
10.016     2462     2261.25
10.016     2462     2261.25
10.016     2474     2261.25
10.016     2474     2261.25
10.016     2474     2261.25
10.016     2474     2261.25
10.016     2462     2261.25
10.016     2462     2261.25
10.016     2474     2261.25
             
10.016     2343     2213.75
10.016     2399     2213.75
10.016     2399     2213.75
10.016     2343     2213.75
10.016     2399     2213.75
10.016     2399     2213.75
10.016     2343     2213.75
10.016     2399     2213.75
10.016     2399     2213.75
10.016     2399     2213.75
             
10.001     2591     2379.38
10.016     2556     2379.38
10.016     2556     2379.38
10.001     2591     2379.38
10.016     2591     2379.38
10.016     2591     2379.38
10.001     2591     2379.38
10.016     2556     2379.38
10.016     2556     2379.38
10.016     2591     2379.38
             
10.016     2412     2270.13
10.016     2393     2270.13
10.016     2393     2270.13
10.016     2412     2270.13
10.016     2412     2270.13
10.016     2412     2270.13
10.016     2412     2270.13
10.016     2393     2270.13
10.016     2393     2270.13
10.016     2412     2270.13
             
10.016     2661     2477.88
10.016     2601     2477.88
10.016     2601     2477.88
10.016     2661     2477.88
10.016     2661     2477.88
10.016     2661     2477.88
10.016     2661     2477.88
10.016     2601     2477.88
10.016     2601     2477.88
10.016     2661     2477.88
             
10.016     2563     2427.13
10.016     2583     2427.13
10.016     2583     2427.13
10.016     2563     2427.13
10.016     2583     2427.13
10.016     2583     2427.13
10.016     2563     2427.13
10.016     2583     2427.13
10.016     2583     2427.13
10.016     2583     2427.13
             
10.016     2213     2059.75
10.016     2219     2059.75
10.016     2219     2059.75
10.016     2213     2059.75
10.016     2219     2059.75
10.016     2219     2059.75
10.016     2213     2059.75
10.016     2219     2059.75
10.016     2219     2059.75
10.016     2219     2059.75
             
10.016     2587     2425.13
10.016     2567     2425.13
10.016     2567     2425.13
10.016     2587     2425.13
10.016     2587     2425.13
10.016     2587     2425.13
10.016     2587     2425.13
10.016     2567     2425.13
10.016     2567     2425.13
10.016     2587     2425.13
             
