5.003     872     844
5.003     873     844
5.004     880     844
5.004     880     844
5.003     872     844
5.003     872     844
5.004     880     844
5.004     880     844
5.003     873     844
5.003     872     844
             
5.002     834     824.2
5.01     834     824.2
5.007     834     824.2
5.007     834     824.2
5.01     837     824.2
5.01     837     824.2
5.007     834     824.2
5.007     834     824.2
5.01     834     824.2
5.002     834     824.2
             
5.011     950     897
5.006     947     897
5.015     947     897
5.015     947     897
5.011     950     897
5.011     950     897
5.015     947     897
5.015     947     897
5.006     947     897
5.006     947     897
             
5.005     974     949.6
5.006     978     949.6
5.009     974     949.6
5.009     974     949.6
5.006     974     949.6
5.006     974     949.6
5.009     974     949.6
5.009     974     949.6
5.006     978     949.6
5.005     974     949.6
             
5.004     1008     939.4
5.003     1004     939.4
5.003     1006     939.4
5.003     1006     939.4
5.004     1004     939.4
5.004     1004     939.4
5.003     1006     939.4
5.003     1006     939.4
5.003     1004     939.4
5.003     1004     939.4
             
5.005     949     903.6
5.001     949     903.6
5.004     951     903.6
5.004     949     903.6
5.005     949     903.6
5.005     949     903.6
5.004     949     903.6
5.004     951     903.6
5.001     949     903.6
5.001     949     903.6
             
5.009     998     957.4
5.001     1008     957.4
5.003     998     957.4
5.003     1008     957.4
5.009     1008     957.4
5.009     1008     957.4
5.003     1008     957.4
5.003     998     957.4
5.001     1008     957.4
5.001     1008     957.4
             
5.008     1060     990
5.009     1060     990
5.007     1060     990
5.007     1060     990
5.009     1060     990
5.009     1060     990
5.007     1060     990
5.007     1060     990
5.009     1060     990
5.008     1060     990
             
5.002     1060     987
5.008     1061     987
5.006     1060     987
5.006     1060     987
5.008     1061     987
5.008     1061     987
5.006     1060     987
5.006     1060     987
5.008     1061     987
5.002     1060     987
             
5.001     1009     965.6
5.008     1009     965.6
5.001     1009     965.6
5.001     1009     965.6
5.008     1009     965.6
5.008     1009     965.6
5.001     1009     965.6
5.001     1009     965.6
5.008     1009     965.6
5.001     1009     965.6
             
