1     50     1     337
2     22     30     1117
3     55     6     72
4     3     3     1014
5     30     36     242
6     12     39     261
7     95     16     888
8     94     11     57
9     31     37     589
10     94     7     82
11     95     1     414
12     67     21     562
13     39     20     613
14     68     18     438
15     11     34     1195
16     30     32     17
17     95     3     236
18     34     32     1151
19     75     30     295
20     19     18     321
21     19     3     1103
22     91     33     60
23     67     11     41
24     20     33     1193
25     47     22     44
26     76     45     367
27     49     25     292
28     48     35     514
29     68     4     191
30     39     25     92
31     31     36     438
32     43     37     628
33     88     14     37
34     93     41     189
35     64     34     858
36     53     29     44
37     12     14     803
38     79     35     14
39     9     31     141
40     88     28     821
41     74     32     223
42     29     2     810
43     73     39     268
44     36     42     171
45     25     40     694
46     16     34     182
47     23     23     1111
48     62     9     262
49     24     11     832
50     87     47     272
51     9     16     104
52     29     20     920
53     94     13     190
54     76     11     1040
55     4     39     207
56     84     16     733
57     1     2     280
58     44     44     84
59     36     19     225
60     55     1     537
61     5     33     890
62     17     28     225
63     90     4     856
64     75     25     303
65     97     11     665
66     58     47     69
67     93     49     1153
68     61     31     7
69     7     7     752
70     31     2     148
71     23     9     861
72     81     26     201
73     90     6     492
74     33     44     470
75     49     13     906
76     92     19     243
77     26     43     87
78     52     31     701
79     18     48     138
80     40     48     451
81     49     41     733
82     1     35     212
83     18     14     587
84     1     22     117
85     22     35     549
86     71     39     582
87     21     38     795
88     30     3     229
89     46     8     293
90     21     16     251
91     38     20     648
92     5     13     116
93     12     30     299
94     2     16     181
95     59     8     1159
96     68     2     273
97     19     5     676
98     54     15     214
99     65     18     223
100     61     49     204
101     19     36     587
102     98     42     1185
103     10     26     213
104     26     33     308
105     19     25     768
106     23     2     307
107     55     23     302
108     87     20     1033
109     26     3     307
110     1     38     254
111     12     49     204
112     66     3     662
113     69     12     15
114     88     7     1224
115     74     49     163
116     40     8     679
117     40     38     182
118     94     24     453
119     36     30     33
120     11     22     803
121     44     16     230
122     50     20     1039
123     9     24     222
124     86     2     936
125     38     39     27
126     67     11     390
127     48     33     960
128     46     4     233
129     93     42     259
130     22     45     728
131     88     1     255
132     36     3     505
133     97     9     1033
134     36     1     176
135     3     34     656
136     29     23     49
137     50     7     527
138     29     11     929
139     59     40     69
140     33     40     916
141     62     14     243
142     98     27     683
143     44     44     129
144     39     44     1198
145     51     1     184
146     78     38     1063
147     18     36     53
148     82     15     494
149     63     35     937
150     38     34     195
151     66     22     392
152     91     20     456
153     14     33     1099
154     67     21     38
155     4     46     132
156     47     27     90
157     81     42     78
158     51     27     975
159     51     17     88
160     6     32     17
161     63     29     294
162     58     47     528
163     66     2     723
164     96     19     62
165     55     45     888
166     81     21     27
167     96     2     402
168     15     45     544
169     62     10     633
170     70     46     112
171     23     13     1191
172     11     11     214
173     89     14     1141
174     87     7     255
175     51     32     846
176     70     19     150
177     35     42     1011
178     42     14     62
179     81     43     823
180     8     13     215
181     7     31     1032
182     60     26     127
183     83     9     19
184     84     24     705
185     41     17     81
186     62     33     371
187     6     26     791
188     97     2     223
189     78     32     225
190     68     3     114
191     97     22     711
192     16     42     14
193     81     24     1199
194     76     44     106
195     8     9     250
196     28     17     777
197     80     15     61
198     48     9     7
199     22     16     313
200     33     42     471
