1     81     39     305
2     73     7     929
3     63     23     106
4     51     6     1218
5     34     20     323
6     55     43     34
7     70     3     832
8     89     32     203
9     1     9     789
10     71     24     278
11     82     39     646
12     71     39     754
13     21     46     22
14     10     1     537
15     74     15     1244
16     75     21     113
17     84     22     202
18     67     28     849
19     21     26     179
20     77     33     122
21     8     46     129
22     42     19     191
23     30     16     792
24     51     46     169
25     20     15     338
26     56     18     452
27     43     2     699
28     51     7     144
29     51     35     80
30     52     25     1138
31     86     44     225
32     68     40     382
33     98     32     196
34     34     26     437
35     20     10     459
36     20     9     558
37     85     49     331
38     88     30     662
39     18     1     8
40     74     23     375
41     30     30     758
42     5     40     274
43     78     28     1261
44     42     10     40
45     2     24     801
46     89     42     80
47     84     27     916
48     32     16     267
49     78     32     173
50     92     27     357
51     47     24     864
52     83     46     69
53     25     18     917
54     34     35     184
55     54     5     581
56     96     21     150
57     65     9     261
58     66     40     1277
59     76     2     271
60     51     22     415
61     53     33     772
62     45     1     208
63     98     16     1220
64     92     31     178
65     68     25     1229
66     16     41     137
67     97     6     1101
68     5     36     240
69     84     21     1294
70     55     22     37
71     91     11     1095
72     76     2     206
73     57     24     531
74     69     31     627
75     12     9     775
76     44     46     149
77     61     47     895
78     74     39     162
79     37     4     1157
80     85     17     291
81     83     9     1124
82     2     48     323
83     95     49     501
84     27     39     39
85     93     32     173
86     16     8     469
87     14     31     628
88     16     18     108
89     52     4     1266
90     40     10     115
91     55     14     560
92     23     6     118
93     19     33     360
94     38     29     1167
95     19     30     236
96     33     42     1162
97     96     49     320
98     57     21     751
99     49     43     307
100     75     10     467
101     49     18     64
102     11     31     678
103     57     45     281
104     40     39     769
105     28     43     153
106     9     46     896
107     47     45     63
108     9     16     966
109     55     30     225
110     95     15     200
111     99     49     799
112     28     15     98
113     88     21     927
114     45     8     167
115     3     11     556
116     59     18     788
117     34     25     272
118     84     16     1133
119     6     33     153
120     77     42     641
121     52     28     739
122     82     17     109
123     56     37     552
124     79     49     334
125     17     41     787
126     17     6     295
127     78     45     1143
128     26     16     137
129     56     19     173
130     84     47     240
131     31     34     823
132     90     8     254
133     55     8     836
134     98     13     146
135     42     8     356
136     36     17     1129
137     64     33     320
138     89     20     1055
139     29     8     177
140     24     28     1122
141     19     4     240
142     73     38     5
143     51     38     751
144     80     19     23
145     83     4     633
146     17     33     126
147     86     21     1292
148     41     13     7
149     11     37     671
150     51     33     40
151     18     47     130
152     33     12     586
153     85     21     1218
154     63     37     214
155     85     5     992
156     62     1     142
157     4     26     534
158     71     12     924
159     3     45     274
160     26     17     746
161     22     14     202
162     49     18     504
163     93     15     159
164     46     42     607
165     94     9     460
166     69     40     1183
167     30     17     182
168     8     41     478
169     71     44     155
170     6     20     1267
171     98     17     160
172     84     7     460
173     76     1     1188
174     8     47     158
175     94     38     903
176     63     8     33
177     69     22     1139
178     11     39     38
179     89     43     273
180     5     12     909
181     17     13     87
182     24     39     482
183     61     3     94
184     78     44     714
185     40     28     173
186     50     37     278
187     86     16     360
188     95     24     108
189     88     22     218
190     26     37     771
191     43     20     90
192     91     18     1131
193     81     21     164
194     42     38     728
195     69     37     150
196     48     34     51
197     53     23     105
198     10     22     268
199     53     19     425
200     37     20     222
