5     507     480.875
5     522     480.875
5     519     480.875
5     519     480.875
5     522     480.875
5     522     480.875
5     519     480.875
5     519     480.875
5     522     480.875
5     522     480.875
             
5     545     509
5     569     509
5     552     509
5     552     509
5     569     509
5     569     509
5     552     509
5     552     509
5     569     509
5     569     509
             
5     579     546.25
5     583     546.25
5     599     546.25
5     599     546.25
5     583     546.25
5     583     546.25
5     599     546.25
5     599     546.25
5     583     546.25
5     583     546.25
             
5     600     555.875
5     595     555.875
5     602     555.875
5     602     555.875
5     600     555.875
5     600     555.875
5     602     555.875
5     602     555.875
5     595     555.875
5     600     555.875
             
5     658     571.875
5     650     571.875
5     643     571.875
5     643     571.875
5     658     571.875
5     658     571.875
5     643     571.875
5     643     571.875
5     650     571.875
5     658     571.875
             
5     557     499
5     542     499
5     531     499
5     531     499
5     557     499
5     557     499
5     531     499
5     531     499
5     542     499
5     557     499
             
5     553     514.125
5     545     514.125
5     542     514.125
5     542     514.125
5     553     514.125
5     553     514.125
5     542     514.125
5     542     514.125
5     545     514.125
5     553     514.125
             
5     640     583.125
5     639     583.125
5     631     583.125
5     631     583.125
5     640     583.125
5     640     583.125
5     631     583.125
5     631     583.125
5     639     583.125
5     640     583.125
             
5     570     536.875
5     569     536.875
5     572     536.875
5     572     536.875
5     570     536.875
5     570     536.875
5     572     536.875
5     572     536.875
5     569     536.875
5     570     536.875
             
5     633     590.75
5     636     590.75
5     624     590.75
5     624     590.75
5     636     590.75
5     636     590.75
5     624     590.75
5     624     590.75
5     636     590.75
5     636     590.75
             
