1     125     30     4027
2     160     1     1348
3     173     45     5303
4     103     4     568
5     188     38     5019
6     183     8     299
7     163     40     1969
8     114     3     3539
9     94     8     70
10     121     24     2967
11     75     21     2506
12     87     9     420
13     51     12     2355
14     169     40     1248
15     124     30     1182
16     97     6     3224
17     36     8     671
18     180     47     5360
19     176     26     942
20     102     30     2607
21     10     18     1030
22     32     38     4632
23     80     2     764
24     140     35     5696
25     159     29     865
26     87     19     4058
27     182     49     150
28     179     49     3974
29     88     19     1
30     136     45     2825
31     49     8     4081
32     177     37     607
33     196     33     5352
34     73     1     1057
35     165     13     1447
36     100     24     4757
37     170     32     1097
38     10     34     125
39     170     28     234
40     114     13     5269
41     167     35     1098
42     142     33     1542
43     94     27     3480
44     1     38     227
45     107     29     3616
46     65     15     487
47     163     17     799
48     181     35     162
49     184     20     181
50     12     30     6234
51     89     9     769
52     128     18     5938
53     143     44     651
54     183     36     5819
55     8     13     459
56     35     22     734
57     127     30     1413
58     179     48     4699
59     11     9     45
60     158     5     3623
61     116     35     878
62     145     43     4236
63     73     8     1011
64     30     14     1716
65     147     39     746
66     186     23     4254
67     36     23     250
68     67     43     1502
69     176     19     645
70     81     6     1396
71     198     9     2912
72     198     3     1761
73     186     4     4353
74     98     47     1480
75     110     25     738
76     139     24     6205
77     191     27     828
78     46     2     5212
79     35     26     1563
80     122     41     4646
81     187     1     1192
82     133     9     3112
83     23     17     597
84     31     17     6165
85     85     15     1341
86     167     39     3924
87     140     6     235
88     46     48     2746
89     54     25     2711
90     194     16     2741
91     93     4     2422
92     17     11     3281
93     118     35     791
94     101     39     4219
95     57     16     145
96     47     29     4643
97     17     16     1557
98     120     27     4476
99     106     36     612
100     80     41     4303
101     38     11     108
102     9     30     2833
103     69     3     2606
104     98     42     6082
105     142     3     1204
106     25     40     5436
107     118     8     1312
108     199     41     3112
109     18     22     1439
110     115     24     3206
111     9     18     164
112     175     6     1515
113     111     16     4277
114     101     29     230
115     172     21     604
116     91     49     2161
117     137     21     1389
118     24     22     709
119     141     27     2058
120     153     6     3158
121     16     5     3229
122     88     35     827
123     16     39     5659
124     57     9     198
125     160     28     5555
126     142     17     148
127     53     24     4676
128     48     24     12
129     33     2     1631
130     194     29     1034
131     100     1     2146
132     168     30     2461
133     86     20     1836
134     53     46     3459
135     111     6     540
136     121     27     5120
137     155     14     38
138     13     39     347
139     62     33     991
140     24     45     510
141     183     47     2231
142     110     31     530
143     19     36     6202
144     99     4     854
145     156     28     3054
146     77     26     3397
147     66     17     677
148     50     28     3667
149     75     40     389
150     28     6     3648
151     101     2     1258
152     94     31     1653
153     92     43     6104
154     114     44     1428
155     44     36     6374
156     56     26     756
157     87     41     5125
158     71     13     1062
159     32     45     6008
160     23     35     1263
161     146     19     2173
162     196     36     5157
163     46     18     1123
164     175     24     2322
165     56     24     1908
166     162     36     4077
167     34     33     1325
168     56     17     2741
169     190     8     2579
170     88     3     2361
171     5     5     2667
172     5     24     5768
173     54     27     848
174     172     49     2071
175     65     6     869
176     135     47     2677
177     118     21     3430
178     33     28     769
179     141     39     2550
180     104     34     3969
181     139     27     1030
182     149     47     3275
183     151     18     176
184     136     15     345
185     84     41     3519
186     149     37     1032
187     69     27     1918
188     161     45     1922
189     67     27     516
190     119     30     3743
191     182     13     57
192     63     8     5961
193     188     34     992
194     66     29     2419
195     97     11     2690
196     48     26     2547
197     162     33     1184
198     164     14     486
199     59     12     5780
200     15     24     1420
201     170     17     873
202     50     23     5221
203     20     1     710
204     82     37     2004
205     70     43     882
206     13     45     1824
207     37     1     1264
208     123     15     688
209     193     41     1168
210     108     49     2900
211     60     13     3662
212     55     43     651
213     183     22     1750
214     94     5     2759
215     50     45     284
216     87     18     5565
217     168     40     1434
218     30     46     2138
219     25     37     1641
220     32     9     720
221     7     7     4710
222     48     10     1127
223     136     32     5252
224     185     47     303
225     36     46     2575
226     133     8     4328
227     18     23     1370
228     112     26     4172
229     157     8     152
230     174     20     1445
231     152     12     207
232     190     10     6355
233     48     2     374
234     4     21     5079
235     49     11     1270
236     103     9     1563
237     175     15     4780
238     55     34     420
239     51     12     606
240     95     25     1550
241     141     9     3406
242     110     27     1133
243     40     34     5044
244     159     15     1236
245     66     14     4213
246     20     11     786
247     85     13     2662
248     153     24     3856
249     12     28     333
250     101     23     1617
251     114     22     182
252     165     31     1928
253     74     15     4194
254     93     46     657
255     16     4     4375
256     182     38     1063
257     113     22     4987
258     132     15     1066
259     88     17     5888
260     54     3     577
261     3     43     1590
262     172     25     270
263     143     25     2554
264     145     5     5202
265     184     42     163
266     158     13     2411
267     14     15     3852
268     99     22     876
269     133     25     4266
270     177     13     1186
271     172     45     5014
272     29     23     697
273     74     2     2727
274     25     36     6065
275     136     37     1117
276     111     1     5564
277     36     44     1163
278     193     25     2752
279     129     34     6057
280     121     28     206
281     12     24     4328
282     134     15     118
283     25     27     2799
284     88     47     5826
285     183     35     363
286     41     3     1465
287     138     46     4425
288     111     18     681
289     89     47     2052
290     155     32     2717
291     15     2     4657
292     133     29     1590
293     172     43     1104
294     113     35     650
295     113     26     2442
296     170     9     5039
297     174     43     607
298     153     46     5727
299     27     5     758
300     163     28     4225
301     157     8     4
302     52     41     4803
303     177     31     1240
304     27     17     3672
305     129     49     1456
306     46     7     6061
307     195     1     638
308     46     8     5101
309     68     44     1311
310     159     29     4747
311     49     14     624
312     122     31     5800
313     113     46     1306
314     91     7     55
315     199     4     27
316     135     39     1777
317     162     27     997
318     34     37     1671
319     196     44     2709
320     129     43     2288
321     100     31     2424
322     30     2     3645
323     196     16     957
324     5     22     789
325     24     48     4816
326     23     36     1245
327     195     35     4571
328     150     44     10
329     18     1     1305
330     140     12     2072
331     26     36     2792
332     187     17     1573
333     88     39     1056
334     136     38     5869
335     101     19     877
336     33     46     5026
337     14     45     973
338     149     48     1745
339     180     42     5976
340     15     36     1497
341     47     13     3322
342     182     34     810
343     3     40     3173
344     103     44     3930
345     193     17     879
346     36     40     1091
347     194     44     3127
348     65     49     4419
349     118     21     1491
350     137     39     1647
351     164     38     2986
352     153     39     14
353     125     38     3621
354     175     18     1222
355     156     2     5489
356     67     17     1399
357     78     35     4749
358     91     38     524
359     10     9     466
360     95     7     2511
361     112     45     322
362     4     31     2951
363     29     31     873
364     43     25     4766
365     142     35     511
366     44     35     4426
367     29     22     341
368     110     32     4024
369     108     10     162
370     27     9     1348
371     94     2     6062
372     188     48     1457
373     180     23     5626
374     196     42     208
375     111     5     4007
376     50     19     1124
377     26     42     6125
378     175     26     16
379     106     5     2825
380     44     8     3151
381     35     2     4289
382     52     37     429
383     125     31     5841
384     60     21     892
385     86     39     2183
386     73     47     5739
387     45     24     1361
388     98     36     1136
389     180     8     687
390     94     11     5352
391     103     40     624
392     80     41     1427
393     108     13     5014
394     74     27     1315
395     197     27     4291
396     143     34     669
397     121     36     1048
398     115     13     546
399     130     42     4187
400     47     45     1011
401     88     6     3600
402     113     46     1029
403     123     45     5111
404     64     37     704
405     189     1     1945
406     59     44     6015
407     11     3     256
408     54     34     5900
409     3     24     968
410     168     34     4704
411     76     5     1175
412     140     11     449
413     40     12     2475
414     143     41     6051
415     128     11     1090
416     194     48     1795
417     28     21     5274
418     131     12     1376
419     113     20     708
420     107     12     1143
421     10     47     2534
422     115     35     5694
423     89     38     1058
424     71     26     2213
425     37     28     4242
426     142     19     351
427     35     41     6370
428     180     40     1296
429     103     33     136
430     144     43     6098
431     119     11     452
432     180     46     5172
433     134     40     405
434     138     15     3424
435     123     48     261
436     41     23     349
437     36     49     1218
438     181     23     371
439     28     6     1565
440     197     37     1775
441     133     15     5415
442     169     38     250
443     179     30     2363
444     43     49     2460
445     32     25     5237
446     33     16     855
447     172     48     913
448     142     21     2565
449     59     3     2830
450     171     3     4779
451     78     8     1563
452     99     24     5521
453     86     18     940
454     171     5     2598
455     156     41     3304
456     119     12     339
457     90     5     3148
458     64     7     2622
459     70     35     3262
460     39     48     295
461     36     47     5695
462     117     5     1239
463     38     45     2671
464     145     35     2757
465     80     5     959
466     142     42     320
467     187     43     5438
468     166     15     1480
469     156     44     722
470     114     43     5234
471     164     3     550
472     66     29     4849
473     127     22     1580
474     197     1     2476
475     113     33     6251
476     154     4     466
477     36     9     3743
478     9     24     12
479     187     39     4858
480     48     2     1032
481     64     31     523
482     17     10     2046
483     171     31     2693
484     64     47     1800
485     115     40     3021
486     168     22     5193
487     61     27     971
488     44     39     5191
489     152     21     948
490     93     2     5477
491     163     20     459
492     138     23     2364
493     37     39     918
494     68     36     3326
495     113     32     1199
496     86     46     1622
497     66     10     1668
498     7     19     1383
499     198     18     2539
500     84     6     1570
