10.022     1251     1201.13
10.030     1245     1201.13
10.030     1251     1201.13
10.022     1251     1201.13
10.030     1251     1201.13
10.030     1251     1201.13
10.022     1251     1201.13
10.030     1251     1201.13
10.030     1245     1201.13
10.022     1245     1201.13
             
10.037     1200     1153
10.027     1197     1153
10.027     1197     1153
10.037     1200     1153
10.037     1197     1153
10.037     1197     1153
10.037     1200     1153
10.027     1197     1153
10.027     1197     1153
10.027     1197     1153
             
10.046     1222     1173.13
10.004     1230     1173.13
10.004     1222     1173.13
10.046     1222     1173.13
10.046     1222     1173.13
10.046     1222     1173.13
10.046     1222     1173.13
10.004     1222     1173.13
10.004     1230     1173.13
10.004     1222     1173.13
             
10.028     1221     1174.25
10.031     1221     1174.25
10.031     1221     1174.25
10.028     1223     1174.25
10.031     1221     1174.25
10.031     1221     1174.25
10.028     1223     1174.25
10.031     1221     1174.25
10.031     1221     1174.25
10.028     1221     1174.25
             
10.065     1265     1207.5
10.007     1272     1207.5
10.007     1265     1207.5
10.065     1280     1207.5
10.065     1272     1207.5
10.065     1272     1207.5
10.065     1280     1207.5
10.007     1265     1207.5
10.007     1272     1207.5
10.007     1265     1207.5
             
10.052     1185     1146.75
10.046     1186     1146.75
10.046     1186     1146.75
10.052     1208     1146.75
10.052     1185     1146.75
10.052     1185     1146.75
10.052     1208     1146.75
10.046     1186     1146.75
10.046     1186     1146.75
10.046     1185     1146.75
             
10.039     1245     1180.88
10.026     1250     1180.88
10.026     1240     1180.88
10.039     1245     1180.88
10.039     1240     1180.88
10.039     1240     1180.88
10.039     1245     1180.88
10.026     1240     1180.88
10.026     1250     1180.88
10.026     1245     1180.88
             
10.003     1135     1079.75
10.020     1129     1079.75
10.020     1129     1079.75
10.003     1130     1079.75
10.020     1130     1079.75
10.020     1130     1079.75
10.003     1130     1079.75
10.020     1129     1079.75
10.020     1129     1079.75
10.003     1129     1079.75
             
10.019     1148     1101.25
10.022     1149     1101.25
10.022     1149     1101.25
10.019     1148     1101.25
10.022     1149     1101.25
10.022     1149     1101.25
10.019     1148     1101.25
10.022     1149     1101.25
10.022     1149     1101.25
10.019     1148     1101.25
             
10.004     1223     1146.5
10.052     1219     1146.5
10.052     1220     1146.5
10.004     1220     1146.5
10.052     1220     1146.5
10.052     1220     1146.5
10.004     1220     1146.5
10.052     1220     1146.5
10.052     1219     1146.5
10.004     1219     1146.5
             
