10.001     1270     1201.13
10.001     1263     1201.13
10.001     1263     1201.13
10.001     1270     1201.13
10.001     1270     1201.13
10.001     1270     1201.13
10.001     1270     1201.13
10.001     1263     1201.13
10.001     1263     1201.13
10.001     1270     1201.13
             
10.001     1198     1153
10.001     1200     1153
10.001     1200     1153
10.001     1198     1153
10.001     1200     1153
10.001     1200     1153
10.001     1198     1153
10.001     1200     1153
10.001     1200     1153
10.001     1200     1153
             
10.001     1232     1173.13
10.001     1231     1173.13
10.001     1231     1173.13
10.001     1232     1173.13
10.001     1232     1173.13
10.001     1232     1173.13
10.001     1232     1173.13
10.001     1231     1173.13
10.001     1231     1173.13
10.001     1232     1173.13
             
10.001     1245     1174.25
10.001     1235     1174.25
10.001     1235     1174.25
10.001     1245     1174.25
10.001     1245     1174.25
10.001     1245     1174.25
10.001     1245     1174.25
10.001     1235     1174.25
10.001     1235     1174.25
10.001     1245     1174.25
             
10.001     1268     1207.5
10.001     1271     1207.5
10.001     1271     1207.5
10.001     1268     1207.5
10.001     1271     1207.5
10.001     1271     1207.5
10.001     1268     1207.5
10.001     1271     1207.5
10.001     1271     1207.5
10.001     1271     1207.5
             
10.001     1216     1146.75
10.001     1208     1146.75
10.001     1208     1146.75
10.001     1216     1146.75
10.001     1216     1146.75
10.001     1216     1146.75
10.001     1216     1146.75
10.001     1208     1146.75
10.001     1208     1146.75
10.001     1216     1146.75
             
10.001     1246     1180.88
10.001     1260     1180.88
10.001     1260     1180.88
10.001     1246     1180.88
10.001     1260     1180.88
10.001     1260     1180.88
10.001     1246     1180.88
10.001     1260     1180.88
10.001     1260     1180.88
10.001     1260     1180.88
             
10.001     1136     1079.75
10.001     1133     1079.75
10.001     1133     1079.75
10.001     1136     1079.75
10.001     1136     1079.75
10.001     1136     1079.75
10.001     1136     1079.75
10.001     1133     1079.75
10.001     1133     1079.75
10.001     1136     1079.75
             
10.001     1151     1101.25
10.001     1154     1101.25
10.001     1154     1101.25
10.001     1151     1101.25
10.001     1154     1101.25
10.001     1154     1101.25
10.001     1151     1101.25
10.001     1154     1101.25
10.001     1154     1101.25
10.001     1154     1101.25
             
10.001     1227     1146.5
10.001     1221     1146.5
10.001     1221     1146.5
10.001     1227     1146.5
10.001     1227     1146.5
10.001     1227     1146.5
10.001     1227     1146.5
10.001     1221     1146.5
10.001     1221     1146.5
10.001     1227     1146.5
             
