1       15        7        8
2       11        6        2
3       13        1        3
4        5        8        3
5        7        2       14
6       12        3       11
7       12        1        5
8       13        1        3
9        3        6        4
10        9        1        1
11       13        9       10
12       13        7        2
13       12        9        0
14       12        1        5
15       11        7       14
16        6        8        9
17       11        8        6
18       15        8        4
19       12        2        9
20        3        8       13
21       12        4        4
22        4        7       11
23        3        3        4
24        3        6        9
25        4        4       12
26        6        6       13
27       14        1        9
28        3        7       11
29        5        3        3
30        4        9        3
31        6        4       10
32       10        9       13
33        4        4       10
34       15        9        3
35        4        1        6
36        4        1        7
37        3        7       11
38        4        9        5
39       13        4        7
40       14        7        3
41        7        5        7
42       13        7        2
43        8        1       14
44       13        9        1
45       12        7       13
46       12        5       13
47       12        7        3
48        3        9       12
49       10        9       13
50       13        5        6
