1     58     152     23
2     98     77     296
3     39     107     16
4     24     50     6
5     6     63     71
6     36     190     271
7     81     148     16
8     83     163     234
9     94     87     70
10     17     101     95
11     45     29     193
12     40     15     45
13     96     19     166
14     91     41     33
15     42     91     245
16     33     195     5
17     5     102     149
18     44     39     3
19     42     121     68
20     88     122     74
21     30     105     100
22     83     159     216
23     29     189     16
24     14     55     304
25     31     87     30
26     72     36     42
27     23     169     282
28     75     18     7
29     83     89     64
30     66     75     287
31     34     96     19
32     96     64     17
33     21     106     198
34     66     193     26
35     30     173     233
36     58     52     25
37     79     56     141
38     53     151     204
39     95     148     28
40     20     179     90
41     82     151     232
42     12     129     26
43     89     79     233
44     26     8     7
45     90     183     91
46     23     164     139
47     47     48     278
48     81     130     11
49     48     116     87
50     68     97     283
51     58     36     4
52     22     137     112
53     10     43     104
54     79     74     52
55     75     74     28
56     39     12     72
57     43     38     60
58     35     112     287
59     94     198     40
60     46     149     33
61     34     140     123
62     9     128     233
63     63     179     75
64     92     11     117
65     33     161     264
66     1     180     16
67     61     95     30
68     57     77     295
69     78     75     34
70     42     165     274
71     16     179     31
72     15     68     175
73     65     16     14
74     20     54     245
75     27     93     12
76     22     176     212
77     29     10     54
78     66     89     193
79     79     171     64
80     35     37     196
81     64     190     63
82     8     56     37
83     21     116     262
84     66     188     26
85     59     56     230
86     31     55     13
87     40     161     232
88     57     165     16
89     3     85     306
90     29     127     44
91     18     2     90
92     83     8     86
93     10     194     290
94     9     108     12
95     37     65     55
96     68     186     84
97     61     113     36
98     96     132     208
99     68     146     27
100     47     138     100
