1     48     37     622
2     97     32     153
3     21     37     1059
4     25     28     211
5     19     40     1274
6     77     6     317
7     73     16     370
8     75     46     54
9     79     23     487
10     16     12     1087
11     1     18     277
12     42     42     166
13     85     20     631
14     38     7     771
15     88     13     50
16     94     48     1131
17     55     25     217
18     82     31     230
19     24     39     189
20     51     12     673
21     42     18     278
22     63     13     870
23     60     15     280
24     66     35     1031
25     51     32     217
26     7     13     1113
27     49     11     262
28     55     19     801
29     1     3     129
30     5     20     1079
31     7     26     318
32     58     1     338
33     35     34     1278
34     82     16     274
35     64     9     97
36     71     13     702
37     72     21     129
38     9     46     969
39     49     38     158
40     84     19     170
41     22     25     151
42     52     34     1177
43     89     8     324
44     11     48     949
45     74     42     217
46     89     13     307
47     46     7     1180
48     53     7     9
49     99     33     917
50     52     23     153
51     7     28     999
52     85     2     260
53     50     23     1253
54     17     39     267
55     35     34     1062
56     87     17     170
57     82     47     52
58     19     39     351
59     89     19     914
60     44     47     264
61     43     24     509
62     11     5     1105
63     48     21     2
64     95     25     116
65     74     41     18
66     29     12     229
67     73     30     221
68     23     7     410
69     84     22     126
70     36     47     878
71     57     8     326
72     69     18     69
73     60     26     1154
74     73     34     118
75     65     23     436
76     1     21     217
77     54     2     1047
78     38     4     163
79     52     39     859
80     43     4     37
81     94     49     70
82     52     47     703
83     99     46     221
84     49     11     1102
85     41     41     116
86     21     43     463
87     72     29     1220
88     32     14     161
89     35     30     823
90     4     22     91
91     23     20     301
92     36     42     651
93     30     18     1219
94     96     16     201
95     93     2     295
96     47     2     494
97     39     49     1224
98     42     7     130
99     75     8     533
100     92     22     263
