0.016     1409     1409
0.016     1409     1409
0.016     1409     1409
0.016     1409     1409
0.016     1409     1409
0.016     1409     1409
0.016     1409     1409
0.016     1409     1409
0.016     1409     1409
0.016     1409     1409
             
10.016     1214     1074
10.016     1214     1074
10.016     1214     1074
10.016     1214     1074
10.016     1214     1074
10.016     1214     1074
10.016     1214     1074
10.016     1214     1074
10.016     1214     1074
10.016     1214     1074
             
10.016     1486     1447
10.016     1486     1447
10.016     1486     1447
10.016     1486     1447
10.016     1486     1447
10.016     1486     1447
10.016     1486     1447
10.016     1486     1447
10.016     1486     1447
10.016     1486     1447
             
0     1336     1336
0.015     1336     1336
0.015     1336     1336
0     1336     1336
0.015     1336     1336
0.015     1336     1336
0     1336     1336
0.015     1336     1336
0.015     1336     1336
0.015     1336     1336
             
10.001     1351     1243
10.016     1351     1243
10.016     1351     1243
10.001     1351     1243
10.016     1351     1243
10.016     1351     1243
10.001     1351     1243
10.016     1351     1243
10.016     1351     1243
10.016     1351     1243
             
10.016     1433     1359
10.016     1433     1359
10.016     1433     1359
10.016     1433     1359
10.016     1433     1359
10.016     1433     1359
10.016     1433     1359
10.016     1433     1359
10.016     1433     1359
10.016     1433     1359
             
10.001     1382     1273
10.016     1382     1273
10.016     1382     1273
10.001     1382     1273
10.016     1382     1273
10.016     1382     1273
10.001     1382     1273
10.016     1382     1273
10.016     1382     1273
10.016     1382     1273
             
10.016     1360     1313
10.016     1360     1313
10.016     1360     1313
10.016     1360     1313
10.016     1360     1313
10.016     1360     1313
10.016     1360     1313
10.016     1360     1313
10.016     1360     1313
10.016     1360     1313
             
10.016     1319     1270
10.016     1319     1270
10.016     1319     1270
10.016     1319     1270
10.016     1319     1270
10.016     1319     1270
10.016     1319     1270
10.016     1319     1270
10.016     1319     1270
10.016     1319     1270
             
10.016     1256     1231
10.016     1256     1231
10.016     1256     1231
10.016     1256     1231
10.016     1256     1231
10.016     1256     1231
10.016     1256     1231
10.016     1256     1231
10.016     1256     1231
10.016     1256     1231
             
