1     161     2     16807
2     120     46     85
3     37     10     30049
4     132     8     4194
5     48     3     4878
6     80     35     26163
7     159     40     5946
8     193     7     11375
9     128     31     11440
10     145     15     5060
11     170     48     13923
12     84     27     9927
13     196     12     6763
14     120     18     8340
15     150     31     26633
16     105     33     2913
17     197     30     21440
18     114     43     757
19     156     24     25504
20     177     26     2265
21     120     23     16899
22     189     23     6057
23     128     36     23658
24     158     21     7434
25     130     29     10033
26     93     16     19925
27     98     12     4494
28     155     41     13114
29     18     41     7164
30     196     19     13577
31     158     44     25055
32     178     31     5014
33     29     39     15385
34     83     3     7343
35     39     5     1135
36     173     47     9596
37     40     45     14124
38     159     15     2062
39     36     1     15066
40     173     3     8587
41     54     7     28446
42     66     19     788
43     196     13     3591
44     58     30     17164
45     32     8     2921
46     181     49     24675
47     116     13     2634
48     33     35     12317
49     168     41     21764
50     134     23     6421
51     118     7     25565
52     18     25     1088
53     41     44     17842
54     36     4     5194
55     196     21     28179
56     79     42     3372
57     191     6     20677
58     131     48     2557
59     178     11     14104
60     188     13     28214
61     55     20     414
62     149     39     5257
63     80     42     20236
64     88     11     2040
65     157     30     1278
66     53     14     677
67     32     46     10174
68     195     17     4977
69     167     5     14410
70     139     43     18799
71     79     10     2648
72     150     7     22618
73     107     47     369
74     110     37     11030
75     144     43     13260
76     184     49     28147
77     126     23     221
78     32     41     26729
79     136     31     4170
80     10     23     5371
81     57     44     27563
82     185     32     2548
83     50     32     11802
84     198     14     17631
85     90     20     5677
86     190     27     25150
87     74     46     1440
88     122     9     24952
89     144     16     1306
90     66     40     7578
91     139     38     11882
92     191     43     12577
93     157     4     21152
94     60     19     2066
95     117     23     29570
96     4     4     5895
97     180     9     26106
98     37     9     5959
99     73     12     21790
100     48     39     3123
101     48     41     18206
102     27     48     1141
103     82     17     18926
104     52     6     3577
105     175     15     22910
106     98     14     7006
107     132     9     30160
108     116     22     6827
109     32     47     8808
110     28     7     7884
111     11     43     3623
112     8     13     10653
113     94     48     20484
114     117     31     1613
115     106     19     21094
116     171     2     5376
117     21     15     20152
118     139     37     2389
119     8     20     29930
120     47     28     157
121     58     21     27582
122     35     25     4853
123     48     35     16735
124     112     6     5915
125     168     16     11595
126     162     44     24454
127     39     13     4394
128     130     15     3250
129     127     4     6304
130     166     21     15988
131     192     1     3278
132     150     36     3681
133     93     36     15812
134     134     24     4756
135     109     34     8587
136     19     30     23568
137     96     43     3087
138     4     34     21613
139     119     43     2304
140     122     49     22395
141     122     11     5118
142     12     20     9358
143     120     44     8174
144     146     2     12860
145     40     38     26507
146     44     7     2643
147     147     2     22759
148     126     12     6662
149     100     25     2430
150     50     47     9525
151     31     10     15936
152     97     49     7253
153     185     30     4796
154     91     48     2783
155     119     15     12462
156     61     31     9434
157     103     46     4491
158     55     3     19179
159     9     23     1057
160     19     35     10327
161     52     28     13230
162     148     23     15434
163     43     26     1355
164     23     15     16021
165     96     27     6102
166     101     48     15734
167     42     22     5589
168     17     15     24399
169     57     31     5086
170     98     25     14637
171     34     36     18410
172     18     18     3434
173     86     34     3232
174     89     43     10645
175     26     31     11313
176     84     11     11179
177     139     3     10109
178     134     43     17617
179     186     11     2530
180     70     35     3895
181     146     44     21544
182     55     11     544
183     115     35     2844
184     144     47     15581
185     157     45     362
186     87     24     23540
187     110     6     640
188     109     7     1285
189     61     13     2028
190     48     9     1498
191     184     41     18476
192     111     5     6437
193     164     43     3491
194     98     46     11440
195     195     46     21951
196     192     26     650
197     1     29     6278
198     39     7     17131
199     19     41     3953
200     83     45     11797
201     74     15     22768
202     86     44     627
203     86     22     687
204     189     6     8805
205     21     27     11608
206     107     5     10420
207     48     10     28266
208     181     30     5120
209     29     1     18940
210     114     21     389
211     136     10     13254
212     11     46     13114
213     42     25     27301
214     104     35     2192
215     97     22     30089
216     74     1     12
217     4     42     3026
218     57     48     11103
219     84     26     5427
220     29     7     29839
221     171     26     4968
222     143     28     9990
223     99     31     256
224     161     17     21516
225     109     45     355
226     21     14     15191
227     107     45     5507
228     82     35     15615
229     146     9     4779
230     79     16     25032
231     162     24     6462
232     7     12     8571
233     60     24     29054
234     127     48     3194
235     175     13     29669
236     197     22     3880
237     104     18     12194
238     93     25     27480
239     66     49     2888
240     187     6     25137
241     90     20     2425
242     68     20     15491
243     49     20     2550
244     160     24     30038
245     43     44     4637
246     168     14     15549
247     164     1     346
248     4     49     13569
249     167     34     18809
250     16     38     7317
251     43     33     15166
252     182     46     5952
253     159     36     14604
254     108     19     28681
255     143     11     2211
256     26     49     8304
257     149     19     30134
258     52     27     4163
259     162     41     8190
260     69     31     18515
261     60     26     6013
262     88     41     21462
263     159     26     5281
264     131     16     10492
265     88     16     2039
266     63     46     7652
267     100     22     2468
268     181     37     4036
269     1     22     3348
270     41     37     3281
271     64     21     23340
272     19     38     1366
273     177     47     13395
274     120     31     7438
275     185     12     27484
276     46     34     3121
277     173     29     9006
278     187     8     26054
279     30     19     542
280     96     30     15822
281     165     42     7176
282     179     33     25118
283     66     12     7114
284     78     45     1266
285     12     8     23860
286     122     42     5540
287     97     17     15267
288     178     45     6690
289     87     32     8033
290     79     37     8227
291     20     12     1499
292     13     7     26195
293     160     31     543
294     90     35     21410
295     58     41     2424
296     7     12     27007
297     119     22     7132
298     174     15     25404
299     26     45     1903
300     47     10     6763
