1     182     143     2495
2     174     148     711
3     117     149     3465
4     92     104     822
5     162     66     1455
6     46     116     3159
7     71     133     153
8     28     120     2677
9     30     124     458
10     146     125     1470
11     148     57     603
12     91     84     1341
13     78     42     3749
14     109     183     122
15     133     11     1304
16     112     14     3631
17     18     91     691
18     142     102     3363
19     141     8     353
20     92     186     415
21     67     195     3091
22     31     76     1
23     61     58     874
24     173     69     3377
25     175     26     491
26     66     125     765
27     71     187     783
28     12     35     1478
29     14     192     832
30     93     124     1731
31     187     135     2828
32     165     106     131
33     138     191     645
34     61     104     1950
35     91     83     50
36     151     116     2179
37     146     104     23
38     139     129     3797
39     2     168     469
40     105     48     121
41     41     133     1309
42     164     25     2678
43     122     2     138
44     4     3     2115
45     9     56     391
46     160     110     1605
47     121     20     2031
48     102     170     679
49     110     167     2378
50     73     7     575
51     197     186     99
52     54     123     2374
53     99     37     932
54     101     184     1492
55     13     161     3814
56     91     118     318
57     131     65     3261
58     6     22     172
59     89     29     1186
60     103     90     2722
61     10     119     47
62     41     157     2634
63     176     112     679
64     15     39     1292
65     137     57     3448
66     16     107     38
67     18     45     3766
68     97     79     281
69     54     169     3117
70     95     33     99
71     72     184     613
72     114     6     2550
73     176     165     838
74     16     118     1472
75     41     26     3381
76     94     174     699
77     88     22     3087
78     18     120     927
79     175     99     2846
80     191     170     856
81     139     24     2025
82     153     63     557
83     53     144     3283
84     23     153     899
85     58     113     370
86     155     51     2771
87     117     108     273
88     191     176     2228
89     139     156     690
90     19     160     214
91     108     75     2057
92     86     150     0
93     102     114     1202
94     197     173     3621
95     105     33     202
96     77     125     1712
97     77     35     2808
98     19     32     766
99     89     9     70
100     142     143     3579
