1        72      70.5
1        72      70.5
1        72      70.5
1        72      70.5
1        72      70.5
1        72      70.5
1        72      70.5
1        72      70.5
1        72      70.5
1        72      70.5

1        91        83
1        91        83
1        91        83
1        91        83
1        91        83
1        91        83
1        91        83
1        91        83
1        91        83
1        91        83

1        71        69
1        71        69
1        71        69
1        71        69
1        71        69
1        71        69
1        71        69
1        71        69
1        71        69
1        71        69

1        86        80
1        86        80
1        86        80
1        86        80
1        86        80
1        86        80
1        86        80
1        86        80
1        86        80
1        86        80

1        87        84
1        87        84
1        87        84
1        87        84
1        87        84
1.001        87        84
1        87        84
1        87        84
1        87        84
1        87        84

1        93      91.5
1        93      91.5
1        93      91.5
1        93      91.5
1        93      91.5
1        93      91.5
1        93      91.5
1        93      91.5
1        93      91.5
1        93      91.5

1        73      70.5
1        73      70.5
1        73      70.5
1        73      70.5
1        73      70.5
1        73      70.5
1        73      70.5
1        73      70.5
1        73      70.5
1        73      70.5

1        87        85
1        87        85
1        87        85
1        87        85
1        87        85
1        87        85
1        87        85
1        87        85
1        87        85
1        87        85

1        76        72
1        76        72
1        76        72
1        76        72
1        76        72
1        76        72
1        76        72
1        76        72
1        76        72
1        76        72

1       107      98.5
1       107      98.5
1       107      98.5
1       107      98.5
1       107      98.5
1       107      98.5
1       107      98.5
1       107      98.5
1       107      98.5
1       107      98.5

