30.006     7964     7764.5
30.003     7939     7764.5
30.003     7939     7764.5
30.006     7964     7764.5
30.006     7964     7764.5
30.006     7964     7764.5
30.006     7964     7764.5
30.003     7939     7764.5
30.003     7939     7764.5
30.006     7964     7764.5
             
30.005     7451     7303
30.034     7451     7303
30.034     7451     7303
30.005     7451     7303
30.034     7451     7303
30.034     7451     7303
30.005     7451     7303
30.034     7451     7303
30.034     7451     7303
30.034     7451     7303
             
30.018     7753     7529.5
30.020     7751     7529.5
30.020     7751     7529.5
30.018     7753     7529.5
30.020     7753     7529.5
30.020     7753     7529.5
30.018     7753     7529.5
30.020     7751     7529.5
30.020     7751     7529.5
30.020     7753     7529.5
             
30.003     7265     7141
30.019     7265     7141
30.019     7265     7141
30.003     7265     7141
30.019     7265     7141
30.019     7265     7141
30.003     7265     7141
30.019     7265     7141
30.019     7265     7141
30.019     7265     7141
             
30.003     7281     7175.5
30.003     7305     7175.5
30.003     7305     7175.5
30.003     7281     7175.5
30.003     7305     7175.5
30.003     7305     7175.5
30.003     7281     7175.5
30.003     7305     7175.5
30.003     7305     7175.5
30.003     7305     7175.5
             
30.002     7983     7664
30.017     7934     7664
30.017     7934     7664
30.002     7983     7664
30.017     7983     7664
30.017     7983     7664
30.002     7983     7664
30.017     7934     7664
30.017     7934     7664
30.017     7983     7664
             
30.020     7838     7639.5
30.033     7814     7639.5
30.033     7814     7639.5
30.020     7838     7639.5
30.033     7838     7639.5
30.033     7838     7639.5
30.020     7838     7639.5
30.033     7814     7639.5
30.033     7814     7639.5
30.033     7838     7639.5
             
30.017     7685     7486
30.021     7683     7486
30.021     7683     7486
30.017     7685     7486
30.021     7685     7486
30.021     7685     7486
30.017     7685     7486
30.021     7683     7486
30.021     7683     7486
30.021     7685     7486
             
30.550     7404     7305.5
30.035     7428     7305.5
30.035     7428     7305.5
30.550     7404     7305.5
30.550     7428     7305.5
30.550     7428     7305.5
30.550     7404     7305.5
30.035     7428     7305.5
30.035     7428     7305.5
30.550     7428     7305.5
             
30.908     7724     7574.5
30.005     7724     7574.5
30.005     7724     7574.5
30.908     7724     7574.5
30.908     7724     7574.5
30.908     7724     7574.5
30.908     7724     7574.5
30.005     7724     7574.5
30.005     7724     7574.5
30.908     7724     7574.5
             
