1     41     49     265
2     85     32     1159
3     8     48     280
4     98     44     529
5     30     43     433
6     87     1     407
7     73     35     191
8     25     14     236
9     37     29     652
10     77     21     93
11     80     10     453
12     95     47     668
13     62     17     129
14     34     4     1204
15     67     38     244
16     96     25     292
17     46     37     365
18     57     20     643
19     16     6     49
20     49     36     1072
21     48     7     108
22     74     43     419
23     8     16     102
24     28     6     461
25     31     48     20
26     45     29     1039
27     26     35     29
28     56     9     861
29     44     5     139
30     42     21     749
31     90     29     64
32     5     6     285
33     50     39     794
34     7     20     99
35     47     1     683
36     10     27     40
37     87     41     293
38     75     38     432
39     5     41     577
40     87     32     433
41     17     8     1140
42     24     22     158
43     53     9     957
44     57     39     101
45     45     3     958
46     24     12     18
47     32     15     160
48     58     16     1150
49     41     30     1
50     61     19     272
51     23     30     1182
52     49     30     78
53     29     27     803
54     68     36     20
55     16     12     395
56     73     32     846
57     30     23     90
58     66     8     1174
59     43     19     210
60     37     24     164
61     21     10     281
62     50     31     730
63     49     14     101
64     21     15     789
65     2     44     171
66     92     7     946
67     63     10     145
68     39     20     1052
69     54     43     84
70     97     5     175
71     63     13     27
72     95     21     711
73     83     41     84
74     65     5     426
75     4     6     928
76     86     9     129
77     8     25     48
78     6     2     1054
79     70     6     218
80     28     16     235
81     45     31     945
82     83     27     280
83     23     44     494
84     23     12     1076
85     27     36     97
86     3     31     268
87     35     29     4
88     20     21     461
89     10     38     463
90     37     45     1007
91     62     36     117
92     99     48     429
93     18     9     47
94     59     28     156
95     32     41     1182
96     89     7     54
97     96     20     58
98     7     18     47
99     98     30     501
100     82     42     486
