1     134     75     7320
2     16     137     1787
3     56     169     6211
4     134     36     559
5     8     156     7302
6     129     117     1953
7     69     145     1665
8     172     75     1449
9     36     138     7806
10     185     41     896
11     182     103     8156
12     67     169     1117
13     103     93     6103
14     73     81     975
15     53     14     9072
16     92     23     2358
17     85     40     1650
18     167     191     159
19     26     199     7715
20     78     149     1891
21     116     17     9708
22     46     184     2021
23     125     154     4642
24     93     26     6543
25     80     96     2402
26     179     16     3927
27     86     85     8432
28     26     26     1993
29     103     185     3908
30     100     54     6785
31     54     66     1347
32     48     119     2750
33     41     167     97
34     72     15     1271
35     111     72     3515
36     87     105     62
37     173     39     2918
38     139     123     1520
39     172     125     5821
40     86     122     2087
41     163     6     8379
42     175     142     201
43     81     78     8887
44     28     105     2319
45     162     103     3276
46     110     109     6102
47     66     15     298
48     80     66     1417
49     127     122     4103
50     146     97     2217
51     177     93     8114
52     106     149     2351
53     174     170     1841
54     1     178     5467
55     192     26     1183
56     105     107     2364
57     156     51     8914
58     180     139     1424
59     78     84     7481
60     177     55     953
61     47     92     6299
62     95     190     479
63     123     69     4147
64     18     6     4253
65     86     138     5794
66     189     118     1257
67     65     47     9174
68     167     93     1298
69     115     43     5675
70     64     8     2101
71     29     129     3775
72     2     92     3809
73     176     189     8305
74     55     83     1400
75     44     14     1325
76     157     145     9940
77     68     191     1347
78     6     115     2098
79     59     172     2407
80     187     145     5209
81     188     113     1571
82     196     1     8429
83     31     92     2479
84     180     183     1081
85     17     168     8086
86     80     64     245
87     140     20     3841
88     171     118     1091
89     182     43     7629
90     106     151     1821
91     9     63     8868
92     56     54     513
93     15     164     513
94     195     60     4207
95     36     31     9776
96     165     45     1959
97     48     68     5654
98     94     22     578
99     18     13     4201
100     152     53     2386
101     7     103     3535
102     168     169     9333
103     156     52     1312
104     9     186     3073
105     82     122     4191
106     140     166     6715
107     149     58     2231
108     15     119     10024
109     153     191     844
110     46     26     3067
111     91     149     1326
112     176     158     9950
113     10     96     748
114     76     187     6244
115     124     35     2071
116     156     174     7496
117     55     111     1702
118     51     137     3753
119     139     176     3091
120     183     60     4270
121     78     116     9810
122     180     84     1264
123     110     26     484
124     123     160     8582
125     102     3     1475
126     146     52     9064
127     90     38     1002
128     57     126     2280
129     78     47     3444
130     4     109     3022
131     28     155     2585
132     5     45     1586
133     106     47     3960
134     77     127     5436
135     110     176     2341
136     114     74     5723
137     7     7     1797
138     165     22     3351
139     102     34     594
140     149     18     692
141     47     86     2610
142     68     14     6571
143     114     144     2147
144     199     35     9565
145     123     74     340
146     77     15     7893
147     160     30     1443
148     112     24     2129
149     31     173     4473
150     197     1     5882
151     48     90     2426
152     152     176     2544
153     135     190     2406
154     55     88     2149
155     9     88     2697
156     138     22     2301
157     72     112     5520
158     148     154     1831
159     2     8     1184
160     23     101     3197
161     114     32     166
162     99     172     572
163     78     59     9843
164     112     117     1282
165     65     43     4626
166     119     183     1144
167     156     131     6137
168     64     42     1785
169     51     15     5156
170     48     127     2112
171     87     169     290
172     77     114     4953
173     101     20     6089
174     185     72     2106
175     46     126     2503
176     94     168     7855
177     92     60     2467
178     14     152     926
179     151     137     6351
180     111     56     1615
181     113     150     1741
182     117     56     9742
183     183     102     2154
184     76     92     4274
185     29     198     8444
186     173     60     1914
187     131     136     1008
188     173     118     8016
189     50     190     1388
190     135     144     443
191     100     90     6549
192     155     192     2161
193     194     66     4471
194     146     109     1432
195     187     50     4368
196     164     116     2761
197     110     153     6138
198     128     112     1296
199     69     138     708
200     56     147     622
201     109     127     5257
202     23     129     1979
203     162     4     3887
204     110     113     2388
205     2     176     3662
206     143     23     7978
207     129     171     935
208     42     193     182
209     172     49     9922
210     123     105     87
211     137     73     8709
212     175     5     1877
213     144     35     3835
214     186     145     2858
215     70     186     7504
216     181     119     2071
217     77     151     4773
218     77     66     9600
219     132     82     20
220     152     13     4661
221     18     12     8952
222     30     183     177
223     157     58     6114
224     181     103     301
225     164     132     1044
226     72     103     6300
227     104     2     1618
228     61     20     8450
229     59     134     1469
230     158     110     3072
231     1     2     8443
232     95     61     2522
233     70     106     3549
234     23     99     7330
235     143     199     591
236     183     161     625
237     165     134     1904
238     69     94     4976
239     112     84     3115
240     159     31     23
241     163     58     1324
242     51     181     3775
243     30     16     8525
244     163     58     1891
245     81     59     4342
246     64     115     8294
247     9     158     1612
248     180     115     5640
249     48     91     222
250     109     191     4118
251     148     159     8388
252     174     121     736
253     96     104     2366
254     74     171     3996
255     193     141     8457
256     160     187     640
257     193     106     2052
258     71     69     1309
259     85     61     5095
260     144     133     6063
261     76     35     1688
262     129     32     7878
263     156     105     281
264     183     2     7052
265     114     69     1466
266     174     74     5901
267     156     28     1871
268     15     120     3626
269     69     28     8152
270     24     7     1940
271     28     125     2469
272     132     58     4904
273     160     33     5444
274     13     72     2389
275     55     174     5262
276     173     154     1179
277     57     36     5279
278     4     7     1290
279     55     118     153
280     73     98     382
281     153     81     3035
282     153     87     7555
283     123     90     2459
284     70     152     5568
285     184     89     86
286     182     47     3052
287     68     47     7394
288     177     156     2098
289     59     149     64
290     114     18     5758
291     63     148     1504
292     1     77     647
293     178     187     6166
294     113     195     1843
295     126     73     9886
296     194     25     1567
297     58     131     9749
298     74     163     257
299     191     158     1415
300     5     189     10021
301     119     173     2497
302     66     29     8145
303     60     163     335
304     91     117     4153
305     86     29     5575
306     68     26     57
307     92     73     7990
308     37     94     1579
309     89     9     5426
310     67     194     102
311     29     62     2051
312     126     79     9018
313     147     95     440
314     102     21     8999
315     92     18     1091
316     19     111     3928
317     129     15     2025
318     14     195     9025
319     180     123     2249
320     67     138     5436
321     75     47     827
322     4     152     1329
323     156     91     9887
324     105     45     2026
325     94     59     5889
326     118     97     1898
327     88     83     6296
328     1     143     925
329     148     69     3797
330     199     66     5327
331     196     125     2515
332     49     55     8204
333     60     185     578
334     86     125     5277
335     36     144     1548
336     127     180     2311
337     175     132     9818
338     173     133     253
339     144     88     4085
340     45     149     7762
341     38     103     270
342     130     66     6359
343     19     61     1919
344     164     168     9385
345     193     57     1115
346     16     99     1063
347     31     75     126
348     180     179     947
349     140     37     7030
350     33     129     980
351     57     142     2888
352     187     6     4183
353     191     10     988
354     151     48     371
355     77     136     823
356     153     185     10149
357     83     162     92
358     189     99     597
359     86     188     367
360     113     199     6650
361     14     68     659
362     16     130     9016
363     8     99     539
364     75     21     7509
365     54     50     1013
366     54     57     6291
367     39     163     2545
368     155     4     4267
369     5     195     620
370     6     28     7432
371     12     7     1126
372     103     136     7483
373     127     64     1747
374     54     141     5507
375     166     74     2376
376     28     81     7742
377     171     108     727
378     24     111     7791
379     188     87     371
380     149     87     282
381     135     9     9876
382     63     13     535
383     136     151     5020
384     184     175     9569
385     129     166     500
386     77     17     10092
387     48     96     855
388     8     105     4798
389     57     9     4772
390     155     191     1441
391     161     172     4696
392     73     166     5345
393     114     188     992
394     100     60     4481
395     109     67     3348
396     45     176     1173
397     182     158     2213
398     129     143     3731
399     3     117     4053
400     188     141     6851
401     141     195     1266
402     145     57     8186
403     179     98     1352
404     169     196     7492
405     197     94     1083
406     107     105     7552
407     187     126     2230
408     173     36     1940
409     128     34     7381
410     39     67     354
411     165     154     682
412     44     38     1753
413     86     174     3091
414     177     104     7325
415     106     75     1029
416     15     50     4658
417     7     131     8583
418     199     3     808
419     130     2     496
420     182     118     6962
421     146     114     167
422     79     100     4812
423     29     112     6041
424     113     89     901
425     117     93     6489
426     134     121     2248
427     169     185     959
428     161     161     4726
429     180     172     225
430     41     79     9717
431     99     171     75
432     101     91     7775
433     191     22     227
434     174     77     8452
435     14     91     348
436     194     114     5503
437     114     45     1413
438     31     129     591
439     177     138     6003
440     111     23     2258
441     69     58     2202
442     15     152     1918
443     59     20     6618
444     19     37     1890
445     53     137     1993
446     138     35     7068
447     160     1     2540
448     71     95     3140
449     124     135     3739
450     31     105     9086
451     131     155     1980
452     173     142     3460
453     138     137     3314
454     69     166     2280
455     88     80     10104
456     77     123     2325
457     6     66     2224
458     86     64     3270
459     45     65     4590
460     185     178     961
461     133     88     8919
462     76     121     161
463     42     153     3533
464     36     62     258
465     133     129     6863
466     42     50     1094
467     78     188     6735
468     92     103     694
469     30     198     5752
470     120     47     2227
471     138     135     6770
472     143     53     1602
473     59     17     10
474     60     108     7635
475     183     35     1688
476     148     7     2121
477     38     41     474
478     148     95     2799
479     115     47     8157
480     123     3     33
481     111     116     3666
482     127     171     4963
483     13     87     10185
484     32     193     2514
485     169     151     8586
486     44     88     754
487     124     102     5819
488     7     151     359
489     32     14     7829
490     189     91     2499
491     40     166     9240
492     99     148     1529
493     51     109     4139
494     152     104     8199
495     33     128     870
496     170     1     6277
497     98     144     1545
498     137     118     9125
499     113     71     240
500     139     155     4241
