1     20     131     7304
2     31     52     1329
3     2     121     871
4     23     147     6001
5     22     103     2407
6     11     173     5754
7     48     186     6188
8     42     14     12317
9     1     16     2644
10     20     100     10188
11     29     160     627
12     1     123     4630
13     10     85     7955
14     34     60     2627
15     45     111     6514
16     22     27     1807
17     7     166     2148
18     42     3     9309
19     21     11     735
20     11     46     11764
21     22     91     2632
22     22     4     8240
23     4     146     1910
24     39     28     4255
25     44     191     597
26     8     16     4488
27     27     13     475
28     11     121     6972
29     21     49     2618
30     15     31     12378
31     5     51     3083
32     23     7     5460
33     33     20     10934
34     37     32     931
35     3     162     10438
36     17     84     504
37     6     21     10124
38     21     116     471
39     31     157     7545
40     32     42     773
41     36     167     7876
42     34     169     226
43     34     95     1430
44     29     126     9848
45     24     37     1036
46     3     134     2718
47     48     174     5198
48     27     56     5150
49     11     56     11785
50     21     166     2366
51     15     25     7729
52     43     65     750
53     22     113     3883
54     11     187     2279
55     28     70     12476
56     33     108     1449
57     38     104     6735
58     2     126     2903
59     7     50     4152
60     39     191     1394
61     43     178     1072
62     42     160     11393
63     7     161     2493
64     36     102     6051
65     25     46     8056
66     12     140     429
67     19     90     7277
68     29     96     2372
69     13     70     11747
70     45     68     1651
71     20     90     28
72     37     102     7219
73     19     68     1830
74     9     131     10500
75     46     23     2730
76     29     92     9798
77     42     156     1907
78     36     193     10490
79     11     173     1541
80     30     169     7956
81     14     127     1084
82     36     125     5731
83     43     123     5847
84     21     113     4582
85     39     2     4684
86     28     115     10541
87     15     189     1478
88     36     109     915
89     27     169     49
90     7     177     6554
91     37     89     2024
92     18     134     8507
93     29     172     1647
94     24     34     7342
95     19     54     1292
96     3     44     3200
97     14     191     6084
98     15     151     8582
99     1     5     181
100     22     161     5991
101     17     127     5568
102     42     175     8518
103     2     15     2108
104     17     186     12517
105     31     13     2544
106     10     185     2696
107     13     69     8284
108     24     23     2511
109     19     96     547
110     16     95     9761
111     12     41     2155
112     30     167     9105
113     13     173     826
114     30     24     10522
115     49     55     2821
116     9     173     5255
117     49     74     6406
118     4     91     1583
119     23     105     6551
120     3     155     1606
121     10     59     5377
122     30     77     7927
123     40     14     1927
124     26     43     10797
125     38     87     2015
126     21     35     917
127     2     159     7868
128     29     92     166
129     7     30     6260
130     49     130     3376
131     36     28     8692
132     21     13     1066
133     42     55     33
134     11     177     3573
135     31     23     5269
136     23     165     8470
137     29     9     1625
138     24     80     11288
139     40     17     675
140     16     125     8369
141     37     32     1831
142     39     91     6395
143     10     114     1033
144     32     152     3103
145     12     180     79
146     16     96     4795
147     47     199     9197
148     27     198     1033
149     32     104     12196
150     12     189     2794
151     15     190     1676
152     6     38     2142
153     1     12     9056
154     2     161     1281
155     43     126     6635
156     29     86     2504
157     1     97     1152
158     19     136     8759
159     35     185     433
160     3     79     7435
161     22     120     3050
162     33     134     10743
163     33     117     2136
164     12     35     7611
165     1     28     1388
166     46     18     226
167     27     163     6456
168     19     60     537
169     4     78     5914
170     11     101     3830
171     12     122     11110
172     10     104     2425
173     15     188     382
174     11     76     8125
175     13     22     1088
176     32     105     5013
177     7     69     3716
178     2     16     11131
179     35     9     1403
180     5     90     11628
181     15     154     987
182     15     132     5950
183     46     121     8564
184     19     179     1048
185     11     92     1682
186     41     144     11872
187     46     151     1542
188     40     186     6023
189     20     93     10980
190     43     14     1344
191     39     177     9285
192     39     172     2695
193     33     67     6940
194     49     171     1248
195     7     172     7924
196     40     44     1173
197     26     90     4795
198     13     41     3396
199     45     11     11396
200     27     88     2482
201     33     61     9024
202     32     118     2720
203     29     116     3403
204     36     56     9242
205     38     177     648
206     41     130     3822
207     10     180     2476
208     25     134     9180
209     21     129     2419
210     21     162     653
211     16     73     8959
212     12     80     2895
213     9     144     2463
214     38     56     6019
215     6     164     353
216     45     51     10496
217     31     32     2967
218     6     48     2844
219     36     158     8063
220     9     104     898
221     10     51     10120
222     18     60     1708
223     28     6     1351
224     44     77     742
225     26     9     4464
226     21     95     7979
227     31     155     474
228     3     152     6408
229     22     113     1808
230     46     118     10008
231     21     2     9
232     30     16     4669
233     7     126     8149
234     35     58     778
235     17     125     3072
236     38     143     11821
237     39     85     28
238     1     35     10828
239     8     193     497
240     26     57     959
241     30     71     4814
242     14     57     12095
243     20     177     2623
244     18     97     12280
245     6     55     2720
246     11     49     12510
247     12     34     957
248     39     22     8640
249     20     79     427
250     39     47     4449
251     5     129     7731
252     11     174     1173
253     32     75     1953
254     7     145     7461
255     1     87     1761
256     6     27     11236
257     45     166     2762
258     10     126     2534
259     10     175     1551
260     22     20     12116
261     30     137     1713
262     34     26     5261
263     34     97     4175
264     30     193     858
265     3     17     7417
266     13     51     3042
267     3     50     3312
268     34     100     9897
269     35     186     1269
270     30     101     8684
271     35     24     2729
272     4     68     4437
273     2     52     11501
274     34     171     2722
275     29     195     12156
276     24     182     1799
277     27     35     11133
278     7     1     1394
279     39     69     5118
280     15     173     2472
281     8     118     12354
282     39     150     1847
283     18     105     11746
284     16     88     82
285     42     169     7708
286     11     86     1949
287     39     69     12218
288     34     109     2408
289     20     76     10567
290     34     86     237
291     30     121     6455
292     41     152     502
293     30     9     1238
294     6     101     3075
295     46     64     4674
296     31     2     3676
297     24     12     7457
298     18     86     2691
299     48     13     1284
300     12     107     10523
301     37     48     1851
302     10     98     3439
303     44     148     5218
304     32     5     3102
305     14     84     9155
306     43     44     272
307     34     84     3969
308     18     135     6708
309     38     140     124
310     25     102     6589
311     48     44     459
312     36     165     12190
313     34     2     261
314     30     75     8550
315     46     68     1879
316     43     116     7848
317     21     91     873
318     42     21     8815
319     32     97     1992
320     4     72     12373
321     36     94     1097
322     40     27     4811
323     10     16     3203
324     11     153     8954
325     39     131     2036
326     44     196     5446
327     48     4     4293
328     20     103     10988
329     30     89     1708
330     45     98     12179
331     46     12     1304
332     26     107     7227
333     43     113     2971
334     3     178     9634
335     14     150     1471
336     23     144     6616
337     30     135     1557
338     14     134     10474
339     43     156     2545
340     9     107     11734
341     40     152     2870
342     41     2     3602
343     32     103     5679
344     48     47     4960
345     41     68     2278
346     27     127     1628
347     36     49     1672
348     2     8     1939
349     23     90     3033
350     5     10     2591
351     47     174     5533
352     27     164     276
353     49     95     8451
354     34     90     1792
355     14     111     6038
356     21     104     11997
357     46     110     2120
358     2     117     1600
359     17     102     10304
360     23     91     1719
361     45     71     6046
362     12     65     10362
363     38     167     1495
364     3     195     5125
365     28     6     6397
366     13     196     2072
367     2     184     1999
368     33     161     1393
369     34     110     11963
370     11     158     30
371     20     172     3051
372     38     6     3729
373     26     49     432
374     44     112     1900
375     15     123     5522
376     17     164     1857
377     45     67     5537
378     21     93     8907
379     22     183     1591
380     21     63     633
381     14     152     9778
382     44     59     1076
383     39     117     10463
384     43     128     10
385     11     54     7750
386     42     84     566
387     46     143     3528
388     39     138     4811
389     10     23     8373
390     49     51     939
391     39     79     4194
392     24     124     8228
393     48     90     1595
394     38     35     2731
395     26     14     5656
396     36     71     9783
397     4     109     2757
398     5     120     10540
399     28     69     1556
400     34     187     5037
401     24     188     408
402     18     168     2651
403     20     68     7070
404     34     157     1405
405     43     122     7866
406     27     147     2061
407     22     195     8250
408     17     96     2018
409     47     51     1572
410     15     57     3945
411     48     198     7710
412     44     165     1010
413     7     10     4962
414     43     78     12162
415     44     49     560
416     37     57     10353
417     7     119     525
418     44     4     9662
419     44     105     2071
420     13     133     2231
421     16     147     9370
422     42     46     1435
423     30     181     1322
424     10     80     3860
425     12     99     1806
426     31     70     3756
427     39     141     7483
428     32     80     3088
429     13     11     3492
430     12     96     3506
431     17     7     24
432     24     102     7610
433     14     95     2595
434     13     54     907
435     43     135     11019
436     1     193     1793
437     40     51     1381
438     12     84     9057
439     31     22     93
440     40     40     8235
441     15     95     944
442     34     109     7542
443     36     112     2317
444     25     32     1110
445     3     64     196
446     40     137     9098
447     34     147     505
448     30     117     10320
449     40     45     1006
450     35     103     1528
451     21     87     10910
452     18     61     239
453     43     19     4093
454     15     127     2035
455     30     123     2291
456     33     126     1999
457     43     75     1643
458     3     178     6068
459     11     56     11678
460     32     31     2427
461     14     165     8481
462     44     166     285
463     23     152     4487
464     12     46     8439
465     49     5     2560
466     25     95     3880
467     34     95     9660
468     49     51     2922
469     15     172     7010
470     10     181     1010
471     45     82     390
472     23     141     6984
473     8     114     1780
474     18     48     11560
475     47     141     1892
476     5     181     5676
477     5     37     8482
478     42     138     2516
479     24     59     9355
480     3     16     1293
481     20     171     11912
482     26     6     943
483     42     158     8301
484     44     163     2690
485     7     112     2618
486     22     7     11499
487     40     182     2453
488     11     132     3444
489     13     20     1521
490     40     50     9878
491     35     93     594
492     24     42     7299
493     24     109     726
494     12     149     3220
495     45     46     5279
496     8     128     6697
497     39     20     2845
498     41     66     643
499     3     60     5433
500     30     42     5918
