20.016     4099     3965
20.001     4081     3965
20.001     4081     3965
20.016     4099     3965
20.016     4099     3965
20.016     4099     3965
20.016     4099     3965
20.001     4081     3965
20.001     4081     3965
20.016     4099     3965
             
20.001     4071     3979.4
20.016     4073     3979.4
20.016     4073     3979.4
20.001     4071     3979.4
20.016     4073     3979.4
20.016     4073     3979.4
20.001     4071     3979.4
20.016     4073     3979.4
20.016     4073     3979.4
20.016     4073     3979.4
             
20.001     4148     4018
20.001     4146     4018
20.001     4146     4018
20.001     4148     4018
20.001     4148     4018
20.001     4148     4018
20.001     4148     4018
20.001     4146     4018
20.001     4146     4018
20.001     4148     4018
             
20.001     4011     3915
20.016     4001     3915
20.016     4001     3915
20.001     4011     3915
20.016     4011     3915
20.016     4011     3915
20.001     4011     3915
20.016     4001     3915
20.016     4001     3915
20.016     4011     3915
             
20.016     4006     3901.2
20.001     3989     3901.2
20.001     3989     3901.2
20.016     4006     3901.2
20.016     4006     3901.2
20.016     4006     3901.2
20.016     4006     3901.2
20.001     3989     3901.2
20.001     3989     3901.2
20.016     4006     3901.2
             
20.016     3903     3802.6
20.001     3892     3802.6
20.001     3892     3802.6
20.016     3903     3802.6
20.016     3903     3802.6
20.016     3903     3802.6
20.016     3903     3802.6
20.001     3892     3802.6
20.001     3892     3802.6
20.016     3903     3802.6
             
20.001     4218     4100.8
20.001     4217     4100.8
20.001     4217     4100.8
20.001     4218     4100.8
20.001     4218     4100.8
20.001     4218     4100.8
20.001     4218     4100.8
20.001     4217     4100.8
20.001     4217     4100.8
20.001     4218     4100.8
             
20.006     3925     3832.4
20.016     3926     3832.4
20.016     3926     3832.4
20.006     3925     3832.4
20.016     3926     3832.4
20.016     3926     3832.4
20.006     3925     3832.4
20.016     3926     3832.4
20.016     3926     3832.4
20.016     3926     3832.4
             
20.001     3816     3737.8
20.001     3830     3737.8
20.001     3830     3737.8
20.001     3816     3737.8
20.001     3830     3737.8
20.001     3830     3737.8
20.001     3816     3737.8
20.001     3830     3737.8
20.001     3830     3737.8
20.001     3830     3737.8
             
20.001     4353     4169.8
20.001     4351     4169.8
20.001     4351     4169.8
20.001     4353     4169.8
20.001     4353     4169.8
20.001     4353     4169.8
20.001     4353     4169.8
20.001     4351     4169.8
20.001     4351     4169.8
20.001     4353     4169.8
             
