1     27     22     486
2     97     79     149
3     19     91     414
4     55     62     167
5     70     53     533
6     72     22     86
7     7     84     711
8     38     6     173
9     85     4     384
10     55     14     242
11     21     69     589
12     39     39     195
13     52     28     516
14     57     68     193
15     21     54     751
16     6     61     9
17     18     17     495
18     66     96     202
19     39     97     78
20     39     89     245
21     39     54     223
22     90     38     396
23     11     59     541
24     24     65     78
25     20     54     666
26     4     48     36
27     3     13     319
28     39     90     753
29     75     90     46
30     3     36     192
31     88     42     633
32     28     13     156
33     63     31     430
34     85     62     201
35     25     20     333
36     23     2     168
37     19     2     802
38     15     51     3
39     6     30     212
40     31     20     286
41     76     12     244
42     36     26     549
43     46     49     128
44     53     69     632
45     16     55     113
46     95     46     620
47     1     31     33
48     16     29     617
49     62     44     196
50     63     21     383
