1     59     61     123
2     60     34     1018
3     98     34     174
4     10     93     140
5     98     8     8
6     95     31     227
7     94     37     156
8     14     86     907
9     17     8     52
10     60     86     1035
11     88     44     217
12     47     33     696
13     77     11     110
14     4     30     951
15     97     3     26
16     97     13     391
17     63     44     720
18     65     60     263
19     94     8     93
20     73     3     229
21     40     38     848
22     97     82     227
23     18     41     1032
24     43     55     203
25     45     40     520
26     61     46     677
27     80     78     233
28     64     56     415
29     48     11     787
30     5     37     145
31     56     13     877
32     45     62     164
33     50     66     602
34     7     8     105
35     74     76     410
36     39     62     801
37     26     50     160
38     79     26     905
39     55     76     58
40     65     17     1026
41     36     23     261
42     1     34     610
43     41     72     22
44     46     74     284
45     10     37     661
46     92     38     82
47     17     58     756
48     30     47     262
49     47     94     604
50     73     83     86
