1     29     33     349
2     52     47     67
3     29     14     145
4     23     75     431
5     2     17     15
6     59     68     370
7     38     34     50
8     64     73     320
9     98     13     0
10     24     42     266
11     7     43     117
12     51     1     278
13     44     80     31
14     66     64     425
15     43     11     101
16     18     8     290
17     85     1     33
18     75     3     0
19     85     91     159
20     10     67     239
21     36     68     433
22     80     46     20
23     83     19     174
24     42     48     325
25     59     82     126
26     47     20     47
27     95     2     322
28     68     95     29
29     97     64     71
30     93     64     178
31     46     32     350
32     80     29     7
33     80     58     368
34     15     68     33
35     24     1     170
36     52     73     336
37     80     92     123
38     1     7     271
39     80     46     74
40     37     12     169
41     84     12     347
42     3     73     17
43     83     33     503
44     9     38     3
45     79     78     364
46     9     31     72
47     30     96     188
48     84     40     127
49     35     21     168
50     46     52     11
