1     42     32     283
2     27     36     92
3     13     39     165
4     34     88     353
5     72     73     92
6     67     98     153
7     61     37     99
8     4     29     372
9     95     63     15
10     22     47     251
11     86     60     98
12     42     85     276
13     74     42     13
14     50     78     141
15     7     29     199
16     14     75     73
17     9     73     401
18     81     83     91
19     14     23     358
20     10     15     37
21     1     85     265
22     79     49     2
23     48     35     18
24     46     54     276
25     70     19     83
26     61     53     378
27     92     65     102
28     46     16     362
29     50     85     71
30     76     15     20
31     9     8     202
32     39     52     237
33     62     64     29
34     13     96     130
35     3     53     144
36     49     12     284
37     78     79     19
38     60     97     72
39     6     9     279
40     3     86     105
41     38     9     141
42     4     7     71
43     64     10     394
44     8     48     101
45     65     36     216
46     56     82     50
47     57     27     254
48     21     2     71
49     13     25     294
50     55     85     84
