1     60     5     354
2     72     49     47
3     5     91     316
4     39     72     51
5     67     25     46
6     81     3     349
7     33     70     58
8     15     43     419
9     67     45     3
10     21     82     462
11     32     30     46
12     21     59     225
13     7     90     267
14     95     79     12
15     41     89     189
16     43     54     173
17     8     34     293
18     53     71     87
19     15     94     462
20     10     6     63
21     93     56     8
22     43     8     199
23     55     12     197
24     64     38     224
25     72     67     322
26     82     66     52
27     43     83     15
28     6     93     175
29     78     26     244
30     45     52     404
31     26     96     23
32     86     21     126
33     25     65     361
34     25     5     7
35     97     89     309
36     65     56     117
37     13     49     447
38     90     76     119
39     78     30     39
40     51     76     363
41     66     93     25
42     32     44     105
43     12     79     418
44     79     62     61
45     10     85     75
46     84     9     100
47     35     76     131
48     90     24     8
49     81     5     322
50     34     98     92
