1     191     1     582
2     88     20     506
3     106     18     963
4     114     5     43
5     196     30     887
6     113     14     276
7     192     46     524
8     73     36     712
9     22     17     128
10     116     20     15
11     167     3     648
12     78     33     1026
13     92     23     101
14     101     12     1136
15     23     6     141
16     181     25     158
17     138     40     1009
18     139     38     73
19     154     1     100
20     169     25     1214
21     188     31     8
22     111     15     882
23     112     16     261
24     186     31     182
25     180     9     345
26     81     40     1249
27     145     40     222
28     135     22     35
29     184     13     1099
30     185     22     216
31     33     17     414
32     75     26     842
33     49     2     234
34     101     43     623
35     2     8     561
36     8     23     446
37     151     30     548
38     82     27     78
39     79     4     242
40     53     43     149
41     125     19     463
42     86     39     1262
43     52     9     179
44     84     25     45
45     172     22     839
46     10     28     325
47     102     41     356
48     167     2     692
49     121     27     90
50     171     49     620
51     111     32     692
52     23     36     90
53     110     41     783
54     127     10     147
55     104     35     551
56     78     11     1029
57     106     28     298
58     190     44     306
59     23     49     270
60     40     39     1102
61     88     7     133
62     69     16     1282
63     73     40     324
64     15     23     426
65     15     15     821
66     112     10     157
67     156     10     146
68     53     16     1029
69     158     9     268
70     109     11     850
71     191     17     144
72     51     12     59
73     183     34     742
74     73     33     39
75     81     29     1165
76     85     1     252
77     83     1     968
78     183     14     91
79     57     5     248
80     147     44     463
81     87     21     70
82     185     46     7
83     120     4     192
84     125     28     112
85     128     11     393
86     90     8     59
87     112     16     887
88     133     18     310
89     98     4     200
90     32     46     1290
91     141     6     176
92     94     29     52
93     32     4     98
94     24     5     834
95     34     36     251
96     87     40     1017
97     63     20     21
98     28     32     204
99     196     43     1097
100     157     20     212
