20.189     9817     9766.5
20.001     9817     9766.5
20.001     9817     9766.5
20.189     9817     9766.5
20.189     9817     9766.5
20.189     9817     9766.5
20.189     9817     9766.5
20.001     9817     9766.5
20.001     9817     9766.5
20.189     9817     9766.5
             
20.001     10422     10222.5
20.001     10472     10222.5
20.001     10472     10222.5
20.001     10422     10222.5
20.001     10472     10222.5
20.001     10472     10222.5
20.001     10422     10222.5
20.001     10472     10222.5
20.001     10472     10222.5
20.001     10472     10222.5
             
20.907     9959     9836
20.005     9936     9836
20.005     9936     9836
20.907     9959     9836
20.907     9959     9836
20.907     9959     9836
20.907     9959     9836
20.005     9936     9836
20.005     9936     9836
20.907     9959     9836
             
20.001     9958     9707.5
20.610     9958     9707.5
20.610     9958     9707.5
20.001     9958     9707.5
20.610     9958     9707.5
20.610     9958     9707.5
20.001     9958     9707.5
20.610     9958     9707.5
20.610     9958     9707.5
20.610     9958     9707.5
             
20.922     10916     10417.5
20.017     10916     10417.5
20.017     10916     10417.5
20.922     10916     10417.5
20.922     10916     10417.5
20.922     10916     10417.5
20.922     10916     10417.5
20.017     10916     10417.5
20.017     10916     10417.5
20.922     10916     10417.5
             
20.735     9729     9622
20.023     9774     9622
20.023     9774     9622
20.735     9729     9622
20.735     9774     9622
20.735     9774     9622
20.735     9729     9622
20.023     9774     9622
20.023     9774     9622
20.735     9774     9622
             
20.016     10141     9941.5
20.017     10191     9941.5
20.017     10191     9941.5
20.016     10141     9941.5
20.017     10191     9941.5
20.017     10191     9941.5
20.016     10141     9941.5
20.017     10191     9941.5
20.017     10191     9941.5
20.017     10191     9941.5
             
20.766     9650     9496.5
20.001     9650     9496.5
20.001     9650     9496.5
20.766     9650     9496.5
20.766     9650     9496.5
20.766     9650     9496.5
20.766     9650     9496.5
20.001     9650     9496.5
20.001     9650     9496.5
20.766     9650     9496.5
             
20.805     10004     9653.5
20.001     10005     9653.5
20.001     10005     9653.5
20.805     10004     9653.5
20.805     10005     9653.5
20.805     10005     9653.5
20.805     10004     9653.5
20.001     10005     9653.5
20.001     10005     9653.5
20.805     10005     9653.5
             
20.017     10434     9985.5
20.017     10434     9985.5
20.017     10434     9985.5
20.017     10434     9985.5
20.017     10434     9985.5
20.017     10434     9985.5
20.017     10434     9985.5
20.017     10434     9985.5
20.017     10434     9985.5
20.017     10434     9985.5
             
