1     13     73     80
2     1     94     202
3     36     24     925
4     45     21     43
5     75     191     1422
6     77     4     128
7     92     145     1375
8     23     149     316
9     4     182     189
10     44     122     981
11     30     85     143
12     7     145     969
13     39     157     240
14     51     67     535
15     30     39     777
16     95     150     537
17     39     129     642
18     67     181     459
19     91     96     985
20     64     54     336
21     94     72     1070
22     96     164     8
23     5     157     169
24     38     32     1074
25     44     133     44
26     17     66     363
27     46     134     1274
28     17     40     103
29     10     21     1483
30     88     194     259
31     96     141     1461
32     21     160     53
33     90     169     1442
34     54     41     393
35     22     149     1399
36     91     72     305
37     57     141     176
38     74     173     917
39     78     164     171
40     34     180     781
41     34     112     1453
42     53     64     62
43     24     30     1336
44     10     16     98
45     24     146     586
46     80     83     553
47     23     45     468
48     41     175     1452
49     68     56     118
50     64     125     41
51     91     2     132
52     59     57     636
53     24     123     512
54     34     37     966
55     77     82     199
56     54     111     34
57     59     62     472
58     63     40     1250
59     88     21     367
60     47     61     912
61     80     53     280
62     78     46     10
63     63     45     511
64     98     116     786
65     75     41     1366
66     32     81     366
67     83     78     335
68     40     21     986
69     92     96     204
70     16     17     1394
71     92     72     135
72     43     128     1004
73     33     174     299
74     54     160     1326
75     22     161     129
76     55     153     1328
77     45     23     53
78     49     94     54
79     98     22     748
80     43     132     351
81     75     97     1257
82     73     126     301
83     1     186     530
84     84     137     384
85     12     191     1380
86     79     7     197
87     97     20     29
88     5     108     886
89     4     175     56
90     88     141     933
91     97     87     244
92     88     36     507
93     37     185     469
94     90     33     377
95     76     96     1392
96     13     83     397
97     41     57     1246
98     47     33     2
99     15     156     1510
100     24     76     152
101     30     146     509
102     87     27     198
103     98     184     275
104     99     95     872
105     20     129     2
106     16     188     1363
107     92     42     249
108     23     151     384
109     74     141     33
110     41     103     1373
111     61     164     164
112     5     197     556
113     7     75     1034
114     69     124     108
115     53     146     1569
116     88     92     277
117     98     130     1535
118     73     162     337
119     29     74     1551
120     37     79     394
121     63     178     1578
122     22     176     38
123     78     101     255
124     24     135     1406
125     60     12     216
126     72     167     290
127     87     93     736
128     70     159     548
129     42     181     474
130     82     193     356
131     90     148     845
132     60     49     383
133     71     78     1037
134     96     17     38
135     37     125     82
136     6     92     748
137     21     129     1392
138     97     32     112
139     20     20     205
140     51     12     984
141     9     15     52
142     16     74     265
143     79     70     1154
144     99     174     405
145     67     84     363
146     29     37     672
147     58     126     1313
148     69     5     317
149     87     150     1412
150     74     160     396
151     63     194     867
152     92     186     305
153     24     24     923
154     15     17     91
155     53     146     37
156     63     155     97
157     45     54     89
158     13     157     1071
159     53     174     84
160     76     29     528
161     53     107     872
162     48     12     86
163     66     82     1172
164     71     2     279
165     44     22     357
166     8     1     468
167     26     157     951
168     83     39     366
169     14     23     163
170     38     175     229
171     7     112     160
172     71     177     405
173     99     150     596
174     99     51     303
175     54     38     469
176     97     31     1286
177     91     30     346
178     88     136     316
179     53     164     49
180     58     191     281
181     38     190     8
182     90     185     789
183     58     137     14
184     28     142     922
185     52     72     266
186     73     171     1287
187     51     122     88
188     78     175     1507
189     40     37     407
190     75     3     1447
191     41     50     242
192     22     71     1392
193     54     149     394
194     95     92     550
195     69     25     1069
196     2     111     77
197     48     136     1439
198     24     129     37
199     3     160     470
200     9     87     87
201     31     35     710
202     1     159     1626
203     27     70     71
204     6     155     699
205     16     192     356
206     72     97     1118
207     50     147     301
208     39     75     1559
209     50     113     1
210     37     114     1502
211     3     1     39
212     90     54     1599
213     53     193     57
214     98     94     1380
215     13     8     299
216     11     199     462
217     13     64     1510
218     24     163     188
219     28     4     98
220     88     35     264
221     65     194     1352
222     14     147     305
223     45     29     766
224     83     75     461
225     84     49     1321
226     91     85     378
227     28     34     740
228     13     31     1514
229     41     50     370
230     53     159     321
231     50     1     811
232     65     89     1545
233     74     166     200
234     58     2     454
235     82     157     1086
236     20     140     105
237     63     23     357
238     68     83     886
239     83     19     87
240     29     125     598
241     10     110     1240
242     17     38     299
243     81     73     1106
244     59     99     321
245     39     191     66
246     35     101     920
247     42     115     5
248     67     163     868
249     45     45     141
250     18     123     530
251     38     113     662
252     11     199     1257
253     53     91     121
254     31     85     1015
255     2     93     156
256     7     83     1505
257     46     115     205
258     28     35     1300
259     2     45     2
260     99     170     1001
261     82     100     186
262     37     145     1539
263     43     166     72
264     11     169     488
265     1     186     312
266     71     20     1275
267     96     160     282
268     16     109     828
269     30     80     290
270     99     144     668
271     14     175     1567
272     92     38     133
273     74     6     618
274     36     178     1333
275     86     189     204
276     6     87     1443
277     93     87     172
278     26     119     240
279     75     130     968
280     92     144     172
281     57     37     1028
282     7     149     119
283     44     115     193
284     17     118     1412
285     43     103     173
286     67     118     131
287     55     4     524
288     11     150     1015
289     51     37     358
290     47     104     19
291     57     36     112
292     65     176     1343
293     93     175     359
294     52     36     237
295     28     74     929
296     57     142     121
297     16     110     949
298     98     55     158
299     70     90     230
300     81     185     445
301     43     100     445
302     8     180     682
303     77     8     1089
304     60     11     119
305     79     143     1410
306     75     158     300
307     41     44     680
308     95     65     295
309     50     141     940
310     45     148     192
311     94     185     743
312     18     26     520
313     48     167     193
314     37     135     353
315     35     199     1458
316     16     100     261
317     62     43     28
318     98     2     241
319     10     77     397
320     56     134     1426
321     52     133     193
322     59     11     106
323     89     104     81
324     72     163     701
325     97     133     861
326     98     150     129
327     72     153     1362
328     51     84     88
329     29     19     843
330     84     176     240
331     64     165     1285
332     66     172     396
333     16     155     805
334     70     43     1554
335     54     6     292
336     29     30     940
337     16     19     209
338     16     191     611
339     54     91     460
340     67     66     1219
341     97     89     123
342     80     20     796
343     83     112     555
344     1     139     1590
345     42     171     349
346     91     67     1229
347     80     174     64
348     42     183     211
349     67     158     462
350     9     127     1535
351     98     40     270
352     46     102     599
353     51     36     1176
354     14     142     36
355     80     139     608
356     25     110     868
357     29     46     234
358     47     69     1113
359     15     138     222
360     23     160     967
361     9     83     404
362     87     186     902
363     49     107     367
364     7     142     1455
365     6     106     246
366     79     149     415
367     96     74     407
368     98     128     451
369     2     71     421
370     13     199     986
371     31     125     71
372     45     127     205
373     42     120     371
374     79     67     1246
375     79     73     372
376     31     193     331
377     40     22     872
378     40     161     304
379     85     176     555
380     53     4     1194
381     8     107     192
382     35     162     71
383     53     14     661
384     83     191     1435
385     59     141     300
386     47     1     412
387     11     154     1121
388     96     158     130
389     96     113     1226
390     95     199     384
391     77     53     200
392     88     80     139
393     76     12     868
394     40     22     104
395     88     147     1456
396     88     61     61
397     43     13     457
398     24     123     550
399     1     20     1482
400     47     99     260
401     14     46     1217
402     35     63     192
403     76     188     1523
404     25     4     81
405     39     10     281
406     46     136     1614
407     86     10     86
408     93     145     1485
409     71     3     320
410     87     169     270
411     88     41     1316
412     92     64     394
413     32     177     773
414     20     122     1307
415     73     38     177
416     98     123     1072
417     70     26     30
418     67     82     632
419     65     194     150
420     25     129     1512
421     87     118     83
422     77     27     435
423     50     28     1180
424     25     83     7
425     35     76     1585
426     30     197     187
427     78     195     327
428     59     36     1079
429     15     55     320
430     80     57     1319
431     42     172     16
432     71     164     786
433     11     59     1558
434     81     49     202
435     26     149     892
436     29     23     137
437     42     82     210
438     87     159     840
439     58     110     18
440     94     31     129
441     45     29     873
442     4     85     227
443     10     121     962
444     3     90     121
445     95     134     134
446     46     46     1048
447     84     86     366
448     56     70     1505
449     8     198     373
450     63     118     533
451     4     38     1107
452     73     149     248
453     51     74     698
454     38     55     277
455     4     177     757
456     88     78     1439
457     80     6     53
458     26     10     1
459     15     155     762
460     13     83     206
461     57     57     59
462     70     105     1223
463     67     161     61
464     53     86     1089
465     11     134     177
466     81     112     1354
467     48     153     98
468     91     148     969
469     73     198     368
470     68     29     284
471     28     143     1250
472     65     33     361
473     5     99     903
474     7     150     336
475     76     7     610
476     82     24     1033
477     53     153     140
478     89     131     67
479     25     92     1474
480     16     135     26
481     61     17     1450
482     34     174     237
483     61     21     537
484     68     139     1175
485     89     86     51
486     20     31     1509
487     85     153     395
488     66     177     484
489     26     88     346
490     71     168     1458
491     13     184     304
492     37     83     1370
493     62     91     163
494     33     156     372
495     10     195     857
496     90     130     162
497     81     14     269
498     50     102     727
499     82     95     1244
500     94     101     373
