50.438     6404     6237.75
50.282     6417     6237.75
50.282     6404     6237.75
50.438     6404     6237.75
50.438     6417     6237.75
50.438     6417     6237.75
50.438     6404     6237.75
50.282     6404     6237.75
50.282     6417     6237.75
50.282     6404     6237.75
             
50.098     6455     6303.63
50.255     6465     6303.63
50.255     6464     6303.63
50.098     6455     6303.63
50.255     6455     6303.63
50.255     6455     6303.63
50.098     6455     6303.63
50.255     6464     6303.63
50.255     6465     6303.63
50.098     6455     6303.63
             
50.462     6476     6247.88
50.118     6452     6247.88
50.118     6452     6247.88
50.462     6476     6247.88
50.462     6452     6247.88
50.462     6452     6247.88
50.462     6476     6247.88
50.118     6452     6247.88
50.118     6452     6247.88
50.118     6452     6247.88
             
50.206     6522     6349.13
50.292     6511     6349.13
50.292     6511     6349.13
50.206     6522     6349.13
50.292     6511     6349.13
50.292     6511     6349.13
50.206     6522     6349.13
50.292     6511     6349.13
50.292     6511     6349.13
50.206     6511     6349.13
             
50.380     6353     6164.13
50.334     6360     6164.13
50.334     6357     6164.13
50.380     6353     6164.13
50.380     6344     6164.13
50.380     6344     6164.13
50.380     6353     6164.13
50.334     6357     6164.13
50.334     6360     6164.13
50.334     6353     6164.13
             
50.674     6146     6015.13
50.668     6127     6015.13
50.668     6127     6015.13
50.674     6146     6015.13
50.674     6127     6015.13
50.674     6127     6015.13
50.674     6146     6015.13
50.668     6127     6015.13
50.668     6127     6015.13
50.668     6127     6015.13
             
50.067     6596     6375.88
50.543     6597     6375.88
50.543     6596     6375.88
50.067     6596     6375.88
50.543     6613     6375.88
50.543     6613     6375.88
50.067     6596     6375.88
50.543     6596     6375.88
50.543     6597     6375.88
50.067     6596     6375.88
             
50.314     6262     6107.25
50.385     6278     6107.25
50.385     6262     6107.25
50.314     6262     6107.25
50.385     6278     6107.25
50.385     6278     6107.25
50.314     6262     6107.25
50.385     6262     6107.25
50.385     6278     6107.25
50.314     6262     6107.25
             
50.234     6367     6210.38
50.341     6366     6210.38
50.341     6366     6210.38
50.234     6367     6210.38
50.341     6366     6210.38
50.341     6366     6210.38
50.234     6367     6210.38
50.341     6366     6210.38
50.341     6366     6210.38
50.234     6366     6210.38
             
50.314     6314     6161.88
50.441     6331     6161.88
50.441     6310     6161.88
50.314     6314     6161.88
50.441     6328     6161.88
50.441     6328     6161.88
50.314     6314     6161.88
50.441     6310     6161.88
50.441     6331     6161.88
50.314     6314     6161.88
             
