5     539     470
5.001     538     470
5.002     534     470
5.002     534     470
5.001     539     470
5.001     539     470
5.002     534     470
5.002     534     470
5.001     538     470
5.001     539     470
             
5     556     541
5.001     558     541
5     564     541
5     564     541
5.001     558     541
5.001     558     541
5     564     541
5     564     541
5.001     558     541
5.001     558     541
             
0.003     548     548
0.003     548     548
0.002     548     548
0.002     548     548
0.003     548     548
0.003     548     548
0.002     548     548
0.002     548     548
0.003     548     548
0.003     548     548
             
0.002     555     555
0.003     555     555
0.003     555     555
0.003     555     555
0.003     555     555
0.003     555     555
0.003     555     555
0.003     555     555
0.003     555     555
0.003     555     555
             
0.344     505     505
1.807     505     505
0.291     505     505
0.291     505     505
1.807     505     505
1.807     505     505
0.291     505     505
0.291     505     505
1.807     505     505
1.807     505     505
             
0.003     622     622
0.003     622     622
0.003     622     622
0.003     622     622
0.003     622     622
0.003     622     622
0.003     622     622
0.003     622     622
0.003     622     622
0.003     622     622
             
5.001     532     513
3.798     513     513
5.002     520     513
5.002     520     513
5.001     532     513
5.001     532     513
5.002     520     513
5.002     520     513
3.798     513     513
5.001     532     513
             
0.004     522     522
5     524     522
5     528     522
5     528     522
5     524     522
5     524     522
5     528     522
5     528     522
5     524     522
5     524     522
             
5.002     483     459
5.001     485     459
5     485     459
5     485     459
5.002     485     459
5.002     485     459
5     485     459
5     485     459
5.001     485     459
5.002     485     459
             
5     487     475
5.001     476     475
2.968     475     475
2.968     475     475
5.001     487     475
5.001     487     475
2.968     475     475
2.968     475     475
5.001     476     475
5.001     487     475
             
