1     8     3     2665
2     27     88     391
3     72     40     1210
4     21     172     2312
5     85     102     652
6     95     193     440
7     83     51     820
8     5     22     1187
9     67     110     1244
10     46     89     593
11     26     84     1735
12     30     94     639
13     21     131     2783
14     59     52     464
15     57     64     995
16     1     118     49
17     6     67     1519
18     50     146     77
19     95     135     311
20     30     105     680
21     37     109     1361
22     59     43     1748
23     73     94     631
24     61     152     40
25     1     116     2078
26     12     15     582
27     32     180     2056
28     36     177     368
29     63     140     76
30     62     88     840
31     52     165     534
32     98     98     1896
33     49     127     123
34     7     60     649
35     90     41     2088
36     66     193     584
37     42     112     1702
38     27     90     576
39     8     6     1769
40     51     92     442
41     93     63     1879
42     57     76     422
43     61     75     833
44     98     85     2455
45     86     140     191
46     48     36     2901
47     47     144     207
48     52     3     2322
49     1     22     423
50     68     41     843
51     50     118     2906
52     91     156     574
53     23     21     414
54     23     66     242
55     87     168     2668
56     65     81     225
57     82     177     1344
58     60     82     2239
59     39     164     320
60     90     152     1292
61     45     188     165
62     2     86     446
63     31     115     1262
64     95     196     1703
65     66     1     242
66     14     79     988
67     84     140     623
68     29     51     2731
69     75     171     79
70     3     50     1158
71     97     92     489
72     67     109     681
73     14     156     2292
74     29     4     308
75     49     48     2523
76     15     182     200
77     8     147     238
78     82     39     565
79     18     37     822
80     61     197     492
81     8     72     658
82     74     49     1380
83     30     178     2636
84     47     90     694
85     44     155     1500
86     89     41     222
87     49     195     2577
88     14     176     666
89     85     196     2630
90     5     151     195
91     59     36     1017
92     96     162     105
93     56     80     877
94     49     97     2483
95     81     122     349
96     30     195     2050
97     25     78     293
98     53     64     1027
99     18     106     2608
100     38     118     236
101     38     28     909
102     92     108     1839
103     57     149     322
104     53     95     398
105     70     145     1734
106     5     6     507
107     40     49     2289
108     60     134     392
109     49     15     1863
110     42     160     465
111     32     158     1468
112     33     79     224
113     83     135     1055
114     33     157     406
115     91     65     2887
116     28     95     252
117     21     49     2651
118     62     77     280
119     55     67     543
120     98     113     1233
121     18     157     1975
122     68     45     580
123     52     94     274
124     39     117     277
125     10     157     516
126     75     181     956
127     24     148     2294
128     21     176     561
129     1     27     2175
130     74     70     708
131     24     42     2181
132     81     169     704
133     55     189     1651
134     61     76     369
135     62     175     1335
136     70     116     1796
137     47     167     425
138     30     166     890
139     3     142     1115
140     58     129     2220
141     46     196     470
142     6     36     547
143     13     51     695
144     32     12     413
145     66     110     2381
146     51     53     377
147     86     50     1732
148     11     61     381
149     74     31     2173
150     63     159     409
151     11     79     789
152     60     108     2588
153     24     178     118
154     21     13     2076
155     61     192     142
156     38     5     2127
157     73     136     32
158     44     46     1365
159     7     101     1353
160     45     188     915
161     97     196     2380
162     95     186     224
163     77     172     1050
164     76     196     2009
165     38     119     214
166     92     182     604
167     98     60     639
168     25     92     306
169     55     146     2056
170     88     158     504
171     26     82     751
172     52     169     1566
173     50     72     61
174     43     92     980
175     83     187     2799
176     29     58     27
177     7     63     2431
178     81     181     569
179     13     163     18
180     97     123     206
181     42     86     2131
182     38     35     534
183     49     157     1729
184     65     148     536
185     86     9     97
186     48     169     417
187     21     98     1553
188     88     34     633
189     54     29     1276
190     71     19     2867
191     65     27     370
192     77     46     1364
193     35     45     1633
194     24     119     318
195     21     113     1845
196     85     41     124
197     58     33     1285
198     99     195     1801
199     14     115     573
200     99     159     275
201     87     61     2601
202     84     124     526
203     68     144     1825
204     29     137     271
205     73     162     2023
206     37     190     191
207     17     88     862
208     42     107     2540
209     56     43     666
210     25     54     1480
211     43     40     668
212     10     9     2391
213     39     180     118
214     86     158     2446
215     56     36     597
216     15     52     2090
217     54     65     146
218     62     122     2841
219     46     194     187
220     74     52     643
221     14     65     1847
222     93     97     254
223     55     13     2152
224     30     16     157
225     29     50     2915
226     10     175     718
227     16     27     1130
228     21     182     1657
229     67     11     369
230     24     22     2454
231     18     30     65
232     52     170     2517
233     33     107     439
234     4     161     825
235     87     45     1730
236     11     1     118
237     42     176     165
238     66     108     1180
239     88     131     938
240     61     141     348
241     10     65     200
242     66     158     1472
243     58     129     431
244     67     33     2446
245     62     137     230
246     3     83     2329
247     12     23     367
248     35     167     1655
249     86     58     319
250     69     5     2198
251     41     146     387
252     60     48     2111
253     21     16     480
254     60     95     982
255     27     97     1903
256     84     127     607
257     13     9     498
258     55     22     158
259     85     195     2450
260     1     145     518
261     17     32     756
262     11     134     341
263     56     124     2918
264     52     81     230
265     82     62     2878
266     4     29     678
267     69     182     878
268     4     54     1462
269     99     37     1586
270     83     186     617
271     16     71     1115
272     24     100     2902
273     67     196     563
274     5     140     757
275     86     89     1475
276     31     91     321
277     32     98     2421
278     56     190     302
279     3     179     1482
280     42     101     504
281     3     125     1925
282     48     130     409
283     19     161     2267
284     29     149     175
285     95     75     1625
286     91     195     105
287     9     187     1985
288     95     188     644
289     69     184     2620
290     87     198     649
291     65     82     2089
292     60     27     353
293     84     123     1464
294     37     31     43
295     61     69     1002
296     62     67     1210
297     89     11     1876
298     11     182     363
299     63     69     1963
300     4     132     709
