1     23     49     2855
2     57     143     516
3     61     40     271
4     2     60     1521
5     51     23     143
6     12     199     1049
7     81     199     9
8     17     38     527
9     79     141     6
10     53     97     1211
11     47     126     1661
12     40     80     247
13     15     121     739
14     68     177     1303
15     22     194     2432
16     98     108     376
17     97     146     666
18     9     86     3064
19     88     40     206
20     97     66     2212
21     26     70     497
22     58     194     1558
23     37     63     335
24     67     5     1960
25     45     58     567
26     23     43     2537
27     47     26     723
28     70     26     2407
29     66     24     760
30     77     32     993
31     39     6     2910
32     36     22     487
33     6     163     2172
34     44     135     351
35     59     133     2016
36     38     138     426
37     86     43     1382
38     82     78     1980
39     91     128     133
40     51     120     640
41     3     27     2159
42     8     184     659
43     67     198     423
44     17     61     178
45     26     161     890
46     83     94     1259
47     92     55     2793
48     54     155     143
49     74     112     42
50     51     12     153
51     89     20     289
52     22     140     3029
53     67     78     213
54     40     150     418
55     9     59     2112
56     92     180     736
57     42     178     2385
58     97     166     42
59     3     123     2235
60     44     32     292
61     90     191     2476
62     71     188     409
63     2     138     2070
64     97     112     129
65     37     152     2329
66     49     141     215
67     3     125     204
68     59     136     225
69     40     137     2375
70     34     177     373
71     62     151     3
72     2     21     1499
73     92     83     1387
74     23     70     2525
75     45     11     112
76     88     100     920
77     40     116     490
78     6     9     2559
79     62     68     320
80     72     112     648
81     10     166     2709
82     93     16     2
83     4     97     2719
84     67     56     539
85     36     148     1697
86     84     104     469
87     2     115     2173
88     35     168     683
89     92     67     1797
90     43     134     546
91     98     3     1773
92     3     152     327
93     97     152     635
94     56     141     1966
95     83     164     668
96     68     100     1908
97     86     90     112
98     76     28     16
99     34     21     2946
100     12     34     737
101     29     64     1622
102     17     107     201
103     24     56     2166
104     60     169     362
105     14     197     2766
106     77     21     7
107     5     27     1961
108     71     195     495
109     84     149     919
110     62     31     1550
111     36     48     535
112     57     64     556
113     52     61     2135
114     40     49     69
115     3     59     243
116     57     83     831
117     87     103     261
118     38     50     2543
119     34     28     32
120     33     185     1710
121     29     33     625
122     78     37     2897
123     21     104     328
124     81     76     2098
125     71     11     155
126     38     37     1647
127     70     65     141
128     44     169     3007
129     36     91     754
130     2     48     1995
131     66     85     311
132     97     51     60
133     5     27     1814
134     49     1     744
135     48     43     1734
136     74     115     6
137     94     127     1800
138     46     173     489
139     82     98     2245
140     13     198     447
141     68     16     974
142     84     41     1394
143     93     104     1246
144     28     73     311
145     49     116     1047
146     99     177     2480
147     11     153     604
148     92     79     1073
149     55     119     1668
150     3     95     267
151     85     25     1017
152     68     17     1723
153     72     5     498
154     87     65     530
155     55     68     3058
156     21     171     712
157     85     97     211
158     29     174     1772
159     5     84     451
160     62     170     2526
161     6     93     178
162     89     57     674
163     29     158     2229
164     61     23     330
165     39     146     3074
166     3     162     396
167     97     2     243
168     25     50     873
169     49     148     530
170     19     165     3025
171     20     158     368
172     59     83     1931
173     21     33     532
174     93     177     1167
175     64     144     1631
176     86     63     331
177     83     7     582
178     45     152     2469
179     11     40     435
180     57     37     1294
181     44     4     1586
182     88     132     513
183     85     19     2789
184     10     176     100
185     31     140     259
186     61     35     429
187     27     166     2481
188     96     179     309
189     67     188     1895
190     56     13     554
191     95     11     3030
192     30     192     733
193     21     195     2697
194     32     82     4
195     92     107     2445
196     78     166     86
197     57     53     2040
198     46     122     614
199     97     27     60
200     48     107     1131
201     87     180     2237
202     87     195     1
203     89     62     3045
204     20     42     497
205     1     149     1093
206     28     10     1798
207     24     15     83
208     49     161     1958
209     58     190     422
210     4     164     1722
211     89     114     651
212     89     41     2964
213     53     22     580
214     84     173     1725
215     5     154     121
216     80     22     1176
217     70     77     1450
218     20     100     1136
219     95     2     726
220     59     84     2288
221     67     139     691
222     78     25     1710
223     99     27     439
224     34     129     1375
225     38     68     1219
226     95     86     1592
227     41     90     573
228     69     152     765
229     6     195     136
230     53     77     1508
231     89     167     1675
232     87     21     712
233     5     66     1670
234     60     146     613
235     44     118     1810
236     98     43     543
237     32     89     2875
238     66     54     635
239     46     86     479
240     12     9     2297
241     78     182     590
242     20     182     1290
243     1     120     705
244     62     89     910
245     16     2     1259
246     28     35     2411
247     67     133     345
248     54     110     1521
249     33     22     440
250     4     155     1304
251     76     79     2509
252     22     93     653
253     77     191     1427
254     74     4     846
255     8     172     94
256     72     58     2626
257     33     62     33
258     82     109     2952
259     70     157     89
260     67     65     1406
261     69     48     2542
262     81     141     344
263     98     12     2053
264     37     37     138
265     71     158     2097
266     53     12     120
267     78     147     968
268     12     57     1555
269     70     185     545
270     46     113     2997
271     16     192     463
272     67     98     1091
273     70     54     2874
274     38     98     624
275     74     108     2401
276     11     152     768
277     60     154     2445
278     27     180     349
279     16     173     696
280     54     187     765
281     46     187     2517
282     13     6     329
283     71     166     1466
284     11     94     1285
285     20     98     2732
286     43     194     63
287     69     142     1923
288     31     86     211
289     71     7     2790
290     12     161     174
291     47     4     561
292     88     165     141
293     46     171     2102
294     83     128     161
295     51     194     157
296     40     190     2398
297     78     77     678
298     14     48     935
299     1     98     2741
300     83     118     620
