1     55     30     578
2     74     34     2563
3     36     46     592
4     70     39     59
5     38     46     1317
6     48     9     78
7     80     30     2484
8     50     2     179
9     53     37     188
10     65     8     33
11     29     26     1019
12     13     37     2252
13     39     26     493
14     66     24     2301
15     9     23     435
16     67     1     1627
17     65     4     375
18     88     42     240
19     13     1     988
20     59     4     1614
21     39     27     463
22     9     20     972
23     93     8     1450
24     35     17     133
25     72     11     269
26     70     7     1557
27     34     36     210
28     98     2     1601
29     16     42     530
30     24     11     752
31     4     35     2189
32     57     24     50
33     71     39     321
34     34     3     2193
35     78     9     604
36     44     5     165
37     13     32     1841
38     57     14     77
39     39     9     1164
40     81     29     2281
41     94     15     1
42     35     9     1249
43     12     39     1203
44     86     2     1167
45     62     25     2260
46     38     31     157
47     2     38     1899
48     59     18     5
49     42     45     47
50     85     49     1873
51     40     43     491
52     1     47     2326
53     41     29     258
54     8     32     857
55     15     15     2286
56     66     21     175
57     6     23     2301
58     16     31     565
59     60     48     1956
60     83     8     311
61     68     48     1561
62     3     21     74
63     58     12     756
64     69     33     2003
65     50     34     214
66     88     13     2236
67     85     32     484
68     81     14     2010
69     95     16     88
70     86     27     619
71     66     32     1566
72     97     22     271
73     44     33     155
74     71     24     1139
75     63     17     572
76     60     21     991
77     8     44     425
78     67     15     234
79     49     27     2174
80     36     47     286
81     19     29     2445
82     80     16     464
83     69     46     2182
84     6     29     61
85     64     13     651
86     85     36     2057
87     89     25     474
88     76     21     1014
89     63     26     408
90     66     47     136
91     11     2     209
92     91     48     2223
93     41     31     663
94     89     21     2392
95     81     41     38
96     36     40     636
97     67     45     374
98     6     40     350
99     27     36     2411
100     64     37     264
101     81     7     48
102     98     10     1825
103     67     45     62
104     56     6     1593
105     72     48     304
106     75     34     1833
107     64     20     122
108     97     6     820
109     67     46     637
110     27     37     281
111     21     49     64
112     13     45     2329
113     71     33     342
114     80     19     700
115     43     22     356
116     28     6     1738
117     6     23     627
118     73     17     597
119     81     26     2106
120     61     46     218
121     39     14     1417
122     22     21     367
123     65     41     1765
124     30     18     301
125     59     26     2164
126     63     29     241
127     73     18     2048
128     66     2     12
129     9     12     1740
130     56     9     307
131     22     7     2326
132     26     26     475
133     63     29     2140
134     16     13     654
135     6     15     1457
136     37     44     419
137     47     30     440
138     85     17     675
139     8     14     1377
140     46     22     260
141     89     40     1050
142     67     6     2028
143     69     29     23
144     25     11     535
145     1     8     1925
146     68     19     600
147     48     29     2188
148     16     29     299
149     39     30     1202
150     62     8     2280
151     51     35     105
152     86     28     1352
153     60     20     316
154     45     39     2126
155     46     8     77
156     71     48     2213
157     93     23     177
158     79     23     1864
159     40     29     324
160     90     41     126
161     70     3     1728
162     89     21     556
163     88     26     2516
164     27     44     99
165     51     28     1769
166     54     35     123
167     16     11     2295
168     28     23     304
169     77     19     2497
170     93     19     15
171     27     12     1101
172     95     8     1904
173     38     9     399
174     26     35     522
175     74     42     400
176     24     10     2295
177     55     29     53
178     89     41     1939
179     96     41     413
180     90     20     1301
181     91     48     972
182     84     38     142
183     22     21     2111
184     33     42     388
185     67     49     2365
186     57     29     588
187     2     45     1896
188     82     4     205
189     80     6     2301
190     25     15     292
191     35     35     858
192     37     44     2626
193     56     32     635
194     36     20     343
195     72     25     588
196     27     7     739
197     55     26     490
198     70     2     587
199     24     38     1917
200     78     17     622
