1     127     49     4456
2     47     29     1221
3     11     23     2901
4     15     1     2675
5     136     16     4
6     174     28     3734
7     8     12     1875
8     74     9     1270
9     88     2     2236
10     158     31     829
11     165     11     2656
12     40     11     1933
13     111     10     3626
14     31     48     438
15     164     36     7105
16     67     13     133
17     75     16     5549
18     167     13     858
19     42     42     6269
20     89     15     1557
21     19     21     4134
22     155     14     168
23     101     26     1137
24     87     14     4499
25     98     3     1
26     68     28     2857
27     124     44     365
28     4     6     829
29     43     32     2771
30     75     13     140
31     82     6     1179
32     106     37     2503
33     131     28     1444
34     172     42     1187
35     148     44     4867
36     168     6     1046
37     19     14     6418
38     151     8     1170
39     199     43     3991
40     59     12     1401
41     186     1     6689
42     62     22     793
43     18     2     7281
44     183     19     533
45     77     23     2232
46     170     47     3380
47     18     32     2383
48     170     38     3718
49     155     3     7427
50     96     4     937
51     9     25     4722
52     29     17     189
53     103     19     5609
54     188     15     279
55     55     29     287
56     99     37     7085
57     115     40     1460
58     55     46     322
59     25     16     4176
60     66     20     587
61     41     8     3357
62     10     44     7221
63     131     13     679
64     94     3     5394
65     161     11     1591
66     93     6     407
67     155     42     6837
68     73     42     1572
69     153     20     6205
70     106     45     15
71     155     13     310
72     18     46     2676
73     9     11     2531
74     28     37     3425
75     103     37     3821
76     134     48     753
77     131     40     6785
78     22     7     1395
79     118     13     713
80     24     19     5003
81     168     8     1049
82     104     37     1972
83     98     41     4383
84     110     12     318
85     29     16     7
86     140     16     1052
87     25     7     4567
88     56     20     95
89     103     27     1305
90     128     22     3377
91     31     13     1996
92     72     43     1734
93     28     36     6391
94     54     30     240
95     179     2     1076
96     85     8     4282
97     94     9     1451
98     195     42     5611
99     120     41     1811
100     33     40     4103
101     129     31     1428
102     170     28     6684
103     27     9     388
104     169     44     145
105     141     18     1897
106     151     49     1066
107     6     21     2067
108     196     2     87
109     24     35     4472
110     73     3     387
111     123     40     421
112     16     10     2034
113     125     18     6436
114     141     3     1275
115     122     34     5029
116     73     38     1861
117     174     8     1285
118     4     29     4657
119     179     21     1893
120     85     25     1544
121     36     10     7014
122     43     5     579
123     67     27     6705
124     104     45     1495
125     183     17     4112
126     29     32     1919
127     131     3     4427
128     124     10     1507
129     7     9     2296
130     104     27     3131
131     99     12     4623
132     141     1     1436
133     155     33     5497
134     138     41     90
135     137     9     4537
136     72     47     682
137     103     49     847
138     73     7     1230
139     7     11     1683
140     30     20     2307
141     197     10     7292
142     148     15     160
143     158     7     7594
144     183     25     1367
145     80     17     287
146     157     6     5451
147     101     19     1376
148     126     38     6044
149     25     33     1191
150     93     31     6226
151     103     33     1321
152     172     7     3577
153     26     35     3440
154     141     29     2156
155     14     45     2511
156     198     7     3727
157     123     11     7330
158     181     7     808
159     127     34     558
160     30     31     1834
161     16     44     3969
162     83     20     1363
163     86     3     5218
164     151     46     624
165     122     19     3898
166     180     18     1621
167     141     48     7487
168     132     9     1124
169     177     44     2936
170     141     15     6686
171     70     34     847
172     121     38     6191
173     196     20     597
174     68     25     3140
175     6     48     2005
176     3     11     2818
177     181     4     4899
178     150     19     1067
179     95     39     847
180     113     35     2023
181     25     48     4390
182     140     9     1301
183     169     18     5144
184     83     7     1736
185     162     35     5380
186     88     2     1628
187     110     36     6439
188     104     40     1085
189     145     3     1315
190     163     19     330
191     168     18     6648
192     136     32     111
193     175     43     4730
194     83     26     1192
195     191     33     4473
196     194     40     852
197     59     36     3613
198     51     32     6800
199     31     16     1449
200     140     4     2654
201     186     30     3016
202     127     38     7306
203     160     35     984
204     52     8     4818
205     59     27     670
206     98     7     6680
207     83     15     1762
208     42     40     3568
209     111     15     5280
210     64     17     1921
211     123     44     1530
212     34     17     6146
213     168     26     313
214     156     17     5959
215     41     34     731
216     166     36     1971
217     79     2     2802
218     182     38     5668
219     64     16     1054
220     84     37     3149
221     176     44     3393
222     130     38     3887
223     190     6     606
224     137     14     170
225     80     35     3805
226     54     7     758
227     199     28     1613
228     72     40     4198
229     22     48     109
230     42     12     2520
231     119     26     1087
232     160     1     7108
233     16     48     256
234     121     19     2528
235     28     36     753
236     100     37     3097
237     54     11     812
238     97     9     2357
239     180     6     5676
240     168     31     1091
241     58     14     1609
242     27     48     6520
243     44     47     247
244     95     2     1374
245     90     27     4278
246     153     5     283
247     65     46     2034
248     5     12     4879
249     110     4     384
250     112     37     649
251     64     19     2954
252     68     44     2289
253     172     43     3017
254     142     17     5093
255     66     30     504
256     193     47     590
257     122     31     5488
258     122     18     1497
259     65     21     5380
260     123     29     1717
261     166     31     4868
262     95     30     51
263     13     34     3764
264     19     44     4424
265     36     16     1177
266     13     35     6222
267     191     30     411
268     105     48     44
269     180     9     6497
270     35     43     935
271     183     49     99
272     114     26     1730
273     171     11     2587
274     189     1     742
275     107     46     1651
276     47     3     4534
277     107     31     1194
278     34     2     2730
279     181     33     2479
280     31     2     7288
281     137     38     1750
282     53     37     5659
283     117     26     659
284     190     37     1113
285     72     27     4989
286     160     37     1325
287     89     45     4439
288     135     24     536
289     70     45     5413
290     35     46     1156
291     152     18     4362
292     63     40     69
293     142     9     3803
294     115     36     4605
295     144     5     773
296     163     16     3349
297     194     20     2024
298     114     8     1572
299     184     16     5904
300     124     37     1885
