1     148     4     5854
2     71     25     1118
3     69     33     971
4     105     48     4393
5     81     26     1310
6     109     22     1613
7     162     32     5340
8     161     18     911
9     155     38     1761
10     47     25     326
11     45     7     396
12     128     28     3541
13     139     41     5841
14     134     3     550
15     93     39     4947
16     55     3     384
17     23     19     6882
18     123     38     500
19     26     45     121
20     97     42     2996
21     26     4     1122
22     117     42     1666
23     8     38     2852
24     184     17     2915
25     129     8     44
26     7     27     4358
27     187     10     1792
28     196     48     79
29     166     26     5315
30     173     26     724
31     139     9     2313
32     190     28     7302
33     19     10     511
34     53     49     30
35     123     42     750
36     52     44     691
37     172     31     4811
38     111     23     1368
39     193     29     2147
40     41     27     1296
41     61     23     5560
42     29     15     1673
43     28     4     5152
44     77     33     488
45     193     22     7253
46     105     20     1138
47     150     10     3082
48     110     4     4777
49     21     38     1610
50     196     48     748
51     60     7     5139
52     57     29     315
53     180     22     4619
54     108     24     631
55     72     1     2720
56     71     1     6464
57     137     36     43
58     2     1     921
59     121     48     805
60     131     17     4873
61     140     29     1430
62     7     31     2629
63     86     24     6230
64     51     24     516
65     180     11     3164
66     193     36     1959
67     12     31     5706
68     40     42     147
69     97     22     5337
70     111     14     240
71     9     24     4999
72     142     44     166
73     18     34     6145
74     53     22     1643
75     57     8     1435
76     94     14     6966
77     108     5     1053
78     70     27     3250
79     175     48     723
80     194     15     2170
81     86     33     6208
82     104     38     714
83     95     38     85
84     62     19     2213
85     183     28     1700
86     135     4     4588
87     128     26     504
88     119     36     5515
89     92     24     1484
90     11     7     2598
91     3     21     7142
92     70     30     1771
93     96     32     3056
94     112     44     4648
95     133     12     683
96     143     35     860
97     140     31     4589
98     76     38     55
99     42     13     1403
100     58     35     1359
101     31     25     4989
102     130     20     1179
103     161     40     7172
104     57     13     1270
105     42     26     7261
106     81     41     694
107     19     9     555
108     121     33     4547
109     125     41     188
110     156     21     3990
111     9     10     1196
112     81     22     2063
113     166     38     4993
114     139     25     1148
115     32     16     4244
116     123     19     809
117     174     36     723
118     34     4     1986
119     155     26     151
120     152     11     1158
121     175     49     4707
122     174     22     567
123     67     34     6506
124     51     13     1197
125     172     45     1893
126     58     46     485
127     189     39     3814
128     172     46     616
129     38     1     5221
130     65     37     644
131     154     10     4082
132     119     6     530
133     197     34     6022
134     118     2     1098
135     27     18     1245
136     122     45     2401
137     35     24     1187
138     170     24     761
139     11     2     2249
140     26     15     635
141     78     22     3359
142     175     44     2185
143     171     19     4690
144     99     23     384
145     196     8     7142
146     68     15     532
147     83     19     7045
148     70     10     986
149     14     31     4344
150     134     9     253
151     86     15     2982
152     108     44     5172
153     25     37     1673
154     144     22     5609
155     48     23     1754
156     183     23     5092
157     42     42     1021
158     136     48     586
159     9     3     3251
160     197     30     4495
161     172     21     1092
162     69     18     5598
163     134     44     1029
164     89     9     884
165     1     20     1004
166     57     37     4370
167     32     31     1105
168     4     44     1066
169     166     47     4939
170     127     49     1272
171     84     34     383
172     31     35     412
173     119     34     2061
174     162     42     1163
175     18     28     6634
176     90     43     569
177     105     22     4069
178     117     20     73
179     31     12     3806
180     100     32     784
181     159     2     302
182     11     21     4964
183     101     43     581
184     122     18     5494
185     17     25     1807
186     141     32     2175
187     33     27     1946
188     9     2     4330
189     144     46     155
190     11     11     2990
191     14     35     1062
192     48     34     10
193     27     17     5689
194     5     18     453
195     134     31     2790
196     113     17     38
197     149     9     8
198     55     38     5464
199     134     14     898
200     69     4     2303
201     172     25     1016
202     199     5     6535
203     108     38     521
204     116     22     4583
205     198     7     53
206     64     17     256
207     182     43     2207
208     83     28     3564
209     61     1     4316
210     14     46     284
211     167     26     2393
212     13     26     7067
213     92     42     672
214     130     1     6994
215     180     6     977
216     4     3     6112
217     16     17     925
218     68     16     1784
219     132     18     2434
220     176     34     3705
221     84     20     1085
222     87     24     6355
223     134     37     376
224     28     10     6399
225     14     11     1483
226     109     35     3964
227     57     45     1160
228     19     28     5705
229     163     2     659
230     11     43     6282
231     28     29     1449
232     108     38     4772
233     199     2     1198
234     194     7     2158
235     98     29     4276
236     31     48     278
237     169     20     2324
238     157     6     2911
239     92     26     251
240     164     47     670
241     115     33     5843
242     13     10     220
243     69     11     6061
244     63     4     480
245     197     8     2110
246     173     45     4128
247     28     30     843
248     22     29     7336
249     135     1     1074
250     63     17     359
251     7     24     6318
252     6     35     945
253     177     23     3799
254     157     37     614
255     166     47     1590
256     70     20     7042
257     178     39     1176
258     171     15     3588
259     170     11     3608
260     50     22     4051
261     6     6     290
262     33     5     6930
263     103     43     564
264     186     14     652
265     11     29     2903
266     119     25     3973
267     98     11     1437
268     40     43     4053
269     105     15     1835
270     58     16     6705
271     44     24     747
272     154     24     5405
273     89     24     1625
274     192     22     6086
275     75     43     438
276     195     24     3833
277     16     11     587
278     154     16     1930
279     154     34     4723
280     198     8     1578
281     69     28     5893
282     163     14     1746
283     155     27     2428
284     33     31     4246
285     118     7     658
286     164     16     1444
287     23     49     5857
288     155     25     194
289     74     35     1756
290     16     18     5320
291     28     4     1552
292     97     27     2906
293     146     10     6814
294     84     34     1215
295     143     43     1303
296     100     34     5059
297     29     35     1021
298     90     33     5403
299     183     25     157
300     18     12     6088
