30.001      1067      1038
30.002      1067      1038
30.002      1068      1038
30.001      1062      1038
30.008      1064      1038
30.001      1065      1038
30.002      1064      1038
30.002      1067      1038
30.001      1065      1038
30.002      1063      1038

30.007      1034    1008.8
30.001      1037    1008.8
30.002      1030    1008.8
30.002      1034    1008.8
30.001      1034    1008.8
30.002      1030    1008.8
30.007      1031    1008.8
30.002      1033    1008.8
30.001      1035    1008.8
30.002      1032    1008.8

30.001      1034    1008.2
30.002      1033    1008.2
30.006      1028    1008.2
30.002      1029    1008.2
30.001      1033    1008.2
30.002      1031    1008.2
30.001      1032    1008.2
30.002      1026    1008.2
30.006      1034    1008.2
30.002      1027    1008.2

30.002      1029     998.4
30.002      1028     998.4
30.001      1029     998.4
30.002      1027     998.4
30.006      1020     998.4
30.002      1022     998.4
30.001      1023     998.4
30.002      1024     998.4
30.001      1024     998.4
30.002      1026     998.4

30.006      1036    1015.8
30.001      1038    1015.8
30.002      1036    1015.8
30.002      1037    1015.8
30.001      1036    1015.8
30.002      1038    1015.8
30.006      1036    1015.8
30.002      1038    1015.8
30.002      1035    1015.8
30.001      1036    1015.8

30.001      1080      1041
30.002      1083      1041
30.006      1080      1041
30.002      1084      1041
30.001      1078      1041
30.002      1081      1041
30.002      1079      1041
30.001      1081      1041
30.006      1078      1041
30.002      1081      1041

30.001      1066    1037.6
30.002      1067    1037.6
30.001      1067    1037.6
30.002      1068    1037.6
30.007      1062    1037.6
30.001      1066    1037.6
30.002      1069    1037.6
30.001      1069    1037.6
30.002      1069    1037.6
30.002      1063    1037.6

30.006      1051    1027.4
30.002      1052    1027.4
30.002      1055    1027.4
30.001      1046    1027.4
30.002      1051    1027.4
30.002      1048    1027.4
30.006      1050    1027.4
30.001      1051    1027.4
30.002      1049    1027.4
30.001      1052    1027.4

30.002      1070    1035.8
30.001      1069    1035.8
30.006      1065    1035.8
30.002      1065    1035.8
30.002      1070    1035.8
30.001      1063    1035.8
30.002      1064    1035.8
30.002      1068    1035.8
30.008      1069    1035.8
30.002      1067    1035.8

30.002      1058    1025.4
30.002      1052    1025.4
30.001      1059    1025.4
30.002      1054    1025.4
30.007      1056    1025.4
30.002      1058    1025.4
30.001      1056    1025.4
30.002      1057    1025.4
30.001      1053    1025.4
30.002      1054    1025.4

