5.001     1322     1134
5     1328     1134
5     1315     1134
5     1315     1134
5.001     1328     1134
5.001     1328     1134
5     1315     1134
5     1315     1134
5     1328     1134
5.001     1328     1134
             
5     1214     1045
5     1211     1045
5.001     1214     1045
5.001     1214     1045
5     1214     1045
5     1214     1045
5.001     1214     1045
5.001     1214     1045
5     1211     1045
5     1214     1045
             
5     1069     917.5
5.001     1054     917.5
5     1063     917.5
5     1063     917.5
5.001     1069     917.5
5.001     1069     917.5
5     1063     917.5
5     1063     917.5
5.001     1054     917.5
5.001     1069     917.5
             
5     1255     1029.5
5     1235     1029.5
5.001     1228     1029.5
5.001     1228     1029.5
5     1255     1029.5
5     1255     1029.5
5.001     1228     1029.5
5.001     1228     1029.5
5     1235     1029.5
5     1255     1029.5
             
5.001     1332     1152.25
5     1337     1152.25
5     1335     1152.25
5     1335     1152.25
5.001     1337     1152.25
5.001     1337     1152.25
5     1335     1152.25
5     1335     1152.25
5     1337     1152.25
5.001     1337     1152.25
             
5     1392     1178.63
5     1383     1178.63
5     1370     1178.63
5     1370     1178.63
5     1392     1178.63
5     1392     1178.63
5     1370     1178.63
5     1370     1178.63
5     1383     1178.63
5     1392     1178.63
             
5     1393     1235.63
5     1391     1235.63
5     1394     1235.63
5     1394     1235.63
5     1393     1235.63
5     1393     1235.63
5     1394     1235.63
5     1394     1235.63
5     1391     1235.63
5     1393     1235.63
             
5     1334     1186.25
5.001     1318     1186.25
5     1335     1186.25
5     1335     1186.25
5.001     1334     1186.25
5.001     1334     1186.25
5     1335     1186.25
5     1335     1186.25
5.001     1318     1186.25
5.001     1334     1186.25
             
5     1227     1034.75
5.001     1258     1034.75
5     1243     1034.75
5     1243     1034.75
5.001     1258     1034.75
5.001     1258     1034.75
5     1243     1034.75
5     1243     1034.75
5.001     1258     1034.75
5.001     1258     1034.75
             
5.001     1231     1071.5
5     1235     1071.5
5     1258     1071.5
5     1258     1071.5
5.001     1235     1071.5
5.001     1235     1071.5
5     1258     1071.5
5     1258     1071.5
5     1235     1071.5
5.001     1235     1071.5
             
