1     51     26     2351
2     96     47     6274
3     137     40     8076
4     25     15     577
5     79     5     4549
6     175     22     1218
7     174     41     2744
8     136     6     107
9     13     1     14740
10     178     25     1962
11     98     3     13447
12     191     28     3677
13     29     42     1193
14     31     18     6929
15     145     31     3318
16     52     10     12896
17     63     18     2714
18     149     24     9505
19     121     8     1458
20     71     3     8973
21     15     3     1403
22     86     22     1148
23     151     7     14614
24     130     15     2628
25     128     31     10343
26     29     2     1262
27     184     24     9262
28     25     3     353
29     78     24     14039
30     107     45     2790
31     80     9     13228
32     82     22     3104
33     50     34     8902
34     44     19     1155
35     36     12     14449
36     20     6     3346
37     160     48     14686
38     4     22     2658
39     164     45     6752
40     3     29     13899
41     138     15     570
42     4     15     8348
43     54     7     3173
44     33     47     7958
45     129     10     3273
46     142     42     6443
47     134     45     12414
48     157     5     1337
49     105     36     4726
50     185     36     1321
51     121     26     489
52     24     45     13625
53     49     35     946
54     7     26     1321
55     14     2     5575
56     133     9     8302
57     105     44     3558
58     162     24     2629
59     65     23     1309
60     42     22     11376
61     98     1     3180
62     114     27     11140
63     25     42     1754
64     174     31     9236
65     17     28     1611
66     177     2     2804
67     81     15     6455
68     80     28     3385
69     136     3     6632
70     122     45     12614
71     56     43     2644
72     144     7     843
73     156     34     4680
74     16     47     13606
75     76     11     2725
76     57     17     10971
77     1     32     2428
78     198     31     11011
79     169     14     3649
80     103     1     1561
81     14     41     8385
82     173     42     1078
83     136     6     12250
84     179     43     3013
85     60     48     7519
86     179     4     4508
87     65     35     5250
88     46     47     947
89     101     7     15026
90     15     37     1866
91     198     18     11162
92     110     10     857
93     62     18     10546
94     72     35     3667
95     129     49     6507
96     93     38     12538
97     11     16     3535
98     38     11     14890
99     128     25     2669
100     182     33     1906
101     61     27     4605
102     92     3     10462
103     68     41     3371
104     179     1     6765
105     117     3     5439
106     73     8     5423
107     8     3     1982
108     160     10     5504
109     22     34     11558
110     177     29     2250
111     121     40     662
112     62     42     9774
113     47     36     2565
114     163     25     6821
115     194     27     4384
116     88     17     6244
117     178     40     5960
118     60     16     4944
119     4     34     11281
120     132     10     3473
121     67     15     3755
122     78     3     8054
123     186     43     980
124     110     4     12920
125     71     25     2887
126     29     3     2959
127     50     34     2363
128     55     27     5724
129     73     49     14445
130     168     19     889
131     90     39     14026
132     79     1     274
133     141     30     1777
134     104     30     1602
135     35     16     11915
136     147     48     681
137     194     11     7414
138     49     2     13022
139     63     14     396
140     58     28     7632
141     140     2     1145
142     97     25     9071
143     108     8     679
144     172     42     13223
145     42     27     3377
146     39     48     5987
147     127     39     13538
148     168     39     1604
149     83     20     9010
150     78     6     3726
151     172     46     11714
152     124     36     834
153     176     16     11479
154     55     38     3345
155     69     36     10120
156     10     33     3659
157     81     25     6559
158     46     49     1325
159     141     16     11912
160     156     42     255
161     9     21     10098
162     123     2     2375
163     198     14     11412
164     8     1     886
165     142     20     9095
166     49     8     3041
167     75     39     3494
168     189     26     1679
169     111     43     886
170     116     35     6399
171     159     18     6723
172     182     26     4789
173     167     24     5669
174     40     25     872
175     79     2     7703
176     172     35     3651
177     82     10     8566
178     197     41     147
179     28     47     4973
180     184     29     9789
181     41     16     3492
182     138     42     1272
183     21     30     6840
184     93     22     5849
185     27     16     9059
186     111     2     2091
187     192     48     3500
188     50     27     1263
189     105     33     195
190     147     25     2485
191     85     48     10375
192     10     33     1289
193     161     36     5439
194     190     9     8361
195     91     38     2228
196     33     31     8722
197     31     41     890
198     180     47     2021
199     132     22     2245
200     14     18     1089
201     82     45     13012
202     124     27     2546
203     6     18     6275
204     126     36     3636
205     129     26     1231
206     148     29     3125
207     140     16     5628
208     110     33     7597
209     144     47     8432
210     155     13     1060
211     48     24     13560
212     124     30     3615
213     10     26     10470
214     110     45     501
215     70     6     8693
216     37     34     1783
217     109     18     187
218     8     7     11925
219     189     9     2199
220     38     42     13505
221     70     2     63
222     133     3     12271
223     24     33     537
224     111     44     8064
225     15     9     1408
226     82     16     3109
227     13     2     10694
228     155     37     126
229     178     37     6169
230     185     8     14314
231     11     34     948
232     183     31     13990
233     198     6     2864
234     41     18     12176
235     179     48     966
236     123     43     6822
237     33     32     14218
238     78     6     808
239     175     17     14603
240     115     4     2686
241     165     1     1017
242     179     35     4325
243     86     12     6866
244     141     44     12830
245     113     10     3303
246     91     9     10943
247     106     47     762
248     110     8     6324
249     195     34     10518
250     113     27     3390
251     43     16     14742
252     79     5     138
253     132     31     6362
254     99     12     9042
255     90     27     44
256     169     23     8457
257     58     31     1159
258     97     11     13338
259     162     44     1198
260     117     12     160
261     48     3     2834
262     51     20     10153
263     19     40     1747
264     100     5     120
265     157     42     2679
266     84     2     3117
267     194     46     14360
268     122     38     1769
269     124     34     9863
270     102     36     2548
271     166     2     4305
272     48     38     6401
273     44     21     3893
274     153     31     5300
275     141     9     783
276     133     26     6055
277     159     15     197
278     190     31     13317
279     99     46     1852
280     129     8     10143
281     25     4     3079
282     167     36     3811
283     99     7     10291
284     145     39     970
285     165     18     3505
286     193     9     13286
287     181     34     498
288     23     47     1096
289     12     36     5742
290     79     16     6151
291     173     28     8216
292     184     44     984
293     127     36     7319
294     50     11     13707
295     169     47     1885
296     3     17     381
297     76     41     4215
298     103     20     8369
299     145     7     1258
300     184     17     4756
