1     30     1     4791
2     40     43     823
3     4     27     5361
4     146     11     335
5     56     31     4327
6     99     33     707
7     135     20     5697
8     28     38     400
9     159     32     1676
10     176     38     3781
11     81     1     139
12     84     4     1017
13     120     49     2293
14     154     27     1478
15     154     3     733
16     116     49     4921
17     72     1     1508
18     78     12     48
19     142     10     5146
20     92     18     1261
21     7     13     629
22     173     23     6003
23     165     46     920
24     71     40     1488
25     100     45     3416
26     142     8     1341
27     35     7     5614
28     158     3     1306
29     12     17     309
30     37     29     815
31     125     15     4208
32     26     6     310
33     150     5     631
34     142     8     5979
35     70     34     1240
36     94     37     2875
37     8     23     1725
38     106     33     520
39     118     11     3423
40     104     41     250
41     45     46     452
42     178     1     2079
43     76     4     3216
44     170     9     493
45     118     10     2576
46     150     21     4365
47     119     2     1465
48     90     9     3289
49     22     34     1133
50     144     21     5331
51     172     34     945
52     168     9     1213
53     107     29     4074
54     171     32     36
55     173     21     3374
56     148     23     1109
57     90     49     4485
58     180     49     547
59     17     15     2315
60     103     10     1249
61     22     41     2243
62     67     7     5613
63     116     10     733
64     6     34     2983
65     73     4     3404
66     185     45     689
67     124     6     3866
68     104     19     36
69     114     42     3501
70     78     31     1422
71     34     14     5102
72     63     9     1135
73     35     48     5534
74     12     8     944
75     3     19     5812
76     160     20     962
77     118     34     4183
78     191     2     1273
79     62     43     5250
80     40     34     1272
81     23     19     2275
82     89     23     3522
83     105     3     826
84     101     33     2937
85     174     34     5747
86     125     33     1537
87     49     10     4115
88     72     1     1134
89     63     34     1087
90     194     6     4543
91     5     35     1111
92     180     26     4414
93     146     19     588
94     12     33     3064
95     191     28     2913
96     10     25     4629
97     96     36     281
98     116     31     1088
99     150     33     3752
100     87     13     208
101     96     18     5746
102     146     26     1234
103     16     21     4717
104     40     5     80
105     72     6     1130
106     124     6     3792
107     161     9     765
108     109     44     271
109     180     39     627
110     179     17     1076
111     182     32     2045
112     41     16     4895
113     154     16     1417
114     42     17     597
115     21     39     5052
116     76     5     1333
117     30     6     3690
118     28     3     972
119     68     38     426
120     84     11     3192
121     134     40     1112
122     85     49     1906
123     48     8     6137
124     149     18     1244
125     55     28     5637
126     88     23     1529
127     133     24     1196
128     179     26     1795
129     178     12     5576
130     97     16     916
131     176     28     5149
132     53     45     620
133     107     20     2502
134     24     29     3553
135     13     36     1274
136     93     6     2112
137     135     15     3342
138     183     33     445
139     19     41     1070
140     111     6     3577
141     33     16     1430
142     56     1     1760
143     34     22     372
144     98     32     5886
145     77     21     1074
146     106     22     1429
147     154     10     5159
148     127     21     628
149     178     4     1042
150     169     4     5120
151     104     10     940
152     194     11     3144
153     56     41     729
154     173     46     2148
155     146     4     4666
156     92     49     594
157     194     44     1761
158     7     21     1311
159     41     20     218
160     6     28     543
161     32     36     3939
162     52     44     965
163     48     32     249
164     69     43     2384
165     119     29     6002
166     14     8     168
167     115     47     5301
168     138     35     1454
169     59     47     3438
170     13     19     189
171     175     38     945
172     170     49     5425
173     50     3     1328
174     140     27     3508
175     153     14     529
176     97     48     902
177     11     45     4544
178     102     14     130
179     198     49     4576
180     106     29     1334
181     126     19     4523
182     64     13     428
183     122     12     6032
184     48     31     194
185     61     7     1116
186     30     28     6019
187     149     12     1353
188     188     13     699
189     24     25     4084
190     40     30     582
191     56     43     5119
192     160     29     348
193     120     20     2561
194     99     16     3292
195     135     5     1510
196     46     49     4296
197     167     44     1359
198     71     34     4068
199     150     44     1511
200     97     11     3118
201     61     13     696
202     92     7     2338
203     170     9     32
204     184     29     509
205     71     49     3718
206     62     39     722
207     124     43     1704
208     140     33     6003
209     80     11     773
210     161     42     2060
211     12     30     3082
212     127     7     3871
213     14     35     372
214     52     45     5399
215     15     15     1431
216     35     42     1378
217     115     39     4686
218     137     23     1076
219     98     18     5879
220     43     29     620
221     39     40     2609
222     146     3     5044
223     78     43     1016
224     165     9     1021
225     50     34     5487
226     198     29     372
227     175     38     3663
228     151     22     1061
229     29     12     1024
230     102     9     510
231     136     7     1757
232     68     32     2548
233     37     40     293
234     133     34     4825
235     90     40     458
236     102     28     3290
237     119     17     979
238     70     18     3347
239     176     13     568
240     153     22     311
241     84     27     3101
242     99     31     1177
243     53     23     660
244     149     44     959
245     50     8     2133
246     106     49     2652
247     63     47     1232
248     53     41     4898
249     50     40     255
250     147     3     4265
251     171     3     346
252     101     6     5626
253     87     45     580
254     120     30     3585
255     56     47     84
256     167     17     2026
257     167     24     122
258     145     37     478
259     27     33     238
260     2     11     429
261     3     8     5396
262     46     25     719
263     150     22     3106
264     69     37     39
265     93     43     2713
266     149     45     5852
267     126     45     165
268     38     38     284
269     38     10     5771
270     45     6     160
271     108     33     1522
272     109     5     5666
273     25     37     632
274     59     10     3131
275     60     25     697
276     121     27     1653
277     114     6     5824
278     1     38     1390
279     121     32     1097
280     18     11     2698
281     7     44     5919
282     163     2     971
283     95     14     111
284     185     39     1059
285     138     3     3641
286     65     36     699
287     96     22     2545
288     6     5     5006
289     1     35     1255
290     126     47     4881
291     112     17     1098
292     163     15     873
293     146     4     585
294     145     12     3722
295     147     34     753
296     20     45     3007
297     34     8     4412
298     162     6     964
299     184     4     999
300     94     15     2757
301     190     4     3478
302     143     5     1368
303     187     43     5290
304     151     44     287
305     11     37     2644
306     49     28     103
307     138     28     4126
308     86     41     1123
309     193     35     243
310     150     24     3938
311     134     35     1044
312     124     1     2739
313     113     26     4995
314     46     4     1500
315     32     34     4680
316     12     47     1100
317     90     27     5262
318     56     18     760
319     157     20     1844
320     107     6     5430
321     187     20     1055
322     53     47     2586
323     112     10     997
324     132     46     4965
325     118     39     206
326     125     22     1883
327     14     21     2319
328     30     26     5780
329     190     12     1472
330     96     39     3992
331     148     28     14
332     19     47     5346
333     162     42     1350
334     168     20     4
335     72     5     4750
336     45     2     154
337     8     41     2821
338     140     35     2625
339     80     31     1814
340     118     4     4625
341     33     12     1010
342     105     49     624
343     48     26     3981
344     121     17     1487
345     185     46     299
346     157     34     2329
347     151     21     1306
348     45     5     1872
349     47     26     520
350     173     12     5889
351     77     42     317
352     150     46     2505
353     42     7     1337
354     48     32     3504
355     126     24     918
356     113     16     3922
357     108     7     1304
358     129     22     1160
359     123     4     81
360     40     21     896
361     180     42     3293
362     54     4     800
363     11     23     2087
364     13     32     5958
365     6     39     842
366     82     6     2861
367     100     8     77
368     39     43     731
369     14     6     6109
370     157     31     186
371     57     38     415
372     106     23     2472
373     77     16     5331
374     153     23     446
375     134     15     2234
376     194     1     2003
377     49     48     151
378     69     15     1782
379     96     25     1591
380     154     19     1647
381     79     2     1703
382     4     15     5485
383     94     43     113
384     64     14     2575
385     131     12     4854
386     198     48     1152
387     177     44     2401
388     59     7     1154
389     87     30     1574
390     91     36     3698
391     63     4     1273
392     194     13     416
393     5     42     4221
394     191     45     360
395     44     28     965
396     8     8     2704
397     93     46     553
398     30     2     3972
399     11     8     99
400     174     43     3410
401     98     24     822
402     193     8     5051
403     159     39     387
404     101     38     3
405     25     37     4066
406     79     46     1398
407     104     19     4657
408     152     39     0
409     176     26     3661
410     56     25     1393
411     114     1     5896
412     6     46     1287
413     109     44     5007
414     35     38     1008
415     82     12     1039
416     156     41     4668
417     114     23     1378
418     153     14     2725
419     100     14     5582
420     175     8     1079
421     69     27     2708
422     188     9     20
423     174     46     5847
424     101     8     239
425     11     29     3178
426     150     3     242
427     47     44     3146
428     170     37     862
429     99     12     5738
430     131     23     1051
431     38     8     136
432     54     32     3039
433     107     16     2163
434     49     29     3
435     177     45     130
436     180     29     4799
437     90     11     1445
438     22     20     2240
439     176     11     4033
440     80     19     538
441     183     4     2427
442     185     38     5212
443     94     38     707
444     162     42     3811
445     2     39     1308
446     132     47     5499
447     196     12     646
448     92     42     3405
449     126     43     135
450     38     38     1691
451     83     46     4266
452     163     21     1254
453     100     5     3795
454     89     46     774
455     36     20     2630
456     19     7     2980
457     97     2     3527
458     189     37     122
459     50     31     4890
460     40     25     33
461     113     43     2415
462     187     37     4988
463     82     27     978
464     67     28     82
465     72     40     1485
466     114     11     962
467     117     34     3499
468     12     46     1277
469     81     10     304
470     163     23     5384
471     108     15     913
472     169     1     541
473     182     41     3295
474     143     49     1270
475     86     36     3707
476     165     3     335
477     135     14     970
478     120     31     3391
479     64     34     446
480     88     3     4709
481     104     49     516
482     3     17     245
483     11     1     5472
484     182     3     1535
485     10     24     3553
486     196     36     1489
487     88     34     4625
488     38     21     292
489     139     38     2057
490     66     11     4575
491     109     28     175
492     47     32     4626
493     139     20     1511
494     131     18     2622
495     3     1     1728
496     62     9     4974
497     114     3     91
498     76     18     5959
499     188     49     1142
500     164     1     4962
