50.071     12536     12190.4
50.003     12556     12190.4
50.003     12556     12190.4
50.071     12544     12190.4
50.071     12556     12190.4
50.071     12556     12190.4
50.071     12544     12190.4
50.003     12556     12190.4
50.003     12556     12190.4
50.071     12556     12190.4
             
50.056     12427     12086.3
50.005     12429     12086.3
50.005     12429     12086.3
50.056     12427     12086.3
50.056     12429     12086.3
50.056     12429     12086.3
50.056     12427     12086.3
50.005     12429     12086.3
50.005     12429     12086.3
50.056     12429     12086.3
             
50.093     12890     12573.4
50.027     12883     12573.4
50.027     12903     12573.4
50.093     12890     12573.4
50.093     12890     12573.4
50.093     12890     12573.4
50.093     12890     12573.4
50.027     12903     12573.4
50.027     12883     12573.4
50.093     12890     12573.4
             
50.005     13133     12633
50.016     13162     12633
50.016     13162     12633
50.005     13133     12633
50.016     13162     12633
50.016     13162     12633
50.005     13133     12633
50.016     13162     12633
50.016     13162     12633
50.016     13162     12633
             
50.001     13551     13070.5
50.025     13549     13070.5
50.025     13549     13070.5
50.001     13551     13070.5
50.025     13551     13070.5
50.025     13551     13070.5
50.001     13551     13070.5
50.025     13549     13070.5
50.025     13549     13070.5
50.025     13551     13070.5
             
50.074     13096     12630.1
50.139     13155     12630.1
50.139     13155     12630.1
50.074     13096     12630.1
50.139     13155     12630.1
50.139     13155     12630.1
50.074     13096     12630.1
50.139     13155     12630.1
50.139     13155     12630.1
50.139     13155     12630.1
             
50.133     12402     12038.1
50.048     12449     12038.1
50.048     12449     12038.1
50.133     12402     12038.1
50.133     12449     12038.1
50.133     12449     12038.1
50.133     12402     12038.1
50.048     12449     12038.1
50.048     12449     12038.1
50.133     12449     12038.1
             
50.023     12964     12595.4
50.033     12989     12595.4
50.033     12989     12595.4
50.023     12934     12595.4
50.033     12989     12595.4
50.033     12989     12595.4
50.023     12934     12595.4
50.033     12989     12595.4
50.033     12989     12595.4
50.033     12989     12595.4
             
50.002     12852     12589.1
50.051     12900     12589.1
50.051     12900     12589.1
50.002     12852     12589.1
50.051     12900     12589.1
50.051     12900     12589.1
50.002     12852     12589.1
50.051     12900     12589.1
50.051     12900     12589.1
50.051     12900     12589.1
             
50.016     13225     12775.9
50.007     13218     12775.9
50.007     13218     12775.9
50.016     13225     12775.9
50.016     13225     12775.9
50.016     13225     12775.9
50.016     13225     12775.9
50.007     13218     12775.9
50.007     13218     12775.9
50.016     13225     12775.9
             
