1     99     61     563
2     142     96     152
3     106     53     647
4     184     24     131
5     143     43     417
6     139     46     95
7     56     83     582
8     7     92     85
9     63     72     420
10     56     23     80
11     178     38     463
12     19     6     111
13     179     42     237
14     102     20     458
15     195     22     58
16     124     72     372
17     177     83     122
18     165     92     661
19     183     82     23
20     168     44     541
21     181     58     109
22     190     24     220
23     60     78     526
24     98     32     100
25     117     29     616
26     114     80     71
27     159     40     30
28     74     46     222
29     17     7     321
30     120     63     571
31     180     7     25
32     52     39     531
33     161     39     132
34     133     3     472
35     112     22     148
36     15     44     244
37     26     14     335
38     135     42     83
39     151     17     43
40     43     49     207
41     30     96     233
42     24     85     10
43     150     76     276
44     3     55     553
45     54     69     90
46     14     98     656
47     130     38     100
48     32     26     229
49     117     81     102
50     116     9     181
