50.351      1596   1572.38
50.846      1596   1572.38
51.487      1602   1572.38
51.163      1599   1572.38
50.659      1601   1572.38
50.351      1596   1572.38
50.846      1596   1572.38
51.487      1602   1572.38
51.163      1599   1572.38
50.659      1601   1572.38

52.159      1603   1579.38
52.628      1610   1579.38
52.492      1608   1579.38
50.925      1607   1579.38
51.752      1611   1579.38
52.159      1603   1579.38
52.628      1610   1579.38
52.492      1603   1579.38
50.925      1607   1579.38
51.752      1611   1579.38

51.367      1690    1646.5
51.174      1689    1646.5
50.097      1689    1646.5
51.425      1689    1646.5
50.179      1690   1646.5
51.367      1690    1646.5
51.174      1689    1646.5
50.097      1690    1646.5
51.425      1689    1646.5
50.179      1690   1646.5

52.112      1601      1567
51.706      1596      1567
51.393      1594      1567
51.758      1596      1567
50.893      1597      1567
52.112      1594      1567
51.706      1596      1567
51.393      1594      1567
51.758      1596      1567
50.893      1597      1567

50.003      1641   1587.63
50.336      1645   1587.63
51.033      1642   1587.63
51.237      1642   1587.63
50.394      1641   1587.63
50.003      1641   1587.63
50.336      1641   1587.63
51.033      1642   1587.63
51.237      1642   1587.63
50.394      1641   1587.63

50.194      1619   1586.25
50.971      1623   1586.25
50.597      1619   1586.25
51.181      1621   1586.25
51.424      1619   1586.25
50.194      1619   1586.25
50.971      1619   1586.25
50.597      1619   1586.25
51.181      1621   1586.25
51.424      1619   1586.25

51.456      1617    1574.5
50.674      1613    1574.5
51.679      1617    1574.5
52.612      1617    1574.5
52.065      1613    1574.5
51.456      1617    1574.5
50.674      1613    1574.5
51.679      1613    1574.5
52.612      1617    1574.5
52.065      1613    1574.5

51.382      1651   1603.25
51.144      1651   1603.25
50.69      1649   1603.25
50.018      1649   1603.25
51.429      1653   1603.25
51.382      1651   1603.25
51.144      1651   1603.25
50.69      1649   1603.25
50.018      1649   1603.25
51.429      1649   1603.25

50.612      1617   1572.75
50.893      1608   1572.75
50.523      1608   1572.75
50.268      1615   1572.75
51.237      1612   1572.75
50.612      1612   1572.75
50.893      1608   1572.75
50.523      1608   1572.75
50.268      1608   1572.75
51.237      1612   1572.75

51.284      1645   1608.75
50.288      1644   1608.75
51.269      1645   1608.75
51.049      1645   1608.75
51.257      1647   1608.75
51.284      1644   1608.75
50.288      1644   1608.75
51.269      1645   1608.75
51.049      1645   1608.75
51.257      1647   1608.75
