50.023      1618   1572.38
50.037      1618   1572.38
50.005      1618   1572.38
50.033      1618   1572.38
50.007      1615   1572.38
50.023      1618   1572.38
50.037      1618   1572.38
50.005      1615   1572.38
50.033      1618   1572.38
50.007      1618   1572.38

50.012      1625   1579.38
50.029      1625   1579.38
50.042      1625   1579.38
50.004      1624   1579.38
50.025      1624   1579.38
50.012      1625   1579.38
50.029      1625   1579.38
50.042      1624   1579.38
50.004      1624   1579.38
50.025      1624   1579.38

50.029      1708    1646.5
50.009      1712    1646.5
50.029      1707    1646.5
50.033      1712    1646.5
50.045      1712    1646.5
50.029      1708    1646.5
50.009      1707    1646.5
50.029      1707    1646.5
50.033      1712    1646.5
50.045      1707    1646.5

50.049      1608      1567
50.001      1607      1567
50.046      1607      1567
50.005      1607      1567
50.039      1608      1567
50.049      1607      1567
50.001      1607      1567
50.046      1608      1567
50.005      1608      1567
50.039      1608      1567

50.015      1664   1587.63
50.039      1661   1587.63
50.008      1661   1587.63
50.015      1664   1587.63
50.038      1662   1587.63
50.015      1661   1587.63
50.039      1661   1587.63
50.008      1664   1587.63
50.015      1664   1587.63
50.038      1662   1587.63

50.065      1638   1586.25
50.042      1637   1586.25
50.037      1638   1586.25
50.008      1637   1586.25
50.054      1638   1586.25
50.065      1638   1586.25
50.042      1637   1586.25
50.037      1637   1586.25
50.008      1638   1586.25
50.054      1638   1586.25

50.059      1636    1574.5
50.03      1634    1574.5
50.012      1634    1574.5
50.019      1634    1574.5
50.043      1630    1574.5
50.059      1630    1574.5
50.03      1634    1574.5
50.012      1630    1574.5
50.019      1636    1574.5
50.043      1630    1574.5

50.052      1666   1603.25
50.041      1666   1603.25
50.019      1666   1603.25
50.071      1666   1603.25
50.056      1666   1603.25
50.052      1661   1603.25
50.041      1666   1603.25
50.019      1661   1603.25
50.071      1666   1603.25
50.056      1661   1603.25

50.033      1638   1572.75
50.055      1638   1572.75
50.006      1638   1572.75
50.063      1638   1572.75
50.021      1625   1572.75
50.033      1638   1572.75
50.055      1638   1572.75
50.006      1625   1572.75
50.063      1625   1572.75
50.021      1638   1572.75

50.033      1659   1608.75
50.019      1659   1608.75
50.027      1659   1608.75
50.012      1654   1608.75
50.013      1654   1608.75
50.033      1659   1608.75
50.019      1654   1608.75
50.027      1659   1608.75
50.012      1654   1608.75
50.013      1659   1608.75
