1     45     124     2639
2     8     147     843
3     19     28     4481
4     17     115     961
5     24     80     1773
6     24     155     1035
7     38     5     4088
8     10     86     804
9     11     64     126
10     15     103     1328
11     14     173     1323
12     43     3     294
13     28     154     3593
14     19     78     26
15     45     100     3260
16     15     89     1035
17     8     120     3984
18     4     103     430
19     26     177     1147
20     31     67     63
21     22     193     4375
22     15     41     311
23     31     91     4728
24     17     182     1057
25     36     15     974
26     30     17     2507
27     23     60     469
28     32     50     248
29     4     79     2879
30     1     133     198
31     34     139     4694
32     10     167     146
33     7     16     4122
34     43     127     1127
35     48     96     1015
36     41     14     2805
37     24     8     1152
38     28     148     2932
39     13     90     488
40     24     44     2824
41     29     158     298
42     43     45     1680
43     24     135     2841
44     25     2     603
45     36     98     4365
46     26     63     741
47     10     138     2938
48     1     127     130
49     33     182     4517
50     25     99     67
51     10     88     4634
52     37     95     157
53     1     177     1205
54     40     119     4734
55     40     168     1140
56     45     195     2028
57     5     116     2213
58     19     20     1018
59     21     192     3482
60     6     64     842
61     18     73     3835
62     31     105     190
63     16     156     2307
64     5     23     1052
65     49     172     1081
66     49     189     264
67     15     57     1764
68     30     112     4166
69     45     61     496
70     32     48     4135
71     6     180     337
72     25     97     1405
73     11     103     1405
74     4     65     826
75     42     120     1883
76     1     34     2238
77     15     191     4199
78     11     14     823
79     23     22     135
80     45     98     1991
81     12     67     2655
82     26     31     529
83     36     60     2316
84     21     141     979
85     32     151     1061
86     2     37     2453
87     47     22     796
88     35     141     1761
89     22     100     0
90     14     163     465
91     17     158     2301
92     46     54     3395
93     49     179     285
94     33     169     3435
95     11     180     980
96     40     179     2891
97     41     84     32
98     17     146     832
99     24     117     4347
100     16     173     238
101     2     171     2554
102     32     156     484
103     16     147     740
104     47     3     631
105     1     120     3317
106     34     64     997
107     25     185     1139
108     36     13     1016
109     13     65     3770
110     49     101     1173
111     18     122     924
112     41     70     670
113     48     76     103
114     29     70     3146
115     28     184     0
116     33     160     4520
117     24     156     553
118     25     92     747
119     49     27     1330
120     28     104     2302
121     9     59     4476
122     6     197     23
123     8     104     873
124     9     123     1932
125     49     61     3148
126     33     108     523
127     27     102     4298
128     12     169     457
129     13     2     4277
130     20     142     364
131     20     101     2705
132     43     119     1106
133     46     166     4037
134     12     143     1028
135     8     160     544
136     31     50     4080
137     10     73     969
138     1     80     1566
139     46     195     3679
140     23     137     2
141     15     57     3854
142     18     117     365
143     11     180     842
144     41     87     3256
145     10     97     228
146     1     143     4526
147     4     7     1117
148     11     97     1581
149     31     74     4213
150     4     7     920
151     1     195     2773
152     20     63     325
153     29     15     2861
154     11     64     799
155     28     101     3338
156     42     193     745
157     42     156     3187
158     15     187     849
159     5     74     2454
160     46     95     283
161     26     136     1859
162     34     100     4730
163     37     185     26
164     15     31     3063
165     9     149     201
166     15     156     3374
167     42     177     1157
168     32     105     1152
169     6     165     330
170     12     193     4131
171     22     42     750
172     17     67     2763
173     13     65     690
174     38     56     3
175     23     134     1305
176     11     35     2963
177     16     137     209
178     46     50     3096
179     48     85     261
180     12     13     1348
181     11     84     1256
182     28     84     905
183     8     96     2746
184     45     76     247
185     30     91     290
186     25     153     241
187     10     127     2241
188     39     72     2109
189     21     171     3451
190     22     113     613
191     19     24     4117
192     15     80     391
193     26     22     3992
194     46     93     411
195     20     140     1397
196     20     117     1325
197     21     20     3623
198     14     146     310
199     21     161     3529
200     27     144     820
