1     49     48     4499
2     4     15     974
3     25     101     4213
4     12     118     920
5     36     105     3523
6     8     53     634
7     3     74     3933
8     33     6     778
9     15     22     1912
10     44     65     2400
11     28     165     2533
12     1     6     3913
13     14     12     91
14     38     175     991
15     20     69     2711
16     6     166     702
17     42     140     2111
18     12     81     4530
19     16     76     281
20     26     198     927
21     37     163     2110
22     10     182     583
23     11     9     4672
24     9     22     806
25     20     86     1155
26     20     151     1458
27     32     161     3233
28     34     190     376
29     32     148     4815
30     15     112     627
31     48     152     210
32     29     34     3765
33     47     26     453
34     14     188     2873
35     9     197     243
36     42     157     1664
37     20     55     4857
38     45     96     769
39     41     62     4134
40     3     5     588
41     37     153     182
42     27     52     973
43     28     40     942
44     42     89     5071
45     17     195     1180
46     12     161     174
47     36     52     4089
48     32     159     966
49     48     67     2392
50     11     156     4243
51     48     26     1022
52     33     189     560
53     14     9     2495
54     38     37     2584
55     4     169     169
56     6     52     223
57     13     194     1654
58     29     182     1966
59     38     72     3987
60     42     41     97
61     25     21     4149
62     34     125     1198
63     10     20     2808
64     15     188     729
65     35     165     1609
66     19     82     3989
67     9     14     149
68     25     42     335
69     16     84     1332
70     49     111     2762
71     15     129     264
72     17     23     3038
73     4     13     896
74     35     37     2031
75     37     92     4525
76     16     123     916
77     44     154     3677
78     7     6     998
79     22     100     5037
80     48     53     212
81     25     193     5090
82     29     4     317
83     35     52     5082
84     5     131     149
85     27     147     3456
86     17     151     359
87     18     52     2323
88     20     151     527
89     10     148     4828
90     24     30     542
91     37     57     356
92     1     161     1609
93     48     141     2524
94     41     7     3985
95     19     37     897
96     1     133     3116
97     39     140     963
98     33     122     1421
99     8     185     528
100     26     190     1956
101     34     63     3377
102     44     199     986
103     4     170     3553
104     37     121     636
105     34     59     442
106     19     174     4822
107     7     10     340
108     36     2     885
109     20     7     2036
110     47     28     3558
111     21     177     53
112     48     176     1571
113     12     84     14
114     1     92     3588
115     25     20     484
116     17     69     4564
117     17     56     719
118     30     174     589
119     3     196     2357
120     36     155     203
121     4     60     3639
122     47     146     779
123     17     168     4420
124     9     180     805
125     39     182     697
126     13     38     3949
127     3     69     1026
128     6     172     134
129     46     74     3611
130     20     57     835
131     2     129     3631
132     8     62     754
133     36     46     2101
134     4     94     3806
135     16     16     634
136     33     44     3931
137     17     7     794
138     7     141     1014
139     31     82     2694
140     43     164     411
141     25     191     2998
142     42     188     1057
143     26     85     146
144     48     139     208
145     44     181     2542
146     37     88     3657
147     6     187     310
148     31     132     191
149     46     24     758
150     27     194     4231
151     41     49     653
152     23     14     3811
153     31     131     387
154     46     53     3483
155     3     82     136
156     16     94     697
157     31     114     414
158     34     2     2782
159     11     178     248
160     44     185     2032
161     35     179     4408
162     17     18     631
163     34     137     5076
164     26     135     607
165     38     118     158
166     20     3     4789
167     7     180     679
168     49     177     4753
169     34     80     429
170     49     127     2393
171     7     77     2282
172     33     70     4739
173     23     184     543
174     49     153     4384
175     33     199     1071
176     2     33     2996
177     47     95     881
178     48     60     519
179     13     24     3774
180     25     119     344
181     46     175     255
182     31     68     4528
183     13     163     503
184     27     22     3696
185     43     5     817
186     34     134     2032
187     4     192     644
188     5     82     4042
189     45     19     334
190     47     40     4812
191     5     89     355
192     32     162     644
193     37     7     2457
194     25     132     4452
195     17     27     246
196     19     49     180
197     2     19     4407
198     46     104     208
199     36     88     4923
200     33     82     1219
