20.014     5335     5183.5
20.024     5344     5183.5
20.024     5335     5183.5
20.014     5335     5183.5
20.024     5335     5183.5
20.024     5335     5183.5
20.014     5335     5183.5
20.024     5335     5183.5
20.024     5344     5183.5
20.014     5335     5183.5
             
20.037     5233     5143
20.048     5233     5143
20.048     5236     5143
20.037     5233     5143
20.048     5233     5143
20.048     5233     5143
20.037     5233     5143
20.048     5236     5143
20.048     5233     5143
20.037     5233     5143
             
0.042     5222     5222
0.036     5222     5222
0.036     5222     5222
0.042     5222     5222
0.042     5222     5222
0.042     5222     5222
0.042     5222     5222
0.036     5222     5222
0.036     5222     5222
0.036     5222     5222
             
20.059     4976     4754
20.034     4951     4754
20.034     4951     4754
20.059     4976     4754
20.059     4951     4754
20.059     4951     4754
20.059     4976     4754
20.034     4951     4754
20.034     4951     4754
20.034     4951     4754
             
20.043     5190     5117
20.027     5187     5117
20.027     5187     5117
20.043     5190     5117
20.043     5187     5117
20.043     5187     5117
20.043     5190     5117
20.027     5187     5117
20.027     5187     5117
20.027     5187     5117
             
20.043     5094     4897.5
20.001     5094     4897.5
20.001     5079     4897.5
20.043     5094     4897.5
20.043     5079     4897.5
20.043     5079     4897.5
20.043     5094     4897.5
20.001     5079     4897.5
20.001     5094     4897.5
20.001     5094     4897.5
             
20.020     5118     5080
20.001     5124     5080
20.001     5118     5080
20.020     5118     5080
20.020     5113     5080
20.020     5113     5080
20.020     5118     5080
20.001     5118     5080
20.001     5124     5080
20.001     5118     5080
             
20.024     5071     4954
20.028     5090     4954
20.028     5090     4954
20.024     5071     4954
20.028     5062     4954
20.028     5062     4954
20.024     5071     4954
20.028     5090     4954
20.028     5090     4954
20.024     5071     4954
             
20.001     4917     4864
20.040     4934     4864
20.040     4934     4864
20.001     4917     4864
20.040     4917     4864
20.040     4917     4864
20.001     4917     4864
20.040     4934     4864
20.040     4934     4864
20.001     4917     4864
             
20.040     5549     5153.5
20.003     5549     5153.5
20.003     5549     5153.5
20.040     5549     5153.5
20.040     5549     5153.5
20.040     5549     5153.5
20.040     5549     5153.5
20.003     5549     5153.5
20.003     5549     5153.5
20.003     5549     5153.5
             
