20.001     5355     5183.5
20.004     5356     5183.5
20.004     5356     5183.5
20.001     5355     5183.5
20.004     5356     5183.5
20.004     5356     5183.5
20.001     5355     5183.5
20.004     5356     5183.5
20.004     5356     5183.5
20.004     5356     5183.5
             
20.003     5247     5143
20.002     5245     5143
20.002     5245     5143
20.003     5247     5143
20.003     5247     5143
20.003     5247     5143
20.003     5247     5143
20.002     5245     5143
20.002     5245     5143
20.003     5247     5143
             
0.009     5222     5222
0.009     5222     5222
0.009     5222     5222
0.009     5222     5222
0.009     5222     5222
0.009     5222     5222
0.009     5222     5222
0.009     5222     5222
0.009     5222     5222
0.009     5222     5222
             
20.002     4976     4754
20.003     4976     4754
20.003     4976     4754
20.002     4976     4754
20.003     4976     4754
20.003     4976     4754
20.002     4976     4754
20.003     4976     4754
20.003     4976     4754
20.003     4976     4754
             
20.002     5215     5117
20.001     5210     5117
20.001     5210     5117
20.002     5215     5117
20.002     5215     5117
20.002     5215     5117
20.002     5215     5117
20.001     5210     5117
20.001     5210     5117
20.002     5215     5117
             
20.003     5094     4897.5
20.003     5094     4897.5
20.003     5094     4897.5
20.003     5094     4897.5
20.003     5094     4897.5
20.003     5094     4897.5
20.003     5094     4897.5
20.003     5094     4897.5
20.003     5094     4897.5
20.003     5094     4897.5
             
20.002     5124     5080
20.002     5124     5080
20.002     5124     5080
20.002     5124     5080
20.002     5124     5080
20.002     5124     5080
20.002     5124     5080
20.002     5124     5080
20.002     5124     5080
20.002     5124     5080
             
20.002     5096     4954
20.002     5073     4954
20.002     5073     4954
20.002     5096     4954
20.002     5096     4954
20.002     5096     4954
20.002     5096     4954
20.002     5073     4954
20.002     5073     4954
20.002     5096     4954
             
20.003     4940     4864
20.001     4951     4864
20.001     4951     4864
20.003     4940     4864
20.003     4951     4864
20.003     4951     4864
20.003     4940     4864
20.001     4951     4864
20.001     4951     4864
20.003     4951     4864
             
20.002     5549     5153.5
20.002     5574     5153.5
20.002     5574     5153.5
20.002     5549     5153.5
20.002     5574     5153.5
20.002     5574     5153.5
20.002     5549     5153.5
20.002     5574     5153.5
20.002     5574     5153.5
20.002     5574     5153.5
             
