1     174     6     67
2     42     25     1453
3     144     62     341
4     189     10     729
5     76     21     163
6     111     90     1476
7     28     95     82
8     124     45     505
9     197     89     1375
10     96     44     277
11     171     94     1168
12     152     34     310
13     164     19     492
14     129     33     1296
15     172     45     247
16     198     12     638
17     49     6     150
18     58     74     249
19     114     2     1163
20     86     37     132
21     74     68     222
22     33     23     1024
23     156     17     143
24     50     81     943
25     182     74     250
26     198     66     852
27     106     43     103
28     77     18     118
29     15     46     764
30     25     15     370
31     185     19     959
32     59     79     221
33     161     79     429
34     131     40     671
35     76     87     863
36     159     32     259
37     190     40     317
38     104     8     714
39     121     82     382
40     182     26     118
41     14     87     761
42     86     51     229
43     53     75     1440
44     197     69     170
45     195     7     407
46     167     45     957
47     195     10     351
48     91     52     1490
49     191     37     268
50     113     21     1208
