1     80     40     1219
2     175     13     256
3     184     89     2
4     157     32     925
5     139     11     229
6     195     99     1123
7     87     68     58
8     29     93     1028
9     85     28     262
10     191     82     1156
11     8     9     201
12     109     8     124
13     87     52     683
14     75     47     324
15     62     89     837
16     177     64     163
17     8     67     531
18     28     61     336
19     196     79     1095
20     128     6     35
21     25     14     892
22     138     71     219
23     156     30     498
24     136     81     1234
25     116     15     255
26     38     72     201
27     148     60     1214
28     143     78     249
29     46     33     503
30     6     10     179
31     132     72     374
32     114     40     976
33     52     47     212
34     70     16     258
35     188     32     106
36     78     33     610
37     125     79     1243
38     2     46     272
39     160     46     145
40     12     39     792
41     177     7     242
42     3     25     320
43     161     7     949
44     14     29     225
45     162     57     127
46     81     88     285
47     135     65     186
48     167     91     24
49     77     98     16
50     157     49     399
