1     5     88     2869
2     48     87     1117
3     99     33     4727
4     2     136     284
5     49     186     823
6     61     27     269
7     17     16     505
8     86     83     3937
9     3     98     83
10     37     35     2786
11     56     30     956
12     51     58     4297
13     44     122     545
14     7     128     4863
15     79     49     163
16     66     161     1820
17     79     91     738
18     30     67     4482
19     99     52     377
20     17     78     92
21     53     96     4009
22     26     199     849
23     2     155     2622
24     84     108     580
25     82     21     4637
26     91     51     722
27     35     81     1313
28     66     37     1904
29     61     129     3316
30     83     136     917
31     15     134     2351
32     50     68     4523
33     29     45     809
34     43     52     2574
35     92     145     1203
36     21     180     1251
37     93     143     2699
38     28     104     402
39     77     29     1748
40     5     85     2135
41     72     50     192
42     24     25     95
43     9     82     156
44     7     3     3896
45     6     107     328
46     22     155     807
47     95     53     4374
48     54     56     360
49     95     79     868
50     5     36     4615
51     60     94     302
52     89     97     2378
53     86     157     3579
54     25     104     13
55     86     33     4203
56     52     183     260
57     6     156     2178
58     92     48     4694
59     1     57     971
60     75     148     3124
61     6     64     603
62     52     4     2489
63     76     95     3845
64     29     153     39
65     24     161     4436
66     46     132     461
67     81     44     2947
68     2     87     305
69     50     2     3227
70     38     144     286
71     92     188     3728
72     12     130     319
73     15     74     4519
74     61     182     500
75     42     110     3326
76     31     5     382
77     54     118     2123
78     80     165     1390
79     93     87     3043
80     83     99     221
81     15     57     3178
82     8     56     1222
83     31     120     3811
84     75     138     390
85     75     144     3692
86     14     91     454
87     92     45     2763
88     4     199     660
89     28     46     609
90     86     49     1363
91     98     34     4838
92     51     117     955
93     52     39     3223
94     84     185     65
95     64     4     3902
96     27     130     128
97     68     145     16
98     61     146     76
99     70     28     4965
100     95     113     609
