1        7        8       93
2        5        5       85
3        8        5       86
4       15        6       18
5        6        6       22
6       15        2      102
7       10        9       30
8       14        2       77
9        7        6      104
10       12        3       28
11       15        3       97
12       10        4       32
13        8        3       76
14       11        6        1
15        5        9       70
16        9        7       22
17       15        9      106
18        4        4       70
19       14        9      104
20        8        6       47
21        8        6       36
22       13        2       90
23        3        7       25
24        5        1       83
25        3        2       35
26        3        8       46
27        4        8      105
28        4        1       67
29        8        9       49
30        5        9       22
31        3        3       88
32        9        1       82
33       13        3        9
34       13        4       98
35       10        1       24
36        8        4       84
37       13        3       76
38       13        4       46
39        5        6       86
40       12        1        5
41        4        9      102
42        8        4       71
43        7        7       58
44        4        4       29
45        7        4       64
46       10        7       79
47        7        1      108
48        7        4       99
49       14        8        7
50       15        4       99
