5       611       609
5.001       611       609
5       611       609
5       611       609
5       611       609
5.001       611       609
5       611       609
5       613       609
5       611       609
5.001       611       609

5       595     591.5
5       610     591.5
5.001       596     591.5
5       596     591.5
5       595     591.5
5       595     591.5
5.001       595     591.5
5       610     591.5
5       595     591.5
5       595     591.5

5.001       652       616
5       652       616
5       652       616
5       652       616
5.001       652       616
5       652       616
5       652       616
5.001       652       616
5       652       616
5       652       616

5       730     693.5
5.005       729     693.5
5       732     693.5
5.001       729     693.5
5       730     693.5
5       732     693.5
5       732     693.5
5.001       730     693.5
5       732     693.5
5       733     693.5

5       636       617
5.001       635       617
5       635       617
5       635       617
5       636       617
5.001       635       617
5       636       617
5       635       617
5       639       617
5.001       639       617

5       623       619
5       623       619
5.001       623       619
5       623       619
5       623       619
5       623       619
5.001       623       619
5       623       619
5       623       619
5.001       623       619

5       625     604.5
5       626     604.5
5       626     604.5
5.001       628     604.5
5       623     604.5
5       625     604.5
5       624     604.5
5.006       626     604.5
5.001       631     604.5
5       627     604.5

5       716       696
5       722       696
5.001       729       696
5       716       696
5       729       696
5       729       696
5.001       716       696
5       716       696
5       717       696
5       729       696

5.001       701     684.5
5       706     684.5
5       701     684.5
5.001       701     684.5
5       701     684.5
5       703     684.5
5       703     684.5
5.001       703     684.5
5       703     684.5
5       701     684.5

5       630     614.5
5.001       630     614.5
5       630     614.5
5       630     614.5
5       630     614.5
5.001       631     614.5
5       631     614.5
5       630     614.5
5       630     614.5
5.001       630     614.5

