5       611       609
5.001       611       609
5       611       609
5       611       609
5       611       609
5.001       611       609
5       611       609
5       611       609
5       616       609
5.001       612       609

5       595     591.5
5       595     591.5
5.001       595     591.5
5       595     591.5
5       595     591.5
5       595     591.5
5.001       595     591.5
5       595     591.5
5       595     591.5
5       595     591.5

5.001       654       616
5       654       616
5       652       616
5       652       616
5.006       654       616
5       652       616
5.001       652       616
5       652       616
5       652       616
5       652       616

5.001       733     693.5
5       729     693.5
5       732     693.5
5.001       732     693.5
5       729     693.5
5       729     693.5
5       732     693.5
5.001       729     693.5
5       732     693.5
5       729     693.5

5       636       617
5.001       636       617
5       635       617
5       635       617
5       635       617
5.001       635       617
5       635       617
5       635       617
5       635       617
5.001       635       617

5       623       619
5       623       619
5.001       623       619
5       623       619
5       623       619
5       623       619
5.001       623       619
5       624       619
5       623       619
5.001       623       619

5       631     604.5
5.005       628     604.5
5       625     604.5
5.001       623     604.5
5       628     604.5
5       633     604.5
5       628     604.5
5.001       628     604.5
5       632     604.5
5       631     604.5

5       716       696
5.001       729       696
5       716       696
5       716       696
5       729       696
5.001       716       696
5       715       696
5       729       696
5       718       696
5.001       716       696

5       701     684.5
5       703     684.5
5.001       706     684.5
5       701     684.5
5       701     684.5
5       703     684.5
5.001       703     684.5
5       703     684.5
5       706     684.5
5       703     684.5

5.001       630     614.5
5       630     614.5
5       630     614.5
5       630     614.5
5.001       630     614.5
5       630     614.5
5       630     614.5
5.007       630     614.5
5       630     614.5
5       632     614.5

