20.001     2675     2558.63
20.016     2669     2558.63
20.001     2681     2558.63
20.001     2673     2558.63
20.005     2679     2558.63
20.005     2679     2558.63
20.001     2673     2558.63
20.001     2681     2558.63
20.016     2669     2558.63
20.016     2675     2558.63
             
20.001     2442     2352.63
20.032     2443     2352.63
20.016     2453     2352.63
20.006     2439     2352.63
20.006     2440     2352.63
20.006     2440     2352.63
20.006     2439     2352.63
20.016     2453     2352.63
20.032     2443     2352.63
20.032     2443     2352.63
             
20.001     2606     2501.63
20.001     2613     2501.63
20.001     2622     2501.63
20.016     2590     2501.63
20.016     2622     2501.63
20.016     2622     2501.63
20.016     2590     2501.63
20.001     2622     2501.63
20.001     2613     2501.63
20.001     2613     2501.63
             
20.016     2547     2437.5
20.001     2560     2437.5
20.032     2556     2437.5
20.032     2554     2437.5
20.032     2556     2437.5
20.032     2556     2437.5
20.032     2554     2437.5
20.032     2556     2437.5
20.001     2560     2437.5
20.016     2560     2437.5
             
20.006     2568     2414.13
20.001     2575     2414.13
20.001     2571     2414.13
20.016     2563     2414.13
20.016     2571     2414.13
20.016     2571     2414.13
20.016     2563     2414.13
20.001     2571     2414.13
20.001     2575     2414.13
20.006     2575     2414.13
             
20.001     2527     2396.38
20.001     2509     2396.38
20.001     2514     2396.38
20.016     2479     2396.38
20.016     2497     2396.38
20.016     2497     2396.38
20.016     2479     2396.38
20.001     2514     2396.38
20.001     2509     2396.38
20.001     2527     2396.38
             
20.016     2568     2494.75
20.016     2569     2494.75
20.001     2574     2494.75
20.016     2569     2494.75
20.016     2574     2494.75
20.016     2574     2494.75
20.016     2569     2494.75
20.001     2574     2494.75
20.016     2569     2494.75
20.016     2569     2494.75
             
20.001     2548     2447.88
20.016     2536     2447.88
20.001     2530     2447.88
20.001     2568     2447.88
20.016     2543     2447.88
20.016     2543     2447.88
20.001     2568     2447.88
20.001     2530     2447.88
20.016     2536     2447.88
20.016     2548     2447.88
             
20.001     2527     2450.25
20.001     2543     2450.25
20.017     2539     2450.25
20.016     2536     2450.25
20.016     2536     2450.25
20.016     2536     2450.25
20.016     2536     2450.25
20.017     2539     2450.25
20.001     2543     2450.25
20.001     2543     2450.25
             
20.001     2268     2192.5
20.016     2309     2192.5
20.016     2292     2192.5
20.016     2275     2192.5
20.016     2292     2192.5
20.016     2292     2192.5
20.016     2275     2192.5
20.016     2292     2192.5
20.016     2309     2192.5
20.016     2309     2192.5
             
