1        5        6      113
2        4        3       53
3       11        2      177
4        4        9      181
5        8        6      146
6       14        9       76
7        3        1       30
8       11        3       24
9       13        6       44
10       11        6      158
11       11        8      170
12       12        4      203
13       12        9      267
14       11        3      211
15       13        7      240
16        4        6      239
17        6        1        2
18       15        8      103
19        3        7      263
20       10        1      235
21       13        9       72
22        3        5        4
23        5        8       73
24        9        4        4
25        6        8      129
26       13        5      237
27        8        4      276
28       12        1      271
29        9        7      223
30        8        5       59
31        4        4      176
32        8        1      227
33        8        3        8
34       15        7       46
35        7        5       18
36       12        2       51
37        6        5      121
38        5        8      284
39       10        6      224
40        7        2       90
41       14        5      139
42       11        2      110
43       12        8      150
44        4        7      151
45        9        4      277
46       14        8      203
47        7        2      169
48       11        8       27
49        8        4      274
50        6        8       52
51        4        2      170
52       13        1      161
53        9        5      229
54        5        6       51
55       10        5      109
56       14        1      126
57        5        8      218
58        6        1      206
59        7        2       43
60        9        1      281
61        6        6      143
62        4        4        0
63        9        5      133
64        8        1      188
65        4        4       19
66        6        7      265
67        4        8      106
68       15        9      139
69       15        3       13
70       15        2      164
71        3        1       90
72        7        4      181
73       13        1      128
74       10        9      218
75        3        4       43
76       14        2      137
77       14        7      109
78       15        7      246
79        8        9      108
80        4        3      203
81        3        2       26
82        6        4      121
83       13        3       41
84       11        1      167
85        8        9      242
86       10        7       14
87       11        3      142
88       11        1       68
89       15        3      205
90       11        6        0
91       11        4      111
92       15        8      253
93        4        5      146
94       14        6      138
95        3        6        8
96        6        6      108
97        7        7       90
98        4        5      144
99        3        9      192
100        6        9      104
101        7        8      118
102        8        2      173
103        3        9      148
104       14        1      209
105       10        2      212
106        3        5      236
107        6        1       81
108        9        5      201
109        5        3      189
110       10        2      282
111       14        1       97
112        4        3        5
113        6        5       99
114        7        3      284
115        6        5      170
116        6        7      100
117        4        4      281
118       15        2      157
119       15        2       51
120        7        8      191
121       10        7      163
122        3        8      107
123        9        8       72
124        8        5       98
125        5        8      273
126        9        7      259
127        5        7      256
128       11        5      154
129       14        9      229
130       10        3       73
131       11        1       62
132        6        4      112
133        9        7      125
134       13        4       29
135       15        7      117
136       12        7      117
137        5        6       45
138        9        8      106
139        8        6       15
140       14        8      126
141        6        6      173
142       10        1       33
143        4        9      175
144        4        5       17
145       14        8       19
146        8        9        6
147       15        9       54
148       14        3       96
149        8        5       34
150        7        8       41
151       15        7      259
152       13        3      247
153       12        8      227
154        9        3      119
155        8        4      222
156        4        4      241
157        8        3       19
158        4        8       18
159       11        3      279
160        4        7      111
161        9        8      285
162        3        4       62
163        3        1      202
164       10        5       75
165       10        8        9
166        5        8       29
167       13        2        6
168       11        8       42
169        4        3      246
170       11        8       62
171        6        5       79
172       12        9      272
173        9        7       99
174       12        4      146
175        6        5       96
176       13        1      153
177       13        6      244
178       15        1      191
179       10        6       84
180        7        9       37
181        5        6      147
182        6        2      120
183        4        1      103
184       11        6      115
185       12        1      150
186        3        7       12
187        3        1      153
188       15        5      113
189       11        6      256
190        8        2       62
191       11        8      275
192       13        8       19
193       11        1      234
194       13        2      214
195        4        9      205
196        6        6      258
197        8        8      226
198        7        3       54
199        6        5      143
200        6        7      119
201        5        9      276
202       11        4       47
203       14        5      119
204       11        8      232
205        6        4       41
206        5        9      116
207        8        1       58
208        5        8      226
209       14        5      142
210       13        7      207
211       11        1      206
212       13        5       25
213        8        5       86
214       13        7      244
215        7        6       71
216        8        8       27
217        7        1       34
218        5        7      243
219        9        6       96
220        6        4      107
221       10        4       96
222       11        7       17
223       13        7      221
224       10        5      269
225        8        3      274
226        8        9       25
227       14        6      207
228        8        2       93
229        6        8      241
230       10        6      238
231        6        5      120
232        8        5      229
233        7        4      177
234        9        5      229
235       10        9       16
236        9        2      174
237       14        8        6
238       11        1       17
239       15        6      198
240        5        2      183
241        5        7       72
242        3        1      255
243        6        4      170
244       13        9      100
245        4        5      179
246       11        9      163
247       13        4      171
248       11        2      184
249        5        3      209
250        6        2      274
251       12        8       29
252       11        7      199
253       14        1      188
254        4        1      114
255        3        3      125
256        4        5       69
257        7        2      287
258        4        7      175
259        5        1       24
260       10        3      259
261        9        1      253
262        6        5      239
263       13        5       41
264       14        1       27
265        4        4      180
266       15        9      168
267       13        6       65
268       10        4      234
269       10        6      259
270        7        2      272
271       14        5       76
272       12        6       29
273       14        9      234
274       10        1      117
275        3        9       82
276        5        7      271
277       14        3      144
278        5        8      271
279       15        1      187
280       14        7      114
281        3        4      107
282        4        2       51
283       15        5      118
284        7        1       12
285       12        6      251
286       14        2       41
287       14        1      251
288        7        8       68
289        3        5      152
290        7        1       64
291       12        3      240
292        9        4       61
293        7        7      142
294        8        1      128
295       15        3      105
296       13        2        2
297        7        2      230
298        5        7      192
299        9        2       20
300        8        9      258
301        7        7        7
302       11        7      153
303       13        8       52
304        8        6       31
305        6        3      252
306       11        6      283
307       15        7      139
308        5        5       97
309       13        1      151
310       12        5       31
311       11        6       62
312       12        6       48
313        6        9       86
314        7        1      188
315        3        8      212
316        7        5      194
317        5        3      198
318        8        4       94
319       10        4      191
320       11        8       82
321        4        7      230
322        3        2      244
323       10        5      254
324       11        7      274
325        9        2      237
326        9        9      264
327        8        2        2
328        9        6      130
329        9        9      238
330       13        8       53
331       13        9      175
332        8        2       33
333       15        1       58
334       12        4       20
335       11        8      133
336        4        7       67
337       11        6      167
338        6        9      183
339        5        1      224
340       10        6      195
341       13        8       48
342       12        9       58
343        8        5       29
344        9        8      123
345       13        6      220
346        9        9      119
347       10        2       63
348       12        3       51
349        9        2      228
350       13        7      185
351       14        9       16
352        6        6       54
353       14        1      239
354       14        2      179
355       10        2      235
356        9        6      171
357        6        6       33
358        8        9      209
359        5        9      282
360        5        5        2
361        5        9      276
362       11        8       79
363       12        9       27
364       12        7      109
365        7        5      100
366        8        3      137
367        6        6      265
368       13        3      145
369       15        9      146
370        3        9      211
371        6        2      216
372       14        9      157
373        6        5      193
374        5        5      170
375       13        9      192
376        9        9      187
377       12        7      197
378        6        8      234
379        7        8       30
380        7        3      260
381        6        5      157
382       13        6      226
383       10        6      184
384        6        6       57
385        6        7       30
386       14        5      261
387        7        7      159
388        6        4      271
389        3        4      114
390        7        1      258
391        9        9       26
392        3        6      267
393        9        8       96
394       14        8      182
395        4        5      160
396        4        6       78
397        4        8      206
398        3        3        0
399        4        3      262
400       15        9      178
401       13        1       69
402        3        6       86
403       13        5      154
404        3        8      118
405        3        2       52
406       14        8      246
407        6        3      143
408        5        4      183
409        3        1       55
410        4        1      127
411        6        4       91
412        3        9      224
413       13        2      249
414       10        2       65
415       10        4       61
416       13        8        2
417        9        6      280
418        3        5      114
419        5        9        2
420        9        4      103
421       10        5      168
422        9        2      259
423        9        7       73
424        7        7      260
425        4        6       91
426       11        7       82
427       12        3      230
428        6        7       78
429        9        2      255
430        5        4      225
431        5        9       69
432       11        2       78
433       14        3      232
434        5        9      263
435       13        8       48
436        8        8      151
437        5        8      240
438        7        4       38
439        6        8      210
440       12        9       55
441       14        1      252
442       11        6       93
443       10        8      124
444       15        5       13
445       13        5       65
446       15        7      190
447       10        2      199
448        3        9      122
449       10        3      103
450       11        2      258
451        5        9      124
452       14        7       59
453       10        6      204
454        4        7      124
455        9        9       17
456       10        7      150
457        8        7       76
458       11        5      268
459        6        7      277
460       11        1      178
461        8        2        0
462       13        5       21
463        6        1       78
464        4        5      204
465        6        1      260
466       14        4      112
467       15        8      192
468       11        4      199
469        8        3       62
470       14        1       66
471        7        8       16
472        7        2       68
473       12        4       27
474        9        8       76
475        9        7      202
476       14        9      211
477        3        6      284
478       15        3       66
479        7        7      128
480       13        6        9
481       13        8       18
482        8        1       94
483        5        5      276
484        9        1      210
485       15        7        5
486        7        2      277
487       15        1      216
488        4        7      104
489        3        5      283
490        4        8       42
491        5        8       84
492        8        5      260
493       11        8       23
494        5        8      226
495        8        5      200
496       11        2      213
497       13        7        0
498        7        3      152
499       13        4      243
500       10        4      143
