1       13        6       34
2       15        6      135
3       11        9      232
4       13        9      120
5       12        8      132
6        7        4      237
7        3        5       66
8       15        5      121
9        4        8       83
10       14        1      198
11       10        2      255
12        5        9       58
13       14        3       77
14       12        1        4
15       10        3      134
16       11        5       64
17       11        9       37
18       12        5      139
19       10        9      115
20        5        1      217
21        5        9      255
22       12        6      174
23       13        6      269
24       15        8       50
25       11        6       15
26        4        8       64
27        5        5      151
28        3        5       56
29        5        9      142
30       11        2      196
31        8        1       89
32       14        8      109
33       11        9       26
34        6        6       42
35        3        9       33
36        3        3      200
37        3        2       29
38       12        9      258
39        6        2      131
40       13        3       84
41        8        7      179
42        4        8      103
43        3        4      243
44        3        6      229
45       11        4      126
46        9        8       40
47        6        8       81
48       14        3      136
49       10        4        1
50       12        7      119
51       14        4      103
52        9        8      268
53       10        5      239
54       14        3       35
55        8        2      171
56        4        5      101
57       12        6       33
58       11        2      128
59       15        8      262
60       10        8      224
61       11        1       40
62        4        8      193
63       15        5       71
64       11        2       87
65        9        8       33
66        8        1       42
67       11        1      192
68       13        9      112
69        9        1       33
70        6        5      258
71        5        9      126
72        3        5      166
73       11        9      206
74       11        8      241
75        9        7       74
76       15        9       21
77       15        2      218
78        9        5      179
79       11        1        7
80        9        6       61
81        4        1      128
82        7        9      221
83       11        5       56
84        9        6      177
85        3        8       25
86        8        2      228
87       12        5      275
88        5        5       45
89       11        5       13
90        6        5       18
91       15        1      123
92       12        1      147
93        9        7       73
94        6        3      148
95        9        3      129
96       10        4       71
97        5        5      248
98       13        1      103
99       15        7      204
100       11        4      109
101       12        9       84
102       14        5      100
103        8        3      246
104        5        2       60
105        9        9      106
106        5        8       81
107       14        6        6
108       13        6      277
109        6        1      138
110       11        7       45
111       10        5      237
112       13        5      139
113       15        1      276
114        3        3      140
115       15        9       86
116       10        9      265
117        7        4       39
118        5        9      127
119       10        2       95
120        3        2      123
121       10        7       28
122       10        1      270
123        4        9      103
124        8        3      238
125        6        8       47
126        6        2      255
127        6        4      240
128       10        2       21
129       11        5       14
130        5        8       62
131       15        7       33
132       15        5      264
133       12        4       16
134        6        1       54
135       11        9      155
136        7        7      240
137        9        9      158
138       13        6        5
139       13        4      245
140        9        7      140
141       13        7      233
142       10        6       48
143        3        2       85
144        8        7      270
145        8        4      182
146        5        3      136
147        7        1      211
148        5        2      118
149       10        9      192
150        6        8      240
151        3        5       37
152       13        2      173
153        3        3      174
154        3        8        0
155       10        6      134
156        8        6      207
157       14        3       48
158       13        9      100
159       12        9      236
160        7        3      158
161       13        7      123
162       11        3        4
163        5        5      203
164        7        8       26
165        6        4      263
166       11        6      104
167        8        6       37
168       12        4      185
169       11        6      202
170        9        1      123
171        6        3      239
172        5        9      241
173       13        4       18
174       11        8      138
175        7        7      143
176        9        4       56
177       15        4      195
178       12        2      122
179        8        2      218
180       13        1      121
181        4        9      253
182       10        6       57
183        6        2      232
184       11        1      222
185        3        6      148
186       15        1       34
187        3        9       54
188        7        8       10
189        3        7       98
190       15        5      239
191        6        8       10
192       12        1      230
193        4        1      169
194       11        1      131
195       15        8      147
196       11        4      126
197        3        8      113
198       13        9       49
199       12        1       30
200        9        6      194
201        3        5      176
202       14        6       67
203        3        3       76
204        4        2       67
205       10        9      125
206       15        5       47
207       10        3      234
208       13        4       89
209        9        8       95
210       10        7      270
211        5        6       81
212       14        8      276
213       14        5      141
214       10        6      243
215       10        4      208
216        8        3      174
217       13        8       16
218       15        5      200
219        4        1      268
220        4        5       54
221        7        1       14
222        7        3      173
223        8        3      184
224       10        5      249
225        6        5       47
226        6        1      128
227       15        3       67
228        3        5      115
229       15        8      210
230        6        8      232
231        3        9       29
232        5        3      162
233       12        8      172
234        3        7      103
235       13        1       28
236       12        1      145
237        6        7        6
238       15        2       88
239        5        3       36
240       10        5       76
241       15        2       96
242       10        1       58
243       15        1      132
244       12        1      275
245       13        6      152
246        6        4       60
247       11        8      255
248       15        4      233
249        9        4       40
250        3        5       90
251       10        9       50
252        8        3       83
253        5        8       31
254        9        1      225
255       12        2       48
256       13        9      134
257       14        7      157
258        3        5      243
259        8        6      147
260        6        2       29
261        5        1       94
262       12        3       55
263        5        8      163
264        9        1      140
265       10        3       97
266       10        6      226
267        6        6      208
268       12        8       28
269       12        4      194
270       11        9      147
271       10        7      267
272        8        5       83
273        5        3      229
274        4        9      261
275       10        4       56
276        3        1      184
277        8        7      143
278        6        4       50
279        6        6      241
280        8        9      160
281       13        9      224
282        3        8      100
283       15        7       36
284       15        5       48
285        6        2      180
286        7        4       19
287        8        9      249
288        4        4      242
289        4        7       49
290        5        5      246
291        9        3       58
292        7        9       39
293       12        7      104
294        8        6      259
295       15        6      210
296        4        1      198
297       12        3       51
298       11        5      264
299        8        3        9
300        9        8       31
301        7        3      184
302        3        5       65
303        4        4      208
304       12        6      195
305        8        3      195
306       12        4      202
307        7        5      105
308       13        6       37
309        7        8      139
310       11        3       80
311        5        5      131
312       15        4      153
313        6        4      207
314        9        8      257
315        3        2      252
316        6        2      110
317        6        7      147
318        9        8      240
319        7        3       33
320       15        1       75
321        3        2      169
322       12        4      263
323        9        2      181
324       15        7       41
325        5        4      271
326        4        8       14
327       15        1      118
328        3        6      245
329       15        5      120
330        5        8      260
331       13        3      261
332        6        4      123
333        9        4      202
334       11        9       93
335       14        3       12
336       13        4      132
337       13        4      203
338        4        3      218
339       11        4      195
340       14        8       77
341       13        9      174
342        6        3      254
343       12        7      268
344       11        3      150
345       11        6        1
346        5        3      241
347       13        4        5
348       12        5       44
349        3        2      215
350        3        9       38
351       11        6      241
352        7        1       53
353        9        2      246
354        6        3      184
355       12        5      214
356        7        9       33
357       14        2       72
358        7        4      146
359        5        5      103
360        8        8      103
361       12        9      171
362        9        7      201
363       15        1      104
364        6        1      202
365        8        5      165
366       12        9      153
367        9        9       63
368        5        1       12
369       11        7      204
370       12        6       64
371       14        8       83
372       10        3      125
373        9        6       41
374       10        2       40
375        7        9       52
376        9        2      171
377       12        9       88
378        7        6       92
379        9        5      110
380        8        3      113
381        4        4        5
382        6        5       13
383       14        6      111
384        9        6       25
385       14        3      104
386       14        4      183
387       10        5      177
388        5        6      252
389       14        8      137
390       13        5      259
391        7        1       30
392       10        3       27
393        4        6      153
394        3        7      211
395       15        4       43
396       13        7       23
397       15        9      100
398       12        5       61
399        7        4      117
400        9        3      210
401       13        1      136
402       10        2       92
403        6        7       89
404       13        5      212
405        9        6      228
406       11        1      146
407        4        4       57
408       13        6      219
409        7        4      103
410       13        4      274
411        8        6      277
412        7        1      159
413        8        3       49
414        3        9      197
415        6        8      159
416       14        7       65
417        9        6      110
418        8        7       29
419        4        1        0
420        6        2        1
421       10        7      122
422        4        6      223
423        5        1      214
424        6        8       49
425        3        7      218
426       13        9      120
427       11        2        8
428        5        2      143
429       12        8      137
430        4        4      173
431        9        4       64
432       14        2      149
433        4        1      129
434       10        3      176
435       12        9      236
436        3        8       92
437        6        6      224
438        3        8      124
439        5        7      193
440        7        9      174
441       15        6      185
442        9        2       41
443        9        3      270
444       14        5       25
445       11        5      255
446       12        3      162
447       10        8      168
448        5        7       86
449       13        8      229
450        4        7      256
451        8        5      249
452       12        6      176
453       14        1        2
454        6        5      174
455        4        5      126
456       10        2      246
457        9        7       83
458        3        9      136
459       13        2      251
460        6        3      177
461        6        8      205
462       14        6       75
463       11        8      169
464        9        4       29
465        4        3      130
466        7        3      269
467       11        5       38
468       11        9      102
469        5        1        3
470       15        8        4
471        6        1      225
472       15        1      143
473       12        4      254
474        4        6      183
475       15        9       67
476       10        8      211
477        8        1      222
478       12        6       60
479        5        1       90
480        7        7      193
481       14        9      244
482       12        4      161
483       10        1        9
484       13        4      179
485        6        5       68
486       10        8      102
487       15        7      273
488       13        3       89
489       12        1       41
490        5        6      173
491        7        9       63
492        6        1      228
493       12        3      235
494       12        7      208
495       11        4      242
496        6        1      170
497       12        2      276
498        5        6       13
499       13        1       27
500        4        2       99
