1     3     9     682
2     44     39     2392
3     27     21     619
4     17     20     2305
5     10     10     220
6     27     11     1555
7     7     48     363
8     2     31     2232
9     34     35     41
10     44     48     200
11     20     35     730
12     47     21     2159
13     3     45     427
14     32     13     1882
15     32     47     404
16     23     49     1793
17     43     17     349
18     46     27     2070
19     39     13     392
20     9     46     393
21     18     38     1716
22     21     15     601
23     24     11     2271
24     19     9     394
25     1     3     1996
26     6     36     412
27     44     2     746
28     10     48     607
29     39     10     1651
30     3     45     158
31     4     44     294
32     47     35     776
33     34     19     296
34     31     12     2340
35     2     42     402
36     18     3     773
37     47     27     320
38     6     12     1243
39     4     11     123
40     35     26     2379
41     9     43     74
42     37     27     2346
43     47     25     405
44     3     33     1229
45     12     21     542
46     5     12     631
47     17     36     2182
48     31     15     510
49     26     20     990
50     8     32     812
51     36     29     1997
52     44     26     549
53     1     38     2196
54     34     2     576
55     30     21     784
56     18     36     962
57     7     33     1263
58     13     12     177
59     30     43     1687
60     2     38     177
61     16     8     328
62     2     13     2427
63     15     13     149
64     23     1     2199
65     7     34     94
66     14     19     1095
67     29     39     1981
68     1     43     583
69     26     21     1635
70     37     20     439
71     22     37     629
72     20     49     1315
73     39     22     421
74     47     27     2299
75     25     10     506
76     27     26     1899
77     5     22     457
78     5     21     797
79     21     41     866
80     19     17     1829
81     15     38     588
82     1     22     1315
83     25     16     280
84     9     27     536
85     17     48     649
86     10     39     2224
87     22     24     515
88     35     6     1331
89     29     6     223
90     12     44     1593
91     21     33     526
92     35     32     1984
93     45     42     172
94     38     49     102
95     46     3     188
96     10     21     1780
97     26     37     470
98     42     2     11
99     26     11     359
100     24     25     539
101     34     39     1774
102     37     47     180
103     11     44     1419
104     33     39     144
105     49     23     289
106     2     48     640
107     30     17     2389
108     16     48     225
109     27     19     2413
110     25     43     250
111     34     7     1186
112     39     24     2434
113     18     11     386
114     30     13     2267
115     42     45     103
116     42     19     1566
117     44     5     625
118     24     9     2407
119     44     21     104
120     31     10     489
121     47     45     1162
122     19     35     958
123     42     11     1132
124     8     15     471
125     9     40     1973
126     29     4     504
127     33     6     951
128     40     8     185
129     32     23     117
130     18     45     1588
131     3     35     225
132     2     49     54
133     32     5     382
134     37     12     1786
135     20     8     389
136     40     15     128
137     7     1     1697
138     23     45     70
139     26     29     348
140     19     40     586
141     12     14     1070
142     9     36     2184
143     16     6     506
144     12     47     2483
145     24     30     622
146     15     8     325
147     34     4     1128
148     38     4     1189
149     26     12     1390
150     30     6     204
151     31     41     245
152     45     26     1699
153     15     4     529
154     38     5     662
155     27     30     1922
156     45     19     73
157     19     38     1438
158     7     21     591
159     31     26     1438
160     14     39     565
161     8     41     448
162     5     27     321
163     41     1     658
164     24     21     2082
165     45     37     381
166     1     9     319
167     29     32     131
168     38     27     1397
169     25     9     152
170     14     15     756
171     40     24     2335
172     1     2     221
173     40     16     1144
174     8     41     2047
175     12     49     57
176     40     35     602
177     43     6     2252
178     9     28     496
179     27     24     1740
180     44     21     63
181     8     21     618
182     12     48     1530
183     38     31     125
184     36     9     2141
185     44     3     384
186     38     22     1557
187     48     46     281
188     3     6     1279
189     28     42     210
190     6     14     2329
191     10     24     148
192     48     7     627
193     10     38     1177
194     37     33     2300
195     41     22     183
196     18     41     1626
197     16     39     407
198     48     37     290
199     41     12     640
200     24     1     1412
201     10     32     411
202     30     17     1344
203     45     38     116
204     33     36     97
205     31     36     2082
206     2     40     517
207     44     28     1452
208     10     22     296
209     27     17     107
210     40     11     1876
211     49     48     355
212     7     30     2236
213     24     13     501
214     21     30     2173
215     36     35     561
216     29     38     1164
217     27     33     2433
218     42     20     515
219     34     4     291
220     44     33     287
221     3     24     870
222     39     35     1245
223     18     14     1089
224     14     19     111
225     3     20     1117
226     49     34     632
227     11     43     1863
228     22     32     68
229     34     36     2112
230     27     30     529
231     11     3     1990
232     39     3     400
233     23     19     1173
234     13     15     991
235     20     4     1473
236     27     14     482
237     39     25     1427
238     21     34     544
239     46     21     1175
240     3     27     1134
241     1     29     2326
242     16     7     352
243     16     9     2080
244     41     43     568
245     44     32     8
246     18     38     863
247     20     44     1608
248     40     1     61
249     43     31     419
250     4     6     1096
251     9     12     404
252     23     30     811
253     7     32     954
254     24     24     886
255     41     38     2363
256     48     7     578
257     10     34     1558
258     5     8     257
259     47     18     765
260     29     48     1199
261     5     49     2107
262     4     17     550
263     16     23     1564
264     23     7     372
265     34     16     539
266     14     20     466
267     26     4     1725
268     10     36     306
269     40     32     351
270     33     24     2054
271     33     48     17
272     3     7     331
273     9     45     590
274     27     11     323
275     4     46     2049
276     7     41     149
277     33     25     2345
278     28     48     420
279     26     6     2407
280     7     41     330
281     7     18     708
282     41     2     1839
283     48     34     142
284     14     49     601
285     40     21     1439
286     31     42     110
287     24     11     28
288     39     43     2252
289     45     2     13
290     19     37     530
291     45     5     1216
292     40     25     884
293     1     25     2125
294     2     42     277
295     49     16     2282
296     8     25     17
297     36     37     1157
298     38     49     1199
299     14     39     1349
300     2     42     311
301     44     37     511
302     35     2     462
303     32     22     788
304     12     39     286
305     36     31     538
306     32     18     1246
307     2     30     597
308     4     49     1859
309     27     22     499
310     43     39     2417
311     21     19     234
312     48     19     473
313     18     25     1701
314     34     28     472
315     10     37     800
316     17     2     1935
317     28     44     508
318     1     12     1757
319     8     25     432
320     3     5     1115
321     46     45     1630
322     9     2     91
323     23     9     1740
324     3     2     467
325     46     12     2213
326     9     12     22
327     46     3     1843
328     45     35     77
329     45     42     993
330     1     21     2206
331     20     41     456
332     13     22     2158
333     3     6     241
334     29     47     1809
335     15     7     48
336     5     33     1820
337     44     9     278
338     44     11     1832
339     30     19     471
340     9     9     182
341     22     4     1219
342     19     39     602
343     14     28     1985
344     20     34     544
345     29     22     984
346     45     18     2295
347     29     31     374
348     33     5     226
349     30     45     1616
350     32     49     591
351     22     34     941
352     20     27     530
353     4     13     170
354     14     4     41
355     45     12     2396
356     41     29     260
357     36     41     375
358     32     44     1440
359     15     13     331
360     33     21     865
361     18     16     1609
362     43     43     186
363     46     11     179
364     49     7     576
365     35     13     54
366     12     45     718
367     37     7     2251
368     31     23     36
369     31     5     1287
370     43     9     545
371     14     44     2004
372     12     43     261
373     10     30     1483
374     7     15     581
375     9     10     2261
376     17     38     325
377     28     34     1107
378     14     20     1612
379     33     9     205
380     20     2     936
381     30     8     1556
382     16     11     247
383     35     18     2420
384     30     1     607
385     15     43     64
386     38     11     415
387     22     13     618
388     41     41     1022
389     48     38     1949
390     21     8     346
391     23     30     2421
392     48     12     60
393     8     3     2219
394     12     9     83
395     27     33     63
396     9     44     628
397     46     11     1034
398     12     15     1280
399     49     28     302
400     18     12     1279
401     30     20     467
402     30     15     1000
403     46     20     318
404     22     13     1579
405     33     12     94
406     37     34     1880
407     6     36     543
408     1     27     298
409     31     18     2153
410     48     29     234
411     36     20     801
412     28     14     565
413     34     11     1654
414     23     25     459
415     6     8     1391
416     8     33     200
417     12     18     1502
418     48     5     76
419     3     9     961
420     7     25     2452
421     7     18     194
422     26     9     2495
423     9     22     229
424     33     41     35
425     30     42     274
426     48     3     526
427     46     8     1313
428     43     39     118
429     12     35     1794
430     42     28     78
431     38     4     1458
432     49     33     257
433     32     21     1892
434     31     47     518
435     46     47     1487
436     33     45     29
437     40     1     847
438     5     2     1153
439     43     11     2145
440     3     13     495
441     23     18     1638
442     2     32     397
443     6     36     2262
444     7     34     19
445     24     21     985
446     28     48     659
447     31     37     2039
448     49     37     76
449     7     14     55
450     29     31     189
451     13     9     18
452     16     24     1439
453     35     22     251
454     26     43     1286
455     18     23     406
456     27     5     958
457     20     22     493
458     48     24     935
459     37     13     2168
460     30     3     376
461     18     22     2137
462     17     20     488
463     39     37     2493
464     48     2     429
465     41     15     722
466     8     42     1251
467     31     47     294
468     39     22     2325
469     20     25     252
470     12     20     1944
471     1     10     464
472     44     21     2226
473     35     30     375
474     31     22     120
475     8     14     1353
476     13     28     345
477     8     3     1475
478     42     38     477
479     41     15     2202
480     49     6     453
481     37     27     2282
482     2     14     557
483     30     36     2227
484     14     27     64
485     10     14     1197
486     32     2     467
487     44     41     1159
488     19     23     355
489     39     48     1901
490     45     27     561
491     16     18     1262
492     41     36     21
493     48     27     604
494     49     44     2115
495     16     5     566
496     12     29     1449
497     39     43     511
498     15     5     754
499     15     4     1271
500     5     33     383
