1     10     49     166
2     20     5     1676
3     32     44     8
4     17     33     1226
5     39     21     2052
6     1     11     110
7     37     22     1557
8     44     4     496
9     34     34     886
10     38     23     1048
11     33     17     469
12     8     17     1204
13     35     2     859
14     31     12     2006
15     3     24     607
16     2     39     2056
17     49     49     112
18     16     12     340
19     4     44     2411
20     22     1     388
21     31     49     1337
22     16     4     410
23     39     32     2313
24     22     22     604
25     26     39     710
26     6     25     319
27     3     17     652
28     32     41     926
29     46     33     1938
30     16     35     282
31     33     3     1203
32     33     45     157
33     9     21     2208
34     14     24     580
35     37     11     1731
36     7     19     138
37     13     21     1378
38     34     8     392
39     10     31     18
40     16     47     1131
41     26     42     1596
42     11     3     517
43     28     36     1721
44     20     22     101
45     3     15     863
46     1     26     410
47     25     20     316
48     17     44     101
49     30     22     402
50     27     46     1156
51     13     1     278
52     13     48     1528
53     40     14     556
54     43     10     2023
55     40     22     81
56     36     14     2418
57     47     36     326
58     44     38     1365
59     44     34     433
60     44     17     453
61     4     15     1025
62     6     48     792
63     25     49     779
64     41     42     1656
65     38     10     222
66     17     3     1430
67     31     39     573
68     43     1     575
69     37     27     962
70     48     1     48
71     13     3     1466
72     16     2     78
73     14     45     331
74     32     1     484
75     7     21     351
76     12     30     1629
77     1     23     413
78     46     18     1294
79     13     44     175
80     39     7     92
81     48     48     1569
82     13     21     200
83     18     42     2068
84     30     39     49
85     17     23     106
86     7     26     542
87     15     36     2061
88     31     7     120
89     18     28     2174
90     35     18     393
91     13     23     417
92     24     38     957
93     31     16     501
94     2     4     1195
95     33     1     1139
96     15     43     800
97     26     5     1612
98     2     8     584
99     44     10     1048
100     12     4     466
101     24     18     2122
102     15     30     340
103     48     11     2023
104     25     7     527
105     16     38     1360
106     28     11     475
107     20     28     2413
108     23     35     284
109     48     20     1475
110     14     29     216
111     13     1     700
112     15     10     1480
113     22     15     321
114     42     25     937
115     30     13     1877
116     2     10     438
117     43     5     1589
118     31     12     155
119     47     10     1846
120     33     4     392
121     33     20     1323
122     12     9     35
123     38     19     966
124     29     40     1552
125     45     15     376
126     23     6     2187
127     16     38     506
128     16     10     553
129     22     47     685
130     5     47     363
131     15     21     1806
132     21     2     193
133     46     14     1413
134     21     22     8
135     11     33     595
136     26     6     1720
137     37     48     293
138     28     4     1711
139     33     13     113
140     48     49     208
141     15     20     39
142     29     7     1071
143     36     38     1116
144     41     16     1573
145     20     24     253
146     39     38     401
147     20     44     2172
148     30     8     470
149     30     27     2116
150     24     24     141
151     30     16     2474
152     22     7     358
153     39     12     1054
154     8     1     1027
155     27     47     674
156     4     9     477
157     41     37     823
158     29     11     1714
159     35     19     247
160     26     5     78
161     10     45     1035
162     44     38     1034
163     31     16     878
164     29     33     1618
165     6     18     289
166     13     49     1486
167     3     38     163
168     19     2     2020
169     2     45     258
170     19     45     437
171     37     41     79
172     23     47     738
173     15     21     2042
174     47     43     326
175     13     1     811
176     23     16     1091
177     39     21     2383
178     23     17     432
179     25     46     655
180     31     30     2398
181     22     31     83
182     47     9     1032
183     32     30     2302
184     12     44     84
185     16     16     1761
186     19     7     517
187     2     12     672
188     7     49     2039
189     22     48     386
190     6     41     276
191     4     20     404
192     43     22     626
193     10     28     888
194     8     40     1102
195     32     15     1493
196     34     17     353
197     40     6     749
198     14     12     755
199     33     35     1369
200     44     36     41
201     3     49     1672
202     31     2     445
203     2     38     158
204     5     39     688
205     8     30     2420
206     12     30     68
207     6     37     1327
208     19     18     535
209     25     11     1909
210     30     46     137
211     19     38     1648
212     48     48     619
213     36     30     1282
214     35     49     1
215     12     38     957
216     29     29     223
217     10     16     1480
218     16     33     295
219     24     18     1248
220     8     9     492
221     42     30     2467
222     3     31     153
223     28     31     266
224     36     15     684
225     45     4     1500
226     41     12     10
227     27     30     1138
228     30     39     2160
229     4     14     211
230     42     21     1293
231     46     45     166
232     17     19     971
233     44     2     1112
234     10     48     515
235     6     29     540
236     18     39     565
237     23     17     609
238     28     24     2485
239     43     27     492
240     17     19     1711
241     40     13     377
242     31     15     254
243     38     8     1195
244     35     44     2044
245     28     32     116
246     7     7     1150
247     22     6     1790
248     36     23     12
249     37     15     274
250     12     40     2395
251     43     46     618
252     2     9     664
253     4     32     1592
254     35     15     617
255     40     28     103
256     7     31     225
257     3     14     2083
258     38     48     567
259     6     38     1752
260     49     6     236
261     48     17     93
262     47     40     2140
263     18     38     200
264     13     4     137
265     47     39     2473
266     32     21     28
267     21     5     751
268     1     7     1746
269     30     4     372
270     9     15     797
271     19     7     461
272     39     13     714
273     46     36     1147
274     1     43     1831
275     21     16     284
276     5     15     71
277     46     17     641
278     28     29     2102
279     43     1     85
280     13     32     736
281     19     8     63
282     25     10     1355
283     28     41     466
284     7     42     263
285     44     3     636
286     14     49     347
287     19     22     1612
288     26     10     551
289     2     46     740
290     42     32     233
291     37     37     1399
292     26     42     48
293     49     37     1066
294     45     30     1642
295     13     1     75
296     31     10     509
297     8     42     133
298     27     11     2262
299     41     9     151
300     14     25     2417
301     13     48     528
302     35     39     512
303     44     46     234
304     12     11     1907
305     27     39     226
306     18     7     1579
307     6     33     501
308     44     5     861
309     38     11     545
310     45     45     1179
311     28     37     1699
312     10     24     218
313     18     21     1190
314     19     27     2099
315     16     23     547
316     28     31     607
317     7     28     274
318     16     34     473
319     43     11     421
320     3     13     1974
321     49     3     250
322     24     48     1593
323     43     29     324
324     3     20     284
325     37     7     79
326     44     33     1896
327     39     8     134
328     8     44     898
329     10     3     254
330     27     19     1387
331     41     27     9
332     5     24     217
333     19     20     348
334     29     49     2440
335     41     31     514
336     12     12     251
337     18     42     1449
338     1     38     143
339     35     11     870
340     19     12     818
341     27     48     739
342     43     42     557
343     2     36     2173
344     23     3     545
345     3     21     188
346     4     38     363
347     15     38     2078
348     43     33     520
349     3     29     1753
350     2     13     36
351     42     14     1801
352     32     36     366
353     9     22     825
354     27     17     2395
355     6     40     259
356     46     16     1998
357     47     1     210
358     22     8     751
359     15     5     1939
360     10     22     364
361     37     44     1591
362     12     30     464
363     7     44     354
364     5     25     2166
365     12     36     502
366     18     47     953
367     48     33     1455
368     33     33     480
369     31     2     380
370     42     36     191
371     14     42     1221
372     11     42     2445
373     11     29     447
374     6     49     1682
375     10     49     258
376     40     22     1705
377     49     31     523
378     27     47     2258
379     41     7     242
380     35     33     1427
381     18     3     468
382     12     8     1579
383     30     20     360
384     42     33     869
385     25     26     214
386     26     14     1653
387     49     37     238
388     43     16     2261
389     44     32     416
390     38     43     1530
391     30     4     64
392     26     19     82
393     30     17     1099
394     18     2     462
395     29     33     2317
396     12     49     283
397     12     28     2072
398     38     41     125
399     45     6     1823
400     21     23     393
401     41     47     2370
402     29     17     523
403     27     11     123
404     16     41     1067
405     15     33     1833
406     38     49     96
407     32     41     1744
408     43     33     75
409     38     18     631
410     28     33     661
411     21     29     393
412     35     6     584
413     19     33     533
414     26     14     739
415     43     10     1546
416     24     42     322
417     23     17     724
418     19     15     2408
419     9     18     386
420     32     46     1068
421     8     37     1032
422     10     41     1798
423     36     3     474
424     3     8     362
425     1     41     119
426     33     39     1020
427     17     7     2433
428     27     32     611
429     22     10     2252
430     35     31     349
431     19     45     2124
432     33     49     426
433     12     19     2186
434     5     6     190
435     4     49     761
436     34     10     1390
437     23     3     540
438     34     45     1700
439     35     6     496
440     26     35     2294
441     6     48     140
442     17     7     364
443     29     27     2279
444     16     48     338
445     48     41     948
446     24     40     2401
447     44     29     444
448     12     26     1109
449     38     45     1514
450     41     20     572
451     48     45     2126
452     23     35     243
453     22     37     2214
454     17     47     500
455     37     29     2476
456     17     11     334
457     39     45     1972
458     40     23     553
459     48     41     259
460     31     33     1863
461     42     32     142
462     40     26     600
463     8     4     1022
464     17     16     505
465     9     13     1861
466     4     12     485
467     21     43     1000
468     40     20     1836
469     48     22     453
470     28     26     976
471     15     41     275
472     27     44     1989
473     3     41     594
474     1     12     1483
475     39     36     3
476     25     29     805
477     8     25     1817
478     48     7     389
479     31     6     1420
480     35     44     407
481     24     13     1528
482     22     46     126
483     18     15     1491
484     8     44     385
485     15     26     2315
486     24     34     452
487     35     2     687
488     13     25     2390
489     46     30     482
490     7     41     671
491     17     37     2319
492     30     20     516
493     14     43     1661
494     37     45     369
495     40     45     952
496     23     36     85
497     46     49     523
498     25     33     2412
499     43     41     91
500     22     16     476
