10.969     1268     1223.13
10.594     1263     1223.13
10.594     1273     1223.13
10.969     1268     1223.13
10.969     1268     1223.13
10.969     1268     1223.13
10.969     1268     1223.13
10.594     1273     1223.13
10.594     1263     1223.13
10.969     1268     1223.13
             
10.500     1178     1124.88
10.704     1188     1124.88
10.704     1188     1124.88
10.500     1178     1124.88
10.704     1188     1124.88
10.704     1188     1124.88
10.500     1178     1124.88
10.704     1188     1124.88
10.704     1188     1124.88
10.704     1188     1124.88
             
10.739     1255     1195.38
10.344     1262     1195.38
10.344     1262     1195.38
10.739     1255     1195.38
10.739     1262     1195.38
10.739     1262     1195.38
10.739     1255     1195.38
10.344     1262     1195.38
10.344     1262     1195.38
10.739     1262     1195.38
             
10.750     1195     1121.38
10.204     1174     1121.38
10.204     1174     1121.38
10.750     1195     1121.38
10.750     1195     1121.38
10.750     1195     1121.38
10.750     1195     1121.38
10.204     1174     1121.38
10.204     1174     1121.38
10.750     1195     1121.38
             
10.673     1282     1223.75
10.453     1290     1223.75
10.453     1290     1223.75
10.673     1296     1223.75
10.673     1290     1223.75
10.673     1290     1223.75
10.673     1296     1223.75
10.453     1290     1223.75
10.453     1290     1223.75
10.673     1290     1223.75
             
10.157     1225     1152.75
10.844     1234     1152.75
10.844     1216     1152.75
10.157     1225     1152.75
10.844     1225     1152.75
10.844     1225     1152.75
10.157     1225     1152.75
10.844     1216     1152.75
10.844     1234     1152.75
10.844     1234     1152.75
             
10.532     1343     1276.88
10.454     1335     1276.88
10.454     1335     1276.88
10.532     1343     1276.88
10.532     1343     1276.88
10.532     1343     1276.88
10.532     1343     1276.88
10.454     1335     1276.88
10.454     1335     1276.88
10.532     1343     1276.88
             
10.806     1195     1140.63
10.391     1198     1140.63
10.391     1209     1140.63
10.806     1205     1140.63
10.806     1198     1140.63
10.806     1198     1140.63
10.806     1205     1140.63
10.391     1209     1140.63
10.391     1198     1140.63
10.806     1198     1140.63
             
10.266     1279     1216.63
10.782     1278     1216.63
10.782     1280     1216.63
10.266     1273     1216.63
10.782     1278     1216.63
10.782     1278     1216.63
10.266     1273     1216.63
10.782     1280     1216.63
10.782     1278     1216.63
10.782     1279     1216.63
             
10.047     1158     1069.38
10.266     1157     1069.38
10.266     1157     1069.38
10.047     1158     1069.38
10.266     1158     1069.38
10.266     1158     1069.38
10.047     1158     1069.38
10.266     1157     1069.38
10.266     1157     1069.38
10.266     1158     1069.38
             
