10.048     1263     1223.13
10.047     1272     1223.13
10.047     1263     1223.13
10.048     1263     1223.13
10.048     1268     1223.13
10.048     1268     1223.13
10.048     1263     1223.13
10.047     1263     1223.13
10.047     1272     1223.13
10.047     1263     1223.13
             
10.047     1188     1124.88
10.063     1169     1124.88
10.063     1169     1124.88
10.047     1169     1124.88
10.063     1169     1124.88
10.063     1169     1124.88
10.047     1169     1124.88
10.063     1169     1124.88
10.063     1169     1124.88
10.047     1169     1124.88
             
10.031     1264     1195.38
10.001     1264     1195.38
10.001     1262     1195.38
10.031     1264     1195.38
10.031     1257     1195.38
10.031     1257     1195.38
10.031     1264     1195.38
10.001     1262     1195.38
10.001     1264     1195.38
10.001     1264     1195.38
             
10.063     1169     1121.38
10.031     1172     1121.38
10.031     1169     1121.38
10.063     1169     1121.38
10.063     1172     1121.38
10.063     1172     1121.38
10.063     1169     1121.38
10.031     1169     1121.38
10.031     1172     1121.38
10.031     1169     1121.38
             
10.016     1285     1223.75
10.016     1297     1223.75
10.016     1285     1223.75
10.016     1285     1223.75
10.016     1278     1223.75
10.016     1278     1223.75
10.016     1285     1223.75
10.016     1285     1223.75
10.016     1297     1223.75
10.016     1285     1223.75
             
10.047     1234     1152.75
10.032     1218     1152.75
10.032     1218     1152.75
10.047     1221     1152.75
10.047     1209     1152.75
10.047     1209     1152.75
10.047     1221     1152.75
10.032     1218     1152.75
10.032     1218     1152.75
10.032     1218     1152.75
             
10.032     1335     1276.88
10.016     1352     1276.88
10.016     1335     1276.88
10.032     1335     1276.88
10.032     1335     1276.88
10.032     1335     1276.88
10.032     1335     1276.88
10.016     1335     1276.88
10.016     1352     1276.88
10.016     1335     1276.88
             
10.063     1188     1140.63
10.047     1194     1140.63
10.047     1194     1140.63
10.063     1205     1140.63
10.063     1194     1140.63
10.063     1194     1140.63
10.063     1205     1140.63
10.047     1194     1140.63
10.047     1194     1140.63
10.047     1188     1140.63
             
10.047     1280     1216.63
10.032     1271     1216.63
10.032     1276     1216.63
10.047     1275     1216.63
10.047     1273     1216.63
10.047     1273     1216.63
10.047     1275     1216.63
10.032     1276     1216.63
10.032     1271     1216.63
10.032     1271     1216.63
             
10.047     1132     1069.38
10.016     1134     1069.38
10.016     1134     1069.38
10.047     1132     1069.38
10.047     1132     1069.38
10.047     1132     1069.38
10.047     1132     1069.38
10.016     1134     1069.38
10.016     1134     1069.38
10.016     1132     1069.38
             
