50.004     25489     24776
50.378     25439     24776
50.378     25439     24776
50.004     25489     24776
50.378     25439     24776
50.378     25439     24776
50.004     25489     24776
50.378     25439     24776
50.378     25439     24776
50.004     25439     24776
             
50.176     25542     24908
50.081     25593     24908
50.081     25542     24908
50.176     25542     24908
50.176     25591     24908
50.176     25591     24908
50.176     25542     24908
50.081     25542     24908
50.081     25593     24908
50.081     25542     24908
             
50.067     26511     26203
50.082     26540     26203
50.082     26511     26203
50.067     26511     26203
50.082     26511     26203
50.082     26511     26203
50.067     26511     26203
50.082     26511     26203
50.082     26540     26203
50.067     26511     26203
             
50     24932     24525
50.021     24981     24525
50.021     24932     24525
50     24932     24525
50.021     24932     24525
50.021     24932     24525
50     24932     24525
50.021     24932     24525
50.021     24981     24525
50     24932     24525
             
0.282     25136     25136
0.203     25136     25136
0.203     25136     25136
0.282     25136     25136
0.282     25136     25136
0.282     25136     25136
0.282     25136     25136
0.203     25136     25136
0.203     25136     25136
0.203     25136     25136
             
50.364     26054     25210.5
50.318     26054     25210.5
50.318     26054     25210.5
50.364     26054     25210.5
50.364     26054     25210.5
50.364     26054     25210.5
50.364     26054     25210.5
50.318     26054     25210.5
50.318     26054     25210.5
50.318     26054     25210.5
             
50.097     25981     25234.5
50.286     26032     25234.5
50.286     26032     25234.5
50.097     25981     25234.5
50.286     26032     25234.5
50.286     26032     25234.5
50.097     25981     25234.5
50.286     26032     25234.5
50.286     26032     25234.5
50.097     25981     25234.5
             
50.159     26242     25492
50.347     26242     25492
50.347     26242     25492
50.159     26242     25492
50.347     26242     25492
50.347     26242     25492
50.159     26242     25492
50.347     26242     25492
50.347     26242     25492
50.159     26242     25492
             
50.252     26075     25491
50.286     26067     25491
50.286     26067     25491
50.252     26075     25491
50.286     26075     25491
50.286     26075     25491
50.252     26075     25491
50.286     26067     25491
50.286     26067     25491
50.252     26067     25491
             
50.271     25171     24901
50.364     25168     24901
50.364     25168     24901
50.271     25171     24901
50.364     25168     24901
50.364     25168     24901
50.271     25171     24901
50.364     25168     24901
50.364     25168     24901
50.271     25168     24901
             
