30.033     6297     6264
30.018     6295     6264
30.018     6295     6264
30.033     6297     6264
30.033     6297     6264
30.033     6297     6264
30.033     6297     6264
30.018     6295     6264
30.018     6295     6264
30.033     6297     6264
             
30.111     6261     6110
30.050     6261     6110
30.050     6261     6110
30.111     6261     6110
30.111     6261     6110
30.111     6261     6110
30.111     6261     6110
30.050     6261     6110
30.050     6261     6110
30.111     6261     6110
             
30.094     6166     6136
30.019     6205     6136
30.019     6205     6136
30.094     6166     6136
30.094     6205     6136
30.094     6205     6136
30.094     6166     6136
30.019     6205     6136
30.019     6205     6136
30.094     6205     6136
             
30.003     6202     6064
30.018     6166     6064
30.018     6166     6064
30.003     6202     6064
30.018     6202     6064
30.018     6202     6064
30.003     6202     6064
30.018     6166     6064
30.018     6166     6064
30.018     6202     6064
             
30.095     6241     6210
30.002     6221     6210
30.002     6221     6210
30.095     6241     6210
30.095     6241     6210
30.095     6241     6210
30.095     6241     6210
30.002     6221     6210
30.002     6221     6210
30.095     6241     6210
             
30.097     6269     6043
30.002     6309     6043
30.002     6309     6043
30.097     6269     6043
30.097     6309     6043
30.097     6309     6043
30.097     6269     6043
30.002     6309     6043
30.002     6309     6043
30.097     6309     6043
             
30.048     6401     6257
30.081     6418     6257
30.081     6418     6257
30.048     6401     6257
30.081     6418     6257
30.081     6418     6257
30.048     6401     6257
30.081     6418     6257
30.081     6418     6257
30.081     6418     6257
             
30.002     6123     5847.8
30.003     6099     5847.8
30.003     6099     5847.8
30.002     6123     5847.8
30.003     6123     5847.8
30.003     6123     5847.8
30.002     6123     5847.8
30.003     6099     5847.8
30.003     6099     5847.8
30.003     6123     5847.8
             
4.299     6338     6338
4.703     6338     6338
4.703     6338     6338
4.299     6338     6338
4.703     6338     6338
4.703     6338     6338
4.299     6338     6338
4.703     6338     6338
4.703     6338     6338
4.703     6338     6338
             
30.033     6199     5912
30.019     6190     5912
30.019     6190     5912
30.033     6199     5912
30.033     6199     5912
30.033     6199     5912
30.033     6199     5912
30.019     6190     5912
30.019     6190     5912
30.033     6199     5912
             
