1     46     15     1430
2     87     82     197
3     49     93     1004
4     38     120     36
5     77     165     1740
6     91     51     73
7     52     153     1274
8     72     60     178
9     28     128     331
10     46     12     271
11     56     173     143
12     4     190     685
13     7     177     61
14     19     161     1157
15     27     170     431
16     89     32     1434
17     33     26     1
18     7     7     80
19     73     110     1295
20     57     8     202
21     26     111     1836
22     57     199     259
23     75     63     1174
24     78     18     128
25     40     14     316
26     94     17     1271
27     23     45     203
28     32     55     1343
29     65     99     318
30     88     51     1487
31     73     103     68
32     26     92     1702
33     17     188     256
34     59     8     1227
35     83     37     157
36     25     105     1222
37     42     25     425
38     53     134     413
39     36     105     1450
40     55     191     458
41     6     107     641
42     37     28     766
43     96     30     587
44     43     27     713
45     10     181     790
46     59     188     873
47     67     121     273
48     70     24     751
49     64     57     943
50     42     107     287
51     75     126     1455
52     55     30     96
53     70     132     723
54     98     170     594
55     6     60     465
56     37     25     1665
57     64     183     360
58     82     67     269
59     43     8     917
60     28     36     1704
61     48     62     383
62     77     59     1596
63     84     36     78
64     1     32     1129
65     86     107     193
66     48     52     637
67     45     98     1415
68     94     45     62
69     54     65     386
70     90     131     727
71     82     163     1467
72     90     119     180
73     29     19     1631
74     76     123     383
75     78     182     973
76     86     178     225
77     35     84     1177
78     56     184     453
79     81     93     469
80     96     109     1045
81     74     164     19
82     16     16     6
83     63     116     479
84     37     154     181
85     68     29     1284
86     58     178     162
87     43     140     132
88     51     157     1108
89     90     36     464
90     84     31     406
91     4     109     304
92     79     81     552
93     4     24     1573
94     90     189     462
95     62     168     1105
96     36     19     0
97     61     27     438
98     77     198     1537
99     82     39     46
100     54     153     1527
101     30     112     112
102     49     134     968
103     74     111     184
104     81     18     1141
105     4     69     404
106     92     127     607
107     54     95     407
108     5     128     352
109     80     153     169
110     48     135     507
111     66     26     834
112     39     48     1644
113     36     118     84
114     84     187     1371
115     68     139     434
116     17     137     677
117     81     111     1490
118     62     143     111
119     19     152     297
120     87     15     354
121     10     158     1856
122     67     19     2
123     80     82     547
124     75     65     452
125     1     67     824
126     87     5     990
127     21     165     97
128     61     20     897
129     47     119     768
130     72     191     549
131     69     133     1286
132     81     87     411
133     25     168     1569
134     59     18     164
135     58     140     1422
136     10     109     26
137     64     89     1215
138     70     168     141
139     3     119     430
140     38     144     680
141     15     55     1782
142     87     191     111
143     6     4     55
144     1     159     73
145     3     35     767
146     2     151     247
147     50     78     634
148     98     62     287
149     26     119     268
150     24     57     458
151     1     77     356
152     98     47     398
153     75     97     1244
154     22     81     52
155     71     197     1210
156     80     148     135
157     83     176     1021
158     21     23     77
159     28     113     91
160     27     23     1462
161     69     29     95
162     75     126     1791
163     96     157     280
164     20     105     408
165     50     160     1624
166     72     148     137
167     92     185     692
168     41     100     388
169     29     102     18
170     25     65     1848
171     23     90     462
172     47     141     833
173     97     165     1140
174     89     99     198
175     19     24     1618
176     32     174     137
177     50     130     1674
178     36     156     308
179     31     81     678
180     88     178     550
181     92     183     1782
182     48     175     160
183     35     99     1130
184     12     116     284
185     62     182     1108
186     28     54     286
187     11     69     558
188     25     168     1338
189     81     124     82
190     35     100     62
191     57     20     726
192     77     49     1411
193     70     103     462
194     90     130     1392
195     38     191     9
196     43     123     1716
197     37     158     385
198     3     184     1180
199     99     64     326
200     48     104     1545
201     27     141     96
202     28     94     973
203     32     100     119
204     48     175     1769
205     2     86     98
206     5     43     1577
207     34     60     285
208     51     42     539
209     99     151     938
210     12     8     102
211     17     145     1789
212     97     27     246
213     92     177     131
214     1     74     1838
215     41     153     322
216     71     100     968
217     56     44     437
218     81     39     456
219     19     141     296
220     44     167     444
221     32     15     187
222     99     141     1267
223     51     160     96
224     94     34     810
225     96     43     417
226     11     176     1842
227     71     42     326
228     60     68     775
229     18     102     1545
230     59     107     193
231     13     187     320
232     77     188     1535
233     51     22     87
234     71     106     1437
235     21     58     313
236     15     151     65
237     72     112     1407
238     69     168     18
239     15     51     1475
240     88     91     245
241     36     46     982
242     72     71     267
243     42     132     1153
244     1     58     358
245     11     36     699
246     81     122     535
247     30     97     740
248     26     125     753
249     1     117     1484
250     58     47     315
251     71     95     537
252     36     22     166
253     85     154     30
254     95     52     205
255     53     198     1736
256     29     167     278
257     34     140     1390
258     64     120     231
259     10     9     590
260     28     36     1456
261     36     108     124
262     7     70     324
263     91     5     436
264     65     133     1293
265     63     142     234
266     20     85     359
267     37     43     1428
268     7     159     400
269     12     33     1439
270     52     46     449
271     34     132     1713
272     6     197     144
273     56     79     508
274     6     17     179
275     67     63     1491
276     70     111     70
277     27     134     675
278     60     39     1105
279     61     76     307
280     74     22     587
281     50     17     12
282     85     103     1642
283     70     91     233
284     50     66     821
285     7     28     1093
286     21     101     110
287     40     51     1543
288     14     57     408
289     48     13     1385
290     4     61     269
291     70     165     1835
292     12     85     257
293     13     61     1166
294     14     191     466
295     44     193     1224
296     88     190     181
297     24     42     836
298     45     24     1549
299     25     146     444
300     24     22     1715
