1       12        1      293
2       12        9       65
3        6        4       81
4        3        2      353
5        7        6      219
6       12        4      220
7        5        3      616
8        6        5      279
9        4        9      433
10        4        5      273
11       13        1      517
12        5        8      363
13        6        6      447
14        5        6      581
15        5        2      538
16       12        5      631
17        6        7      533
18       11        7      366
19       13        3       24
20        8        9      188
21        7        9       40
22        4        6      395
23       10        8      521
24       14        1      213
25        6        6       56
26        3        5      553
27        6        7      522
28       13        2      428
29        4        4      200
30        6        6      619
31       12        5      294
32        5        4      388
33       13        8      157
34       11        4      306
35        7        4       78
36        8        3      608
37        3        3       66
38       12        4       46
39       12        1      504
40       11        7      122
41        3        1      155
42        6        9      491
43        5        3      614
44       14        5      134
45        3        3      121
46        6        3      504
47        5        6      385
48       15        7      151
49        4        2      526
50        5        1      164
51       11        6      349
52       15        7      426
53       15        3      401
54        6        1      449
55        3        4      398
56       15        7      218
57        9        1      516
58        6        4      573
59        7        4      563
60        8        9       68
61       10        6      524
62       11        1      487
63       14        6      459
64       10        7      204
65        3        8      481
66        8        2      575
67       15        2      301
68       13        8      223
69        9        9      503
70       14        9      289
71       12        4      516
72       15        7       99
73        5        1      107
74       15        3      460
75        4        2      483
76        3        3      531
77        8        9      114
78       12        6      302
79        3        2      309
80       14        2        0
81       10        3      535
82        8        9      458
83       11        4      576
84        8        7      325
85       11        7       75
86        6        5      436
87       13        3      403
88       14        9      401
89       13        3      410
90       13        2      164
91       14        2      253
92        4        5      378
93        3        5      371
94       14        5      146
95       13        3      424
96       10        4      504
97        3        1      608
98       14        8      425
99        6        3      175
100        3        9      559
101        9        3      584
102        4        8      406
103        7        4      307
104       15        5      338
105        4        8      513
106        8        9      403
107        3        6      556
108        7        7      580
109       10        3      321
110        7        3       15
111       13        2      206
112        9        2      312
113        4        3      471
114       13        2       73
115        5        6      418
116       11        2      189
117        6        3      214
118        6        7      421
119       15        1      167
120       13        7       98
121       13        7      482
122       12        9      230
123        8        8      360
124       13        6      104
125        9        1      133
126       13        6      540
127        5        2      207
128        6        2      583
129       10        2      196
130        5        4      575
131        9        9      330
132       11        6       41
133        5        1      398
134        9        2       53
135       12        5      598
136        8        2      167
137        9        3      205
138        3        9      105
139       12        8      137
140       14        5      104
141       15        5       24
142        8        3      325
143       15        3      405
144       13        9      521
145        7        1       23
146        5        1      169
147        5        7      257
148       12        1       10
149        3        2       89
150       11        2      380
151        4        7      426
152       15        9      621
153        9        3      179
154       10        8      409
155        6        2      522
156        4        3      492
157       14        8      506
158        8        9      574
159       12        3      543
160       15        2      547
161       10        1      323
162        8        5        2
163       12        8      368
164        9        1      420
165       14        3      392
166       11        5        5
167        5        2      492
168       11        3      546
169       13        6      606
170        5        3      133
171        7        5      467
172       14        2      128
173        7        5      509
174       11        6      254
175        4        8       56
176       10        6      522
177        8        1      592
178       10        2      257
179       10        2      520
180       15        2      196
181        9        5      349
182        6        3      528
183       10        4      548
184       12        1       50
185       13        5      470
186        6        8      592
187        3        9      517
188        6        3      392
189        9        9      306
190        6        7      272
191       12        2      457
192        8        2      427
193       14        4      430
194       10        9      113
195        3        7      464
196        3        9      127
197        5        9      592
198       13        7       71
199       13        8      445
200        7        2      371
201        8        5      237
202        4        6      232
203        7        7      393
204       10        7      578
205       11        4      457
206        6        3       98
207       11        5      490
208        4        6      483
209        4        7       95
210       12        1      385
211       12        7      596
212        4        3      307
213       15        4      394
214        7        8      457
215       14        3      622
216        3        4      529
217        6        3      396
218        3        4      185
219       12        7      601
220       10        7      330
221       15        7       68
222        4        9      489
223       13        7      228
224       10        5       87
225        6        2      461
226       11        3      325
227       12        4      203
228       13        7      388
229        9        7      596
230       11        7      547
231        7        7       81
232       14        5      266
233        9        9      554
234        7        1      585
235       13        4       68
236        8        5      343
237       15        8      116
238        4        9      202
239        4        7      304
240        6        1      404
241       12        7      503
242        4        3      411
243        3        9      551
244        3        1      223
245        6        9      560
246        7        4      344
247       11        6      191
248        7        5      242
249        9        1      323
250       13        4      149
251       13        3      188
252        5        4      180
253        3        3       97
254       15        8      138
255        4        6      128
256        3        8      391
257       11        1      520
258        6        6      110
259       11        9      128
260        7        1       26
261        9        5      558
262       14        4      127
263       14        4      129
264        8        2      207
265        9        9      205
266        8        4      457
267       14        6      315
268       15        5      623
269       12        2      286
270        6        9      286
271        7        1      276
272        3        1       21
273        6        7      247
274       10        1      532
275        6        2      392
276       10        6      432
277        6        3      182
278       13        4      221
279       12        3      248
280       14        5      269
281        3        5      147
282       11        2      139
283        4        3      440
284       13        2      573
285        6        9      617
286        3        8      322
287        5        8       77
288        3        4      387
289        7        9      334
290        7        5      299
291        3        1      535
292       13        4       80
293        3        1       12
294       11        2       86
295       14        3      484
296        6        4      482
297       12        3      430
298       15        6      183
299       12        1      294
300       14        1      315
