1       13        8      348
2       11        2      444
3       15        8      771
4        4        6       44
5       15        2      508
6       14        4      471
7       10        4      288
8        9        5      458
9        3        3      273
10        8        7      404
11       11        5      631
12        7        9      749
13        3        6      528
14        4        5       81
15        5        4      663
16       15        2      685
17       10        1      406
18       14        9      128
19        6        2      262
20        7        1      490
21       14        7      661
22        9        2      144
23        3        5      103
24        7        9      798
25        4        5      149
26        3        1       89
27        8        5        1
28       15        9      301
29        8        2      368
30       14        5      338
31       12        1      465
32       12        6      657
33        3        8      190
34        6        3       81
35       15        2      641
36       15        7      226
37       11        2      654
38       12        1      211
39       15        9      793
40       10        5      548
41       10        7      792
42       15        1      737
43        4        9      351
44        4        9      303
45        7        8      518
46       10        6      692
47       12        3      467
48       10        6       56
49        5        2      168
50        5        4      384
51        6        1      595
52        9        7      789
53        3        5      495
54       13        2      624
55        7        3      370
56        8        5      667
57       15        8      671
58       10        1      472
59        5        2      274
60        7        6      435
61        6        7       79
62       11        8      355
63       14        5      387
64        5        2      387
65       15        9      190
66       10        3      244
67       14        6      406
68       10        1      189
69        8        1      691
70        4        2       58
71        5        6      746
72        5        1      337
73       14        5      717
74       10        1      416
75        5        2      350
76       11        1      241
77       13        1      109
78        8        2      247
79       14        3      485
80       12        1      203
81        4        7      568
82       11        2      730
83       14        6      300
84       11        1      280
85        6        5      159
86       12        6      339
87        7        4      281
88       15        4       62
89       15        4      467
90       11        4      349
91        8        6      686
92       14        2       93
93       13        7      137
94       13        7      653
95       11        7      428
96        7        6      784
97        5        8      573
98        8        2      210
99        4        2      790
100        3        8       65
101       12        2      690
102        6        1      116
103        3        1       76
104        7        6      649
105        6        7      393
106        7        1      269
107        7        2      373
108       11        1      687
109        6        2      271
110        5        6      268
111        4        1      521
112       11        4      111
113        8        7      544
114       13        6       34
115       13        7      662
116        7        9      719
117       12        7      589
118        7        9      106
119       13        5      124
120        7        3      714
121        7        5      105
122        8        3      618
123        6        1      330
124        9        4      768
125       12        8      357
126       12        8      483
127        6        7      200
128       12        8      675
129        6        2      681
130       13        7      275
131       13        3      182
132       13        2      731
133       11        3      465
134        5        2      444
135       15        1      608
136       13        3      517
137        8        7      240
138       12        5       85
139        3        4      699
140       12        6        9
141        8        1      765
142       12        6       92
143        3        6      364
144        9        5      581
145        5        1      726
146        6        8       26
147        5        4      779
148        4        2      118
149        7        4      256
150       10        3      479
151        6        1      540
152       13        2      501
153       14        1      593
154       12        8      770
155        9        3      747
156       13        6      574
157       11        7      297
158       15        1      674
159        5        8      402
160       15        9      774
161       14        7      374
162        8        1      509
163        8        8      745
164        6        2      205
165       15        1      237
166        8        8      765
167        5        3      102
168        9        3      565
169        3        8      605
170       11        7      679
171        9        2      157
172       14        5      122
173       11        4      726
174       13        4       49
175        8        6      153
176       15        1       35
177       13        7      203
178       14        8        0
179        5        7      285
180        5        7      403
181       10        8      176
182       13        7      717
183        5        6       91
184       11        1      514
185        6        2      146
186       11        5      143
187       12        6       39
188       13        4      438
189        7        8      659
190       10        1      537
191        9        9      246
192        9        9      520
193       14        9       29
194        7        6       94
195       10        2      761
196        8        9      787
197       13        5      342
198        9        7      757
199        4        5      794
200        7        8      438
201        6        2        0
202        3        6      280
203        6        8      245
204        6        5       78
205        5        3      288
206        7        9      791
207        8        3      748
208       12        9      254
209       12        5      569
210       10        7      492
211        9        3      235
212       10        7      272
213       15        7       75
214        6        5      182
215        3        5      119
216        8        1      423
217       15        7      736
218       12        3      646
219       13        8      158
220       13        1      708
221        7        8      784
222       15        6       77
223       15        2      768
224        4        3      358
225        4        8      763
226        3        6      335
227        5        5        6
228        4        9      223
229        3        9      636
230        9        8      126
231        6        5      781
232       11        2      639
233       11        2      249
234       10        2      499
235        3        4      130
236       13        5      416
237       14        3      431
238       13        5      127
239       14        2      711
240        3        9      786
241        3        5      622
242        4        8      417
243       10        3      598
244        8        5      643
245       12        5      384
246        6        8      547
247       11        5      334
248       13        7      459
249       15        9      728
250       15        7      425
251        9        3      795
252        9        5       51
253       15        4      643
254       12        6      212
255        4        7      191
256        4        6      484
257       14        5      308
258        3        6      768
259        7        9      707
260       15        7      322
261        6        4       60
262       13        1      307
263       12        9      130
264        8        2      170
265        9        1      677
266       14        3      435
267        6        6      319
268        5        1      361
269        8        4      631
270        8        7      464
271        3        3      797
272        4        2      343
273        4        2      413
274       14        8      371
275        8        5      703
276        6        5      458
277       10        4       99
278        7        7      793
279       13        7      427
280       11        5       18
281        6        5      554
282       11        5      269
283       12        8      113
284        6        9      751
285       11        8      172
286       10        9      637
287        6        9      402
288       12        2      336
289        9        2      300
290       10        8      773
291        9        6      471
292        9        9      324
293       14        3      170
294       13        5      550
295       12        6      513
296        6        6      221
297       11        2      390
298       10        1      507
299        5        5      756
300        5        9      693
