1     9     134     2350
2     12     9     1451
3     17     153     595
4     95     67     1025
5     38     50     2614
6     12     150     4444
7     55     42     1243
8     99     104     859
9     17     196     556
10     80     188     847
11     62     32     3211
12     16     164     5969
13     98     92     1515
14     40     125     2948
15     58     33     1577
16     43     57     2841
17     91     6     4659
18     71     45     379
19     78     3     2909
20     6     95     5717
21     21     105     106
22     28     94     346
23     85     157     4552
24     65     6     1487
25     23     23     4053
26     99     162     1263
27     79     75     4595
28     19     169     221
29     73     63     2077
30     64     81     6093
31     66     29     642
32     72     192     4351
33     8     153     1121
34     22     109     2573
35     24     176     165
36     32     7     5991
37     93     176     991
38     11     88     5085
39     59     155     657
40     94     141     4978
41     1     167     1542
42     55     80     5578
43     40     42     968
44     81     121     4142
45     47     86     1109
46     85     187     5078
47     40     72     477
48     76     135     747
49     65     156     1136
50     76     2     4167
51     7     81     139
52     25     169     6215
53     34     47     156
54     54     106     4703
55     10     180     1058
56     33     42     3341
57     30     6     772
58     1     174     4132
59     11     139     563
60     89     114     1201
61     87     123     4338
62     89     159     1457
63     19     40     2687
64     4     174     4093
65     53     129     123
66     52     131     2838
67     22     12     3539
68     43     70     1018
69     8     169     1688
70     84     3     4454
71     53     58     253
72     66     30     5117
73     51     83     1206
74     46     59     4355
75     63     179     1096
76     43     139     5219
77     59     96     729
78     9     40     3818
79     74     22     910
80     61     91     2994
81     48     107     4440
82     96     169     1137
83     86     74     3287
84     30     16     194
85     65     23     459
86     54     109     6374
87     40     90     321
88     86     172     1939
89     63     92     4553
90     7     21     1308
91     12     158     4187
92     6     56     943
93     88     83     1806
94     35     69     603
95     93     52     1651
96     8     83     5145
97     10     43     1165
98     11     86     1458
99     1     48     4482
100     47     60     1599
101     71     14     3741
102     63     63     1559
103     70     196     2206
104     70     51     5320
105     98     45     640
106     32     192     703
107     1     41     2613
108     3     87     5070
109     25     103     1515
110     29     119     5074
111     1     94     1246
112     9     22     658
113     40     145     2093
114     54     30     5033
115     2     53     1591
116     22     139     5869
117     40     23     1305
118     84     105     3606
119     86     11     1105
120     23     83     5508
121     36     50     1598
122     33     40     5203
123     13     18     8
124     47     193     6103
125     87     89     209
126     35     32     767
127     79     191     2314
128     1     116     5554
129     43     52     900
130     99     2     3332
131     28     49     477
132     94     36     2878
133     23     9     4831
134     86     83     262
135     38     155     4588
136     21     148     1522
137     82     63     4976
138     58     194     729
139     91     169     4258
140     46     132     1122
141     61     94     4445
142     15     76     1259
143     50     44     1071
144     89     136     305
145     75     198     2699
146     92     11     2433
147     26     141     230
148     97     153     1004
149     63     82     110
150     19     107     2492
151     38     125     927
152     60     87     6063
153     8     193     181
154     34     23     3556
155     63     75     1534
156     42     1     886
157     41     24     4181
158     85     116     693
159     33     141     3350
160     76     24     1534
161     46     45     3054
162     77     165     4486
163     59     145     555
164     54     176     3808
165     67     19     955
166     68     156     3535
167     65     52     829
168     90     141     3139
169     19     1     166
170     77     189     1032
171     34     54     5883
172     36     44     189
173     20     91     994
174     99     101     5742
175     35     196     145
176     58     198     110
177     82     23     5717
178     20     17     1323
179     83     83     4615
180     60     84     1368
181     36     113     3184
182     69     48     3746
183     43     95     632
184     17     36     6144
185     80     135     355
186     79     142     1523
187     90     75     2125
188     36     173     2728
189     13     107     353
190     11     59     2818
191     30     14     6019
192     16     48     106
193     93     140     4974
194     91     146     1479
195     81     13     5395
196     58     58     1140
197     74     32     5134
198     74     48     337
199     83     84     5171
200     71     184     281
201     75     18     5965
202     23     54     1129
203     13     147     5540
204     93     21     1424
205     77     27     2598
206     62     157     716
207     42     81     2433
208     15     141     4007
209     91     30     3
210     54     159     1440
211     56     187     538
212     52     93     2329
213     40     156     4820
214     18     145     129
215     61     126     5599
216     83     137     1497
217     20     79     1301
218     23     118     1798
219     79     126     42
220     10     118     2417
221     60     147     1858
222     15     41     5200
223     45     91     1537
224     43     17     87
225     16     85     870
226     27     83     6403
227     38     87     1038
228     20     75     878
229     78     19     3171
230     40     75     5811
231     33     179     797
232     47     133     1905
233     93     21     3825
234     79     24     70
235     3     37     2148
236     18     43     5737
237     18     17     522
238     57     2     3065
239     71     85     1890
240     74     54     1984
241     54     93     3021
242     68     69     4729
243     35     60     1326
244     99     114     5110
245     31     9     321
246     99     78     6405
247     8     176     842
248     78     132     3904
249     65     52     1403
250     63     127     3694
251     78     116     550
252     61     64     3762
253     24     16     1552
254     41     187     2882
255     19     121     5202
256     6     129     822
257     84     146     2127
258     30     181     4620
259     71     182     445
260     45     90     5176
261     83     33     783
262     89     11     6384
263     17     166     1456
264     39     44     5633
265     52     113     949
266     68     76     5036
267     85     179     196
268     42     146     312
269     52     14     3557
270     55     147     1498
271     87     182     1644
272     60     4     5184
273     99     5     1599
274     68     105     3003
275     4     97     5310
276     22     80     424
277     42     73     1205
278     9     2     6148
279     10     177     952
280     46     7     1653
281     64     78     4328
282     79     121     415
283     84     43     5508
284     21     199     1400
285     3     141     3370
286     80     63     228
287     81     147     4386
288     19     38     478
289     41     163     5021
290     94     104     1364
291     69     199     2253
292     90     118     6021
293     88     159     1408
294     56     21     756
295     40     174     2524
296     85     146     3327
297     49     53     244
298     81     122     4878
299     70     43     1321
300     19     110     4877
301     24     145     454
302     70     46     5686
303     98     31     409
304     68     112     5066
305     61     118     105
306     47     104     1372
307     72     33     1942
308     48     6     1607
309     29     25     5715
310     16     22     578
311     59     146     2180
312     36     141     3183
313     21     42     1809
314     29     44     6306
315     95     102     1017
316     98     68     2073
317     83     131     2390
318     51     117     1386
319     53     21     5938
320     39     90     716
321     17     37     2156
322     61     83     785
323     32     63     2310
324     89     93     3996
325     74     197     1361
326     97     126     5430
327     7     124     809
328     68     119     4761
329     53     98     653
330     91     73     5567
331     38     160     394
332     69     101     6404
333     64     10     1501
334     87     194     4672
335     3     101     75
336     56     179     348
337     80     105     1549
338     22     49     1430
339     35     30     6410
340     77     159     716
341     18     45     2442
342     92     94     5639
343     44     11     564
344     78     144     1207
345     84     198     3019
346     94     170     4550
347     45     9     724
348     62     117     4233
349     67     53     433
350     52     95     2582
351     72     30     2085
352     11     188     52
353     16     130     1939
354     88     132     3071
355     62     10     6107
356     50     194     1407
357     68     189     3030
358     47     117     5628
359     99     46     446
360     2     198     855
361     74     178     4865
362     74     51     209
363     66     37     6306
364     88     191     867
365     3     196     466
366     13     157     1961
367     93     83     4789
368     91     76     223
369     56     191     3651
370     52     182     1109
371     7     53     2793
372     96     27     1809
373     71     25     2468
374     56     193     2798
375     19     74     2526
376     17     60     4900
377     30     103     1489
378     28     185     2878
379     92     179     4468
380     3     7     1051
381     57     21     1048
382     36     8     3077
383     33     73     4081
384     11     40     1566
385     11     79     463
386     32     142     4070
387     43     199     820
388     61     106     1154
389     31     51     3322
390     18     64     1538
391     83     100     1210
392     99     124     5633
393     75     126     297
394     40     192     903
395     89     124     1903
396     54     159     5343
397     56     179     115
398     52     54     129
399     74     65     4632
400     6     98     331
401     42     148     4360
402     41     155     1048
403     83     162     2898
404     25     25     5559
405     16     145     1033
406     87     44     2031
407     61     178     329
408     55     46     2805
409     17     196     2305
410     48     95     346
411     57     148     2743
412     83     111     2287
413     49     50     5892
414     10     148     793
415     98     182     479
416     26     131     4719
417     99     44     69
418     52     83     2776
419     64     25     2582
420     57     2     153
421     99     111     1798
422     28     63     5354
423     21     122     1452
424     2     2     4858
425     99     35     181
426     17     122     5365
427     77     137     977
428     53     16     1511
429     51     24     4443
430     2     63     431
431     32     57     5991
432     75     187     1578
433     61     77     4290
434     75     96     383
435     4     98     624
436     46     12     4392
437     75     155     302
438     86     181     4879
439     2     62     1571
440     58     38     725
441     23     171     5140
442     69     199     1061
443     44     122     3991
444     1     115     761
445     32     129     3553
446     55     178     1337
447     28     150     2384
448     28     7     5771
449     37     116     439
450     15     151     3728
451     91     22     402
452     26     140     4820
453     93     183     1013
454     75     112     2731
455     84     145     5294
456     73     20     1380
457     27     94     577
458     91     130     2166
459     77     187     4215
460     3     196     1093
461     54     22     1457
462     46     197     3084
463     64     136     3997
464     24     51     1403
465     64     167     6392
466     13     131     302
467     95     108     3100
468     60     57     3811
469     68     191     1469
470     31     92     5956
471     74     27     1517
472     37     130     3950
473     19     183     1529
474     76     163     4410
475     82     68     710
476     60     62     6205
477     45     197     727
478     16     198     1676
479     78     135     825
480     12     90     2021
481     41     170     5918
482     46     44     1333
483     96     7     3743
484     30     128     401
485     51     138     1923
486     77     133     3983
487     63     117     1139
488     76     86     5582
489     76     70     7
490     78     114     6366
491     37     95     1325
492     58     141     351
493     58     18     1278
494     91     111     4485
495     9     93     244
496     70     107     4875
497     53     133     1168
498     97     151     5123
499     66     149     131
500     49     49     1997
