20.001     20287     19783.5
20.001     20287     19783.5
20.001     20287     19783.5
20.001     20287     19783.5
20.001     20287     19783.5
20.001     20287     19783.5
20.001     20287     19783.5
20.001     20287     19783.5
20.001     20287     19783.5
20.001     20287     19783.5
             
20.023     20117     19818
20.001     20117     19818
20.001     20117     19818
20.023     20221     19818
20.023     20117     19818
20.023     20117     19818
20.023     20221     19818
20.001     20117     19818
20.001     20117     19818
20.023     20117     19818
             
20.001     19722     19422.5
20.001     19722     19422.5
20.001     19722     19422.5
20.001     19722     19422.5
20.001     19722     19422.5
20.001     19722     19422.5
20.001     19722     19422.5
20.001     19722     19422.5
20.001     19722     19422.5
20.001     19722     19422.5
             
20.001     20479     19880.5
20.032     20380     19880.5
20.032     20380     19880.5
20.001     20479     19880.5
20.032     20479     19880.5
20.032     20479     19880.5
20.001     20479     19880.5
20.032     20380     19880.5
20.032     20380     19880.5
20.032     20479     19880.5
             
20.001     19762     19055
20.032     19862     19055
20.032     19862     19055
20.001     19762     19055
20.032     19862     19055
20.032     19862     19055
20.001     19762     19055
20.032     19862     19055
20.032     19862     19055
20.032     19862     19055
             
20.032     20384     20072.5
20.032     20384     20072.5
20.032     20384     20072.5
20.032     20384     20072.5
20.032     20384     20072.5
20.032     20384     20072.5
20.032     20384     20072.5
20.032     20384     20072.5
20.032     20384     20072.5
20.032     20384     20072.5
             
20.017     19739     19532.5
20.001     19739     19532.5
20.001     19739     19532.5
20.017     19739     19532.5
20.017     19739     19532.5
20.017     19739     19532.5
20.017     19739     19532.5
20.001     19739     19532.5
20.001     19739     19532.5
20.017     19739     19532.5
             
20.001     21370     20672.5
20.016     21271     20672.5
20.016     21271     20672.5
20.001     21370     20672.5
20.016     21370     20672.5
20.016     21370     20672.5
20.001     21370     20672.5
20.016     21271     20672.5
20.016     21271     20672.5
20.016     21370     20672.5
             
20.001     21636     21122.5
20.016     21537     21122.5
20.016     21537     21122.5
20.001     21636     21122.5
20.016     21636     21122.5
20.016     21636     21122.5
20.001     21636     21122.5
20.016     21537     21122.5
20.016     21537     21122.5
20.016     21636     21122.5
             
20.001     20332     19933
20.016     20232     19933
20.016     20232     19933
20.001     20332     19933
20.016     20332     19933
20.016     20332     19933
20.001     20332     19933
20.016     20232     19933
20.016     20232     19933
20.016     20332     19933
             
