1     82     15     220
2     93     35     44
3     60     86     168
4     69     34     69
5     96     23     274
6     61     39     3
7     55     11     119
8     54     8     297
9     92     62     44
10     4     72     129
11     46     83     0
12     77     8     247
13     20     90     67
14     36     11     102
15     45     29     230
16     41     5     50
17     96     63     269
18     51     56     13
19     64     93     308
20     76     93     8
21     88     6     288
22     27     14     25
23     17     79     31
24     27     94     280
25     65     11     42
26     66     31     241
27     50     72     44
28     19     21     165
29     83     95     77
30     5     38     77
31     85     44     96
32     81     79     286
33     41     11     71
34     85     37     53
35     96     40     127
36     22     45     143
37     10     97     32
38     25     79     26
39     15     44     204
40     83     79     21
41     59     28     171
42     93     11     47
43     21     53     172
44     33     87     79
45     13     59     35
46     32     20     318
47     61     21     69
48     2     14     125
49     66     54     154
50     3     37     239
