5.002     668     622.5
5     675     622.5
5     675     622.5
5     675     622.5
5.002     695     622.5
5.002     695     622.5
5     675     622.5
5     675     622.5
5     675     622.5
5.002     675     622.5
             
5     549     503.25
5     560     503.25
5     549     503.25
5     549     503.25
5     560     503.25
5     560     503.25
5     549     503.25
5     549     503.25
5     560     503.25
5     560     503.25
             
5     630     558.75
5     629     558.75
5     621     558.75
5     621     558.75
5     630     558.75
5     630     558.75
5     621     558.75
5     621     558.75
5     629     558.75
5     630     558.75
             
5.001     499     467.75
5     501     467.75
5     501     467.75
5     496     467.75
5.001     501     467.75
5.001     501     467.75
5     496     467.75
5     501     467.75
5     501     467.75
5.001     501     467.75
             
5     664     601.375
5     665     601.375
5     667     601.375
5     667     601.375
5     665     601.375
5     665     601.375
5     667     601.375
5     667     601.375
5     665     601.375
5     665     601.375
             
5     630     556.125
5     625     556.125
5     624     556.125
5     624     556.125
5     625     556.125
5     625     556.125
5     624     556.125
5     624     556.125
5     625     556.125
5     630     556.125
             
5     569     528
5.001     576     528
5     571     528
5     571     528
5.001     576     528
5.001     576     528
5     571     528
5     571     528
5.001     576     528
5.001     576     528
             
5     613     552.125
5.001     599     552.125
5     610     552.125
5     610     552.125
5.001     608     552.125
5.001     608     552.125
5     610     552.125
5     610     552.125
5.001     599     552.125
5.001     613     552.125
             
5     558     521.875
5     571     521.875
5     572     521.875
5     572     521.875
5     571     521.875
5     571     521.875
5     572     521.875
5     572     521.875
5     571     521.875
5     571     521.875
             
5.001     511     473.625
5     508     473.625
5     507     473.625
5     507     473.625
5.001     521     473.625
5.001     521     473.625
5     507     473.625
5     507     473.625
5     508     473.625
5.001     511     473.625
             
