1     51     146     2225
2     149     166     29268
3     34     72     815
4     194     176     13242
5     103     82     10125
6     81     129     1416
7     10     73     7657
8     158     167     9285
9     106     34     4795
10     4     145     20222
11     100     111     7614
12     160     169     7654
13     138     179     9228
14     189     96     1229
15     33     143     20413
16     191     146     2433
17     161     27     24788
18     127     93     6755
19     38     180     3220
20     129     178     17850
21     68     179     749
22     3     176     30384
23     54     104     6832
24     121     61     21260
25     1     191     4199
26     160     40     30041
27     31     82     3453
28     57     170     20830
29     185     193     5330
30     171     33     16810
31     119     140     6391
32     19     147     23075
33     48     162     4195
34     53     98     334
35     36     188     21282
36     40     118     1425
37     140     151     13224
38     42     86     16122
39     61     123     3769
40     25     150     11856
41     154     1     23658
42     5     49     2326
43     35     45     25658
44     155     154     562
45     122     140     25138
46     180     42     6139
47     134     34     3437
48     151     142     1578
49     174     14     14178
50     164     197     27353
51     95     148     53
52     121     101     16066
53     123     92     2836
54     9     122     10760
55     167     158     28942
56     122     121     443
57     99     16     10969
58     151     25     8177
59     28     27     16966
60     197     122     4277
61     14     49     25610
62     3     92     4235
63     113     183     12587
64     171     10     27525
65     143     91     7072
66     58     33     1917
67     109     142     13214
68     85     101     21636
69     166     69     805
70     135     5     919
71     43     171     5147
72     142     189     11218
73     85     21     26969
74     115     57     1634
75     144     125     14996
76     87     121     5716
77     133     57     8644
78     53     134     15903
79     195     159     5002
80     135     184     27258
81     164     12     876
82     140     84     28669
83     41     195     2101
84     175     143     14462
85     93     56     21871
86     149     88     971
87     21     55     17500
88     89     22     5726
89     61     15     10659
90     102     77     23282
91     46     147     5166
92     28     57     29371
93     131     163     7570
94     80     168     11570
95     84     54     4517
96     9     127     16534
97     186     176     2743
98     13     43     23124
99     117     170     4118
100     130     59     2181
101     130     31     20395
102     118     127     4857
103     139     60     3863
104     74     47     23155
105     84     1     5987
106     109     38     20063
107     102     143     3060
108     73     113     3472
109     193     24     26063
110     39     70     71
111     26     23     19294
112     110     103     6389
113     19     146     18951
114     19     21     795
115     149     8     15055
116     41     116     23682
117     130     159     558
118     108     7     25355
119     154     166     2777
120     127     173     16693
121     195     121     7042
122     161     15     18797
123     198     12     7061
124     73     40     30517
125     120     15     106
126     34     144     188
127     127     35     9771
128     39     19     25720
129     150     98     7596
130     126     123     3168
131     108     71     27057
132     85     6     4935
133     99     41     20577
134     52     54     4780
135     158     6     23306
136     119     11     4748
137     34     138     15975
138     74     36     2362
139     149     189     8040
140     28     68     3560
141     129     45     1843
142     116     43     27698
143     126     180     330
144     108     104     25141
145     22     168     5400
146     55     83     26717
147     30     105     1217
148     20     22     16159
149     32     168     3484
150     184     29     27463
151     72     67     2189
152     169     12     4323
153     23     107     27591
154     7     197     4090
155     84     134     11085
156     130     159     12528
157     136     5     28793
158     126     81     4593
159     23     112     23495
160     107     169     4478
161     50     149     29189
162     186     39     2745
163     119     149     99
164     83     122     19984
165     10     171     361
166     31     35     19195
167     64     163     5525
168     189     186     29474
169     181     72     6904
170     62     48     1160
171     157     107     2703
172     41     169     4606
173     161     161     16571
174     98     158     5078
175     176     64     25687
176     124     15     5348
177     5     28     5294
178     88     21     5685
179     90     96     28969
180     122     142     6051
181     164     108     11875
182     173     13     14854
183     35     48     22256
184     85     19     5587
185     62     128     2192
186     199     22     8614
187     2     30     24549
188     43     43     464
189     168     197     2863
190     136     14     10905
191     40     9     21332
192     107     38     7627
193     89     141     874
194     99     156     28541
195     146     105     7219
196     133     22     18822
197     16     134     5584
198     187     55     13250
199     119     21     21253
200     129     38     5161
201     194     62     241
202     135     63     7637
203     177     23     9440
204     173     124     11856
205     88     25     16549
206     41     157     3070
207     50     99     4127
208     63     138     29192
209     60     63     6176
210     178     16     9738
211     126     176     12667
212     28     80     25414
213     98     15     34
214     120     81     12664
215     163     140     9716
216     141     141     7155
217     122     199     2968
218     166     80     339
219     17     193     12881
220     117     112     28784
221     46     20     543
222     20     38     23813
223     132     105     2907
224     104     83     23456
225     120     6     227
226     191     25     24497
227     54     57     489
228     75     166     6529
229     78     92     13653
230     103     11     17179
231     95     7     4476
232     196     132     2304
233     112     187     15699
234     164     107     1047
235     145     130     12011
236     113     195     19226
237     39     182     7244
238     198     75     23630
239     18     13     5205
240     62     173     2705
241     85     192     8967
242     135     189     5408
243     85     178     20988
244     55     126     6130
245     35     156     2532
246     125     71     14191
247     155     64     19119
248     102     30     6952
249     182     119     12057
250     45     107     8838
251     97     180     1999
252     115     48     15254
253     176     52     17600
254     24     83     6533
255     85     58     16707
256     104     26     5282
257     52     18     18912
258     167     49     1418
259     100     80     24067
260     170     155     3870
261     7     179     9220
262     131     140     24368
263     44     100     1539
264     59     26     26339
265     106     155     2301
266     68     10     16091
267     30     192     4932
268     134     168     9970
269     89     166     20552
270     9     80     4523
271     98     61     20149
272     123     150     6160
273     131     84     2114
274     93     42     28499
275     188     22     6070
276     166     152     15305
277     78     152     7520
278     159     150     11724
279     43     90     7636
280     129     34     12675
281     116     63     6283
282     61     132     21318
283     117     144     4656
284     171     142     10765
285     67     191     10617
286     44     8     3994
287     28     107     6631
288     193     93     4628
289     178     90     6609
290     194     184     7339
291     121     36     8325
292     118     177     23007
293     194     116     4259
294     44     98     8875
295     166     126     9964
296     116     106     892
297     160     189     25217
298     156     136     2545
299     44     185     26266
300     83     170     3345
