1     114     79     13071
2     108     62     3072
3     30     176     11701
4     119     12     5405
5     199     115     5903
6     176     40     6504
7     186     173     18644
8     36     84     2714
9     107     193     28106
10     139     169     3179
11     184     6     22432
12     56     19     5495
13     69     18     7464
14     158     18     659
15     41     100     21719
16     9     188     66
17     182     104     11120
18     76     117     1294
19     2     50     29300
20     38     34     4826
21     44     124     18556
22     77     168     2761
23     112     142     22070
24     23     100     2234
25     1     10     24950
26     162     189     526
27     21     164     16794
28     24     174     6882
29     174     184     3813
30     21     102     2145
31     8     135     11156
32     45     66     12692
33     188     88     22173
34     116     139     1330
35     1     47     15016
36     180     111     11237
37     2     136     23003
38     124     171     3282
39     145     150     10419
40     66     157     18846
41     193     78     7059
42     158     197     1851
43     119     115     10152
44     171     132     23556
45     148     81     5929
46     116     190     29981
47     136     41     2557
48     154     56     9037
49     53     105     13512
50     79     178     4593
51     71     11     15242
52     84     27     3372
53     172     11     25418
54     80     64     5613
55     104     35     1243
56     78     59     23515
57     6     64     5245
58     175     47     15193
59     3     54     5639
60     162     98     5953
61     32     132     27566
62     32     111     1020
63     135     189     10126
64     88     193     6405
65     18     41     25491
66     80     20     2098
67     110     137     18534
68     114     198     3998
69     122     163     25161
70     159     100     6819
71     187     3     18626
72     38     198     5446
73     14     6     27901
74     116     23     3961
75     125     155     8054
76     3     145     3278
77     94     91     27778
78     114     11     4019
79     30     136     17970
80     177     136     4758
81     118     150     18020
82     80     166     2435
83     89     109     19865
84     41     17     3896
85     156     33     12592
86     76     28     15148
87     178     128     154
88     114     156     3580
89     187     189     18763
90     130     11     2608
91     88     124     4160
92     125     199     23497
93     95     175     6505
94     111     76     7063
95     53     76     24890
96     41     105     3925
97     102     123     18048
98     9     129     3375
99     140     135     10215
100     49     101     29760
101     152     111     4911
102     132     14     4210
103     53     111     9114
104     137     173     30056
105     188     167     435
106     159     197     3001
107     84     72     13149
108     111     153     1118
109     91     190     17111
110     57     130     101
111     161     158     21219
112     123     196     6140
113     154     172     2077
114     56     17     23083
115     63     139     965
116     142     154     21502
117     100     92     6752
118     135     23     25171
119     185     66     858
120     63     181     23054
121     176     48     4902
122     55     120     15075
123     37     196     3482
124     178     96     19203
125     101     160     1135
126     31     45     3238
127     149     66     27745
128     88     152     2822
129     15     174     5814
130     41     38     9186
131     89     23     24487
132     108     70     5538
133     95     40     25903
134     99     68     4895
135     156     126     23849
136     42     115     2324
137     170     92     6400
138     154     87     25791
139     110     187     1964
140     94     129     19568
141     111     1     4542
142     166     25     21215
143     30     13     564
144     88     176     7404
145     149     188     28488
146     68     192     4015
147     128     173     11214
148     150     174     11493
149     69     169     6245
150     174     179     24178
151     18     14     219
152     29     171     10750
153     163     42     13240
154     85     26     8668
155     128     13     7412
156     91     22     27212
157     85     20     3427
158     198     117     3714
159     147     59     18882
160     38     195     3639
161     184     32     3027
162     140     126     23611
163     138     183     5386
164     141     129     28750
165     57     47     519
166     28     78     20257
167     80     81     7290
168     110     115     18326
169     123     111     3881
170     170     31     26540
171     117     93     3892
172     176     151     25787
173     12     83     5056
174     193     116     14870
175     93     82     16310
176     74     102     987
177     91     73     7677
178     58     187     16024
179     31     68     1421
180     16     4     26112
181     80     22     1283
182     131     87     29006
183     185     2     7053
184     34     3     13742
185     194     184     28401
186     61     22     941
187     175     155     5450
188     7     177     9579
189     29     88     5320
190     61     3     18116
191     36     16     5761
192     13     192     20618
193     68     36     6925
194     189     83     9927
195     59     98     17717
196     56     22     2103
197     43     174     24692
198     65     99     266
199     110     47     7695
200     39     52     573
201     115     115     1433
202     122     133     11405
203     74     168     707
204     141     110     17982
205     141     176     6801
206     107     25     1409
207     141     31     25455
208     146     190     1544
209     119     66     29108
210     97     71     3671
211     99     119     2748
212     140     108     5947
213     181     25     16462
214     10     91     3506
215     35     62     26382
216     142     178     1804
217     188     30     7278
218     97     144     24806
219     87     190     793
220     178     161     13458
221     18     130     11315
222     40     17     28149
223     115     74     2549
224     140     126     7337
225     191     131     3756
226     156     24     6418
227     144     120     12058
228     36     83     27425
229     138     73     2001
230     17     51     17798
231     40     55     3482
232     79     175     11425
233     93     30     28308
234     106     18     6419
235     13     186     12266
236     141     37     28253
237     30     105     5156
238     84     59     27441
239     151     31     6694
240     131     91     9207
241     98     176     3881
242     30     57     19035
243     109     166     2292
244     21     101     19738
245     91     188     780
246     90     153     25562
247     24     28     4283
248     133     165     4975
249     3     171     28745
250     167     175     1532
251     37     68     15537
252     117     65     7465
253     187     98     22620
254     177     118     3596
255     118     14     20454
256     154     127     7323
257     101     136     13043
258     38     10     28934
259     93     83     1760
260     153     61     255
261     52     10     6973
262     178     161     19791
263     60     136     7063
264     119     32     18461
265     64     38     687
266     82     188     19323
267     56     18     3018
268     131     44     5846
269     99     83     6367
270     32     181     15690
271     48     197     189
272     127     158     14724
273     25     83     17178
274     108     34     111
275     159     165     29150
276     112     47     1674
277     170     2     9385
278     27     153     16523
279     152     178     4695
280     174     12     3955
281     7     140     6946
282     64     75     13079
283     198     113     8630
284     182     189     16340
285     128     7     301
286     59     193     12424
287     161     14     22810
288     190     161     3053
289     83     100     22152
290     142     64     6342
291     144     109     10947
292     30     66     28294
293     89     116     1064
294     176     85     14144
295     60     17     8733
296     175     46     15799
297     15     86     3512
298     74     54     18625
299     157     162     2160
300     83     33     22868
