1     145     60     22822
2     155     36     7075
3     134     39     17064
4     76     11     6770
5     191     45     20506
6     36     177     6564
7     96     199     22524
8     168     77     3539
9     198     49     8292
10     20     19     17013
11     115     22     5736
12     54     199     14956
13     86     96     4269
14     3     185     22748
15     127     11     1466
16     143     105     13701
17     175     149     17877
18     167     182     1732
19     6     37     14565
20     33     140     20762
21     73     184     711
22     102     165     13216
23     99     74     26068
24     129     193     7116
25     54     154     21870
26     131     132     7508
27     99     121     23609
28     44     176     2084
29     20     43     27934
30     18     117     4816
31     82     93     4577
32     106     153     1054
33     180     68     23909
34     87     2     7743
35     113     182     23904
36     67     159     7416
37     163     143     27565
38     82     46     766
39     157     106     13469
40     153     43     3817
41     171     58     25445
42     122     141     2846
43     66     50     10388
44     89     123     3256
45     67     182     4513
46     169     186     27729
47     160     149     6191
48     89     110     25878
49     199     149     6285
50     111     143     29638
51     62     113     2697
52     159     69     11328
53     43     188     20955
54     52     183     7312
55     63     95     23298
56     158     75     3810
57     127     144     28044
58     166     86     2831
59     116     174     1142
60     7     80     17543
61     118     198     7256
62     155     135     15153
63     196     52     7708
64     84     24     26580
65     137     118     3599
66     40     56     14962
67     197     113     28021
68     147     64     3253
69     199     188     2484
70     10     108     21160
71     4     98     797
72     98     140     9699
73     31     160     5013
74     179     113     9695
75     195     4     6919
76     188     83     14586
77     133     146     1292
78     135     9     17306
79     112     196     248
80     27     54     20046
81     62     166     196
82     94     134     20937
83     197     108     1592
84     137     115     24106
85     74     102     210
86     193     64     21331
87     173     126     1708
88     107     161     28790
89     151     97     5615
90     49     196     15306
91     100     103     11022
92     189     112     789
93     119     198     28977
94     190     113     7496
95     152     170     23708
96     192     75     5041
97     138     69     7966
98     9     24     28442
99     29     46     5695
100     167     94     15968
101     125     98     963
102     75     184     8107
103     192     15     24020
104     187     34     5954
105     189     182     16620
106     24     112     2832
107     152     37     13289
108     127     74     4136
109     182     134     8770
110     57     77     16261
111     141     70     497
112     186     120     11487
113     22     57     4494
114     81     157     16703
115     8     27     4661
116     54     37     23601
117     76     177     6473
118     50     72     25931
119     109     33     2982
120     70     150     17832
121     53     165     6269
122     88     50     8495
123     31     22     10094
124     166     168     21498
125     5     117     5732
126     58     107     2902
127     8     55     23758
128     59     42     5426
129     43     50     5686
130     109     91     23217
131     133     58     6025
132     181     119     21774
133     191     71     4381
134     39     43     23546
135     17     31     4254
136     125     23     30362
137     78     172     585
138     12     161     663
139     113     198     12618
140     190     39     711
141     24     54     313
142     94     70     14305
143     48     116     10823
144     35     9     5316
145     148     183     4363
146     85     123     9212
147     131     136     3232
148     118     152     9131
149     45     61     24794
150     86     13     2455
151     10     181     16223
152     169     39     5639
153     165     149     26340
154     5     164     1159
155     140     181     28317
156     108     188     3447
157     83     100     9654
158     104     100     9610
159     82     147     14372
160     141     150     1538
161     89     197     1688
162     64     188     29958
163     179     149     66
164     68     143     21726
165     43     23     7016
166     85     50     14988
167     126     78     11314
168     26     82     15610
169     94     168     1140
170     141     182     13970
171     8     4     26650
172     100     15     1213
173     118     17     29489
174     21     173     6650
175     98     130     20802
176     50     84     2948
177     23     183     25721
178     153     179     2996
179     159     193     28237
180     50     127     1276
181     4     123     30560
182     177     53     1480
183     130     82     18889
184     188     153     353
185     115     140     9726
186     28     173     5461
187     85     148     28741
188     179     45     4087
189     109     105     12959
190     81     90     11138
191     129     141     30327
192     179     1     536
193     64     98     6720
194     98     11     1068
195     137     112     8650
196     1     175     24288
197     195     139     1896
198     6     24     23372
199     31     57     2407
200     122     103     30625
201     171     171     2892
202     19     144     24621
203     52     176     2885
204     138     88     28895
205     174     111     3908
206     21     109     9485
207     171     184     28336
208     139     149     6411
209     181     66     16795
210     186     32     1465
211     31     94     19966
212     148     167     6791
213     6     58     24067
214     64     64     2971
215     115     59     20988
216     135     135     2183
217     187     80     630
218     199     129     6263
219     110     79     20733
220     9     155     2647
221     76     38     5195
222     22     148     2579
223     181     49     3476
224     141     177     26750
225     108     194     3100
226     131     71     12722
227     48     111     14052
228     184     5     29213
229     184     142     6172
230     79     64     26294
231     12     187     2133
232     59     22     48
233     125     8     22291
234     136     31     5632
235     62     181     22731
236     160     5     6774
237     63     67     26402
238     183     41     6510
239     69     150     22489
240     17     54     7523
241     175     133     14497
242     21     135     25212
243     63     173     4442
244     163     17     18030
245     67     33     3957
246     196     88     17007
247     67     186     3726
248     184     6     29097
249     116     12     164
250     21     6     25353
251     107     105     3542
252     98     88     29911
253     195     176     764
254     114     85     7260
255     40     144     7004
256     183     105     23171
257     159     115     5839
258     22     71     17024
259     99     15     4835
260     137     139     14681
261     80     83     4131
262     125     73     13099
263     17     90     28701
264     33     10     4897
265     56     18     25052
266     194     198     5168
267     159     128     8183
268     190     27     26310
269     98     69     6371
270     15     86     19304
271     113     36     998
272     48     81     11045
273     50     104     11915
274     148     66     11747
275     194     135     26746
276     147     150     2873
277     182     107     19371
278     96     26     5513
279     100     125     8425
280     40     52     9009
281     119     193     7627
282     33     100     6835
283     168     81     8028
284     169     18     3637
285     48     137     13816
286     76     152     30221
287     12     43     727
288     97     58     611
289     93     42     8518
290     145     72     1571
291     99     97     16270
292     79     127     874
293     49     109     13834
294     40     156     17239
295     114     125     2006
296     72     111     7501
297     18     97     24796
298     114     58     1296
299     191     162     9067
300     121     195     3039
