30.046      1526    1494.6
30.024      1522    1494.6
30.028      1519    1494.6
30.023      1519    1494.6
30.018      1519    1494.6
30.022      1519    1494.6
30.005      1519    1494.6
30.026      1521    1494.6
30.05      1520    1494.6
30.008      1521    1494.6

30.043      1540    1522.6
30      1541    1522.6
30.028      1552    1522.6
30.014      1547    1522.6
30.044      1547    1522.6
30.007      1545    1522.6
30.019      1552    1522.6
30.01      1546    1522.6
30.003      1546    1522.6
30.003      1543    1522.6

30.022      1543    1505.4
30.04      1540    1505.4
30.049      1534    1505.4
30.022      1547    1505.4
30.009      1540    1505.4
30.023      1543    1505.4
30.05      1547    1505.4
30.06      1539    1505.4
30.049      1546    1505.4
30.023      1542    1505.4

30.034      1557    1524.4
30.05      1551    1524.4
30.034      1557    1524.4
30.023      1558    1524.4
30.015      1552    1524.4
30.035      1553    1524.4
30.003      1557    1524.4
30.01      1557    1524.4
30.039      1556    1524.4
30.014      1560    1524.4

30.044      1532    1490.4
30.046      1529    1490.4
30.051      1521    1490.4
30.04      1525    1490.4
30.033      1527    1490.4
30.012      1521    1490.4
30.047      1529    1490.4
30.028      1528    1490.4
30.046      1537    1490.4
30.014      1535    1490.4

30.002      1587    1550.8
30.002      1591    1550.8
30.017      1586    1550.8
30.034      1581    1550.8
30.051      1589    1550.8
30.053      1588    1550.8
30.004      1591    1550.8
30.06      1587    1550.8
30.031      1584    1550.8
30.023      1591    1550.8

30.048      1571    1518.4
30.054      1559    1518.4
30.037      1569    1518.4
30.05      1554    1518.4
30.043      1561    1518.4
30.026      1560    1518.4
30.071      1562    1518.4
30.002      1558    1518.4
30.043      1565    1518.4
30.057      1571    1518.4

30.048      1567    1523.8
30.065      1571    1523.8
30.012      1566    1523.8
30.043      1571    1523.8
30.06      1570    1523.8
30.074      1565    1523.8
30.05      1571    1523.8
30.034      1571    1523.8
30.028      1564    1523.8
30.052      1570    1523.8

30.039      1548    1524.4
30.001      1549    1524.4
30.036      1545    1524.4
30.034      1546    1524.4
30.042      1542    1524.4
30.033      1546    1524.4
30.05      1549    1524.4
30.018      1545    1524.4
30.027      1545    1524.4
30.027      1546    1524.4

30.037      1521    1491.4
30.017      1521    1491.4
30.022      1519    1491.4
30.035      1523    1491.4
30.027      1523    1491.4
30.002      1516    1491.4
30.01      1521    1491.4
30.005      1512    1491.4
30.03      1519    1491.4
30.003      1519    1491.4

