1     182     83     4672
2     184     28     244
3     160     17     6608
4     133     131     315
5     92     113     5647
6     57     102     645
7     60     108     3971
8     112     104     1534
9     18     174     3649
10     56     162     205
11     69     166     2649
12     91     4     5574
13     88     14     291
14     25     71     4586
15     173     103     702
16     35     198     3015
17     43     136     5441
18     136     144     1051
19     140     84     6382
20     151     16     1550
21     97     143     6835
22     86     68     33
23     70     117     3058
24     56     82     5727
25     3     121     771
26     136     174     6654
27     164     60     827
28     82     177     3965
29     7     70     1754
30     126     185     5699
31     67     32     1674
32     157     19     4597
33     139     44     886
34     181     31     1460
35     69     26     5087
36     125     121     1445
37     168     65     1271
38     140     27     3636
39     78     190     73
40     66     37     2300
41     147     41     1559
42     16     165     5432
43     18     136     1156
44     40     175     5382
45     39     46     524
46     72     18     5471
47     177     51     1737
48     145     192     948
49     51     178     421
50     196     98     2525
51     183     192     1943
52     87     168     1914
53     175     4     6643
54     50     145     1627
55     41     20     1853
56     54     148     2797
57     58     198     6660
58     135     38     1519
59     5     139     504
60     98     154     3286
61     46     5     3995
62     129     97     658
63     120     177     1965
64     82     171     1646
65     80     185     7099
66     82     158     471
67     54     162     6693
68     54     2     1242
69     69     113     4166
70     10     129     831
71     151     112     5372
72     52     147     237
73     188     30     4116
74     61     77     1104
75     34     42     1453
76     105     41     6879
77     49     38     157
78     199     185     6260
79     44     39     193
80     106     116     3357
81     152     199     4604
82     19     129     485
83     93     184     3044
84     59     29     5826
85     83     21     917
86     124     31     378
87     130     33     2551
88     74     3     2310
89     19     42     129
90     94     6     1456
91     70     142     3418
92     190     196     3859
93     30     111     412
94     108     56     1853
95     117     96     6114
96     140     137     521
97     40     5     418
98     9     175     2516
99     175     28     3986
100     178     175     1713
101     3     86     1073
102     157     125     1361
103     36     187     4066
104     97     94     445
105     92     80     1230
106     163     163     6408
107     179     36     1604
108     105     193     4814
109     199     66     482
110     58     168     2338
111     192     7     2246
112     86     178     4834
113     13     55     609
114     159     112     1396
115     76     107     615
116     115     102     939
117     125     92     2267
118     93     107     4118
119     184     26     1364
120     1     198     1866
121     17     22     5534
122     51     65     1240
123     108     19     407
124     149     186     274
125     8     98     1403
126     134     73     4295
127     105     2     955
128     42     160     6037
129     96     162     1246
130     148     77     6289
131     122     183     1138
132     141     188     3460
133     169     156     324
134     141     86     2138
135     45     150     2907
136     89     185     2682
137     31     36     3300
138     27     177     6917
139     79     82     1103
140     132     61     5820
141     52     17     1443
142     130     111     4288
143     153     166     1110
144     64     123     5507
145     29     41     1696
146     9     185     1225
147     28     141     5686
148     181     8     721
149     132     38     387
150     12     153     6192
151     156     39     558
152     188     128     1019
153     97     199     3377
154     133     80     2957
155     166     181     5813
156     58     54     1516
157     135     29     2448
158     86     28     4355
159     173     60     1365
160     62     166     6175
161     51     167     278
162     29     88     3695
163     3     161     1120
164     31     195     4969
165     172     138     336
166     10     66     6620
167     139     44     227
168     156     75     1533
169     128     52     5436
170     68     84     961
171     104     175     2150
172     75     83     696
173     54     138     3458
174     47     26     3938
175     172     24     1783
176     39     187     4787
177     62     9     1747
178     183     69     2220
179     186     197     4266
180     153     138     1664
181     3     78     1595
182     140     77     1216
183     114     61     6531
184     35     99     393
185     130     89     3301
186     58     22     3246
187     94     9     4105
188     106     184     1675
189     129     123     4702
190     129     43     636
191     135     114     4187
192     119     169     202
193     44     142     4052
194     179     193     1489
195     72     127     3945
196     153     3     161
197     38     100     1120
198     41     143     6355
199     101     124     1109
200     171     106     4323
201     7     5     1278
202     170     113     6432
203     161     53     372
204     115     110     4219
205     16     62     1309
206     63     91     5574
207     163     168     1730
208     120     132     796
209     91     82     3569
210     175     115     6543
211     77     28     674
212     66     46     4131
213     189     41     730
214     36     33     1642
215     133     46     4494
216     134     117     706
217     163     50     6243
218     145     110     792
219     147     1     5754
220     10     128     1113
221     58     195     5652
222     133     133     487
223     17     153     318
224     45     136     952
225     61     35     5110
226     15     93     164
227     99     65     5376
228     147     111     1536
229     42     184     6614
230     58     89     793
231     103     103     5927
232     27     87     616
233     168     89     693
234     143     166     5179
235     70     103     1785
236     145     104     1945
237     118     57     1322
238     66     103     6820
239     114     170     588
240     145     57     7027
241     82     123     634
242     47     139     6572
243     168     147     1399
244     106     185     6270
245     3     80     159
246     112     64     2807
247     49     38     6449
248     154     19     1766
249     180     5     1946
250     59     106     5261
251     179     64     537
252     17     43     2485
253     59     187     1437
254     162     151     1917
255     45     132     1635
256     63     119     1548
257     83     40     7139
258     108     114     1722
259     96     97     5772
260     26     195     316
261     199     29     2831
262     146     51     4443
263     29     100     1134
264     7     8     751
265     191     98     1319
266     184     50     2661
267     179     87     2343
268     81     50     5976
269     42     162     974
270     98     48     2074
271     49     123     333
272     186     24     6104
273     77     92     581
274     43     129     3338
275     82     112     6374
276     34     164     112
277     6     126     515
278     129     98     829
279     25     71     6902
280     54     129     929
281     41     44     531
282     50     49     6291
283     81     192     732
284     74     75     2032
285     81     54     5951
286     127     194     126
287     12     25     3501
288     16     20     2614
289     1     30     4255
290     127     172     708
291     88     4     319
292     65     3     1079
293     173     91     7100
294     129     145     1080
295     5     121     4118
296     108     130     1036
297     179     173     67
298     120     156     4465
299     27     192     1457
300     175     11     4189
