10.006     5520     5172.5
10.006     5520     5172.5
10.006     5520     5172.5
10.006     5520     5172.5
10.006     5520     5172.5
10.006     5520     5172.5
10.006     5520     5172.5
10.006     5520     5172.5
10.006     5520     5172.5
10.006     5520     5172.5
             
10.006     5135     4991
10.004     5138     4991
10.004     5138     4991
10.006     5135     4991
10.006     5138     4991
10.006     5138     4991
10.006     5135     4991
10.004     5138     4991
10.004     5138     4991
10.006     5138     4991
             
10.004     5364     5221
10.001     5409     5221
10.001     5409     5221
10.004     5364     5221
10.004     5409     5221
10.004     5409     5221
10.004     5364     5221
10.001     5409     5221
10.001     5409     5221
10.004     5409     5221
             
10.006     5017     4597
10.006     5017     4597
10.006     5017     4597
10.006     5017     4597
10.006     5017     4597
10.006     5017     4597
10.006     5017     4597
10.006     5017     4597
10.006     5017     4597
10.006     5017     4597
             
10.008     4998     4883.5
10.006     4998     4883.5
10.006     4998     4883.5
10.008     4998     4883.5
10.008     4998     4883.5
10.008     4998     4883.5
10.008     4998     4883.5
10.006     4998     4883.5
10.006     4998     4883.5
10.008     4998     4883.5
             
10.007     5477     5126.5
10.003     5422     5126.5
10.003     5422     5126.5
10.007     5477     5126.5
10.007     5477     5126.5
10.007     5477     5126.5
10.007     5477     5126.5
10.003     5422     5126.5
10.003     5422     5126.5
10.007     5477     5126.5
             
10.010     5455     5203.5
10.002     5455     5203.5
10.002     5455     5203.5
10.010     5455     5203.5
10.010     5455     5203.5
10.010     5455     5203.5
10.010     5455     5203.5
10.002     5455     5203.5
10.002     5455     5203.5
10.010     5455     5203.5
             
10.006     5234     5142
10.003     5282     5142
10.003     5282     5142
10.006     5234     5142
10.006     5282     5142
10.006     5282     5142
10.006     5234     5142
10.003     5282     5142
10.003     5282     5142
10.006     5282     5142
             
10.002     5383     5111
10.005     5388     5111
10.005     5388     5111
10.002     5383     5111
10.005     5388     5111
10.005     5388     5111
10.002     5383     5111
10.005     5388     5111
10.005     5388     5111
10.005     5388     5111
             
10.005     5083     4998
10.002     5069     4998
10.002     5069     4998
10.005     5083     4998
10.005     5083     4998
10.005     5083     4998
10.005     5083     4998
10.002     5069     4998
10.002     5069     4998
10.005     5083     4998
             
