1     14     2     775
2     11     2     670
3     45     45     950
4     74     13     79
5     84     10     777
6     32     24     739
7     52     5     381
8     36     26     97
9     11     44     1328
10     57     16     276
11     85     10     1697
12     95     11     153
13     19     21     728
14     26     11     1531
15     52     3     323
16     22     35     1103
17     88     31     454
18     95     15     715
19     51     6     108
20     59     9     393
21     60     40     1859
22     95     3     401
23     9     40     422
24     71     9     1464
25     50     28     358
26     17     7     466
27     26     8     55
28     66     3     1698
29     59     2     291
30     40     33     1208
31     95     36     110
32     72     22     1762
33     34     48     427
34     72     19     476
35     34     26     1451
36     86     43     119
37     84     40     1825
38     43     17     358
39     24     16     898
40     53     48     798
41     15     47     811
42     95     1     4
43     89     45     1158
44     64     12     413
45     80     36     1665
46     12     49     30
47     3     34     1180
48     22     4     299
49     32     45     375
50     6     36     1023
51     86     40     222
52     62     19     345
53     70     45     1543
54     76     39     183
55     86     43     1447
56     32     48     176
57     97     46     883
58     46     22     286
59     73     38     1278
60     48     12     93
61     42     20     680
62     92     37     1676
63     15     13     345
64     40     21     1063
65     44     26     350
66     3     19     1372
67     76     20     195
68     9     19     779
69     41     3     1052
70     16     31     271
71     69     26     604
72     87     36     672
73     59     45     1558
74     82     39     165
75     32     9     1683
76     36     36     378
77     37     7     716
78     1     30     647
79     42     46     125
80     25     39     1234
81     93     15     76
82     68     31     695
83     21     4     764
84     21     6     415
85     16     20     104
86     87     26     1179
87     89     14     18
88     3     3     1286
89     33     20     31
90     81     17     1591
91     63     12     164
92     54     21     1657
93     21     34     360
94     43     5     541
95     21     19     133
96     78     15     764
97     74     29     438
98     38     41     1662
99     62     18     14
100     54     10     1419
101     91     46     325
102     70     13     823
103     82     43     1223
104     86     13     223
105     21     17     1757
106     91     10     239
107     26     40     138
108     22     33     1628
109     80     20     446
110     57     25     604
111     42     21     473
112     57     4     564
113     31     2     446
114     70     43     1853
115     50     38     378
116     86     30     1283
117     7     24     456
118     81     30     997
119     23     8     23
120     72     19     1147
121     57     4     430
122     56     5     144
123     28     4     1827
124     88     20     386
125     8     36     1445
126     15     49     164
127     47     12     686
128     64     44     1300
129     72     40     139
130     51     37     1342
131     93     40     381
132     55     33     570
133     21     48     1691
134     21     37     159
135     12     6     665
136     45     27     1485
137     8     49     103
138     11     17     1831
139     58     30     366
140     88     38     877
141     76     28     940
142     73     13     143
143     47     25     225
144     20     16     1300
145     88     28     290
146     14     46     1594
147     77     22     254
148     1     20     1676
149     18     26     57
150     71     34     23
151     2     23     692
152     66     16     507
153     12     34     489
154     89     7     228
155     7     23     2
156     70     13     845
157     66     47     1244
158     2     12     205
159     90     25     134
160     28     31     327
161     81     28     301
162     12     31     1527
163     74     13     80
164     8     10     923
165     81     34     1660
166     4     28     452
167     58     36     1513
168     13     44     255
169     92     16     355
170     2     6     1101
171     38     43     165
172     15     18     1541
173     9     30     250
174     77     24     1571
175     8     28     345
176     70     3     1674
177     89     4     233
178     60     25     1364
179     87     6     393
180     20     46     782
181     4     36     1477
182     15     19     414
183     74     28     54
184     27     38     784
185     28     44     671
186     99     19     1028
187     85     30     295
188     30     44     1681
189     10     19     143
190     40     21     901
191     24     4     853
192     53     39     1062
193     93     41     379
194     74     29     856
195     45     46     1325
196     8     26     186
197     96     27     925
198     3     38     1043
199     80     24     321
200     12     30     947
201     96     44     137
202     78     21     1303
203     74     35     281
204     74     21     502
205     63     25     275
206     88     27     690
207     41     23     1859
208     33     14     86
209     42     25     1678
210     2     46     467
211     13     31     517
212     8     38     1239
213     29     32     173
214     18     40     1752
215     96     8     6
216     21     35     1592
217     33     4     171
218     45     2     1415
219     66     4     256
220     92     41     36
221     70     45     920
222     38     23     575
223     60     2     1416
224     30     1     95
225     59     32     1381
226     86     48     106
227     26     18     1462
228     90     37     296
229     94     16     880
230     80     45     1305
231     66     27     43
232     89     45     524
233     72     30     298
234     26     33     1278
235     18     26     126
236     49     8     1296
237     18     40     322
238     18     33     995
239     31     47     267
240     1     42     1761
241     68     3     211
242     42     33     105
243     19     42     962
244     80     22     40
245     88     7     1179
246     86     30     307
247     11     15     171
248     62     43     398
249     45     13     913
250     74     13     1118
251     97     18     346
252     86     10     1521
253     78     42     325
254     95     9     1240
255     65     5     10
256     14     48     765
257     29     14     209
258     73     7     863
259     34     38     1233
260     4     47     364
261     17     47     908
262     35     36     880
263     16     14     800
264     72     41     942
265     3     6     279
266     48     17     1047
267     71     6     17
268     18     11     173
269     52     34     1227
270     97     22     14
271     24     14     150
272     45     29     784
273     79     30     65
274     38     36     1827
275     72     21     383
276     92     9     1689
277     54     49     247
278     48     18     774
279     51     18     497
280     45     46     523
281     87     13     64
282     93     10     1362
283     73     29     123
284     18     37     1420
285     79     23     204
286     9     16     464
287     10     25     140
288     47     38     1865
289     93     24     372
290     25     40     932
291     44     6     312
292     38     23     1068
293     66     49     386
294     9     3     1473
295     15     36     350
296     5     3     251
297     58     23     1208
298     98     4     387
299     80     42     712
300     34     1     1157
