30.002     3936     3694.5
30.002     3936     3694.5
30.001     3934     3694.5
30.001     3934     3694.5
30.002     3936     3694.5
30.002     3936     3694.5
30.001     3934     3694.5
30.001     3934     3694.5
30.002     3936     3694.5
30.002     3936     3694.5
             
30.001     3978     3756.75
30.002     3977     3756.75
30.001     3970     3756.75
30.001     3970     3756.75
30.002     3977     3756.75
30.002     3977     3756.75
30.001     3970     3756.75
30.001     3970     3756.75
30.002     3977     3756.75
30.002     3978     3756.75
             
30.002     4020     3811.13
30.005     4026     3811.13
30.002     4028     3811.13
30.002     4028     3811.13
30.005     4026     3811.13
30.005     4026     3811.13
30.002     4028     3811.13
30.002     4028     3811.13
30.005     4026     3811.13
30.005     4026     3811.13
             
30.001     3790     3605.38
30.002     3790     3605.38
30.001     3784     3605.38
30.001     3784     3605.38
30.002     3790     3605.38
30.002     3790     3605.38
30.001     3784     3605.38
30.001     3784     3605.38
30.002     3790     3605.38
30.002     3790     3605.38
             
30.001     3957     3770
30.002     3952     3770
30.001     3954     3770
30.001     3954     3770
30.002     3952     3770
30.002     3952     3770
30.001     3954     3770
30.001     3954     3770
30.002     3952     3770
30.002     3957     3770
             
30.006     3748     3548.38
30.001     3754     3548.38
30.002     3750     3548.38
30.002     3750     3548.38
30.001     3754     3548.38
30.001     3754     3548.38
30.002     3750     3548.38
30.002     3750     3548.38
30.001     3754     3548.38
30.006     3754     3548.38
             
30.001     3859     3620.13
30.002     3854     3620.13
30.006     3861     3620.13
30.006     3861     3620.13
30.002     3854     3620.13
30.002     3854     3620.13
30.006     3861     3620.13
30.006     3861     3620.13
30.002     3854     3620.13
30.002     3859     3620.13
             
30.001     3858     3678.63
30.002     3869     3678.63
30.002     3869     3678.63
30.002     3869     3678.63
30.002     3869     3678.63
30.002     3869     3678.63
30.002     3869     3678.63
30.002     3869     3678.63
30.002     3869     3678.63
30.002     3869     3678.63
             
30.002     4073     3817.13
30.002     4068     3817.13
30.001     4091     3817.13
30.001     4091     3817.13
30.002     4068     3817.13
30.002     4068     3817.13
30.001     4091     3817.13
30.001     4091     3817.13
30.002     4068     3817.13
30.002     4073     3817.13
             
30.006     3859     3667.38
30.001     3866     3667.38
30.002     3883     3667.38
30.002     3883     3667.38
30.001     3866     3667.38
30.001     3866     3667.38
30.002     3883     3667.38
30.002     3883     3667.38
30.001     3866     3667.38
30.006     3866     3667.38
             
