1     170     28     343
2     42     151     91
3     198     48     133
4     195     177     570
5     125     81     48
6     114     106     341
7     156     13     6
8     156     172     550
9     14     48     75
10     119     43     352
11     32     31     155
12     51     117     577
13     96     4     126
14     79     2     366
15     150     86     54
16     199     117     403
17     26     33     33
18     195     157     504
19     72     47     33
20     152     20     111
21     95     7     90
22     12     28     20
23     96     136     35
24     38     76     549
25     129     189     121
26     110     22     229
27     160     22     280
28     62     51     274
29     94     165     121
30     56     145     612
31     128     106     15
32     187     108     216
33     16     54     544
34     27     173     84
35     140     55     150
36     45     35     518
37     143     187     146
38     88     96     121
39     99     78     46
40     167     25     540
41     161     144     0
42     146     51     522
43     50     181     43
44     88     125     218
45     45     91     437
46     29     84     3
47     104     103     234
48     85     69     391
49     20     63     6
50     112     23     515
51     169     198     153
52     134     18     465
53     152     43     75
54     80     167     169
55     168     94     238
56     33     111     148
57     156     54     7
58     65     7     540
59     117     195     48
60     166     53     361
61     72     17     156
62     89     80     337
63     82     32     101
64     21     15     15
65     98     114     326
66     52     13     149
67     68     162     418
68     141     84     99
69     192     68     450
70     71     111     66
71     145     115     148
72     180     40     439
73     58     155     100
74     4     149     86
75     150     72     14
76     149     156     333
77     48     11     65
78     169     115     516
79     9     147     96
80     10     102     300
81     163     189     270
82     79     30     547
83     69     71     3
84     195     38     590
85     179     18     139
86     118     114     65
87     15     17     181
88     90     66     107
89     132     90     345
90     135     94     148
91     149     118     73
92     50     175     311
93     136     129     350
94     193     47     81
95     59     4     440
96     52     107     35
97     38     82     444
98     53     61     33
99     133     160     536
100     40     167     25
