1     76     131     487
2     143     54     66
3     198     137     454
4     96     20     63
5     173     68     615
6     39     99     6
7     129     142     74
8     150     60     592
9     144     196     70
10     43     122     221
11     138     77     357
12     27     199     28
13     179     156     496
14     73     67     133
15     25     194     221
16     35     71     381
17     167     117     106
18     132     82     86
19     32     3     367
20     123     6     77
21     158     110     256
22     133     160     555
23     36     50     49
24     22     22     563
25     144     66     101
26     137     62     324
27     176     134     70
28     129     193     588
29     44     15     22
30     9     107     575
31     120     85     127
32     119     79     190
33     104     36     33
34     34     148     124
35     118     30     517
36     19     166     145
37     27     185     539
38     123     6     30
39     183     11     457
40     153     27     57
41     87     21     343
42     147     191     140
43     30     11     54
44     144     15     251
45     24     107     619
46     193     199     6
47     31     5     485
48     95     129     32
49     117     53     525
50     82     160     99
51     68     151     98
52     161     34     576
53     183     99     47
54     71     47     247
55     74     131     373
56     181     79     10
57     134     59     197
58     164     172     302
59     4     90     128
60     13     169     384
61     142     142     86
62     83     158     324
63     41     158     59
64     76     75     91
65     189     130     134
66     144     29     398
67     98     39     91
68     94     151     506
69     10     138     41
70     122     179     18
71     20     39     378
72     84     146     108
73     52     16     66
74     131     101     381
75     194     99     57
76     29     73     318
77     131     52     53
78     70     181     569
79     186     184     93
80     3     91     61
81     61     195     103
82     74     31     84
83     197     195     2
84     11     54     579
85     70     165     139
86     59     98     274
87     5     63     549
88     170     15     84
89     89     64     177
90     134     94     480
91     179     126     8
92     167     72     320
93     180     39     76
94     15     31     425
95     77     101     141
96     56     108     298
97     16     18     10
98     107     92     353
99     31     175     135
100     180     64     287
