10.016     2411     2244
10.016     2355     2244
10.016     2355     2244
10.016     2411     2244
10.016     2411     2244
10.016     2411     2244
10.016     2411     2244
10.016     2355     2244
10.016     2355     2244
10.016     2411     2244
             
10.001     2390     2188.63
10.031     2325     2188.63
10.031     2325     2188.63
10.001     2390     2188.63
10.031     2390     2188.63
10.031     2390     2188.63
10.001     2390     2188.63
10.031     2325     2188.63
10.031     2325     2188.63
10.031     2390     2188.63
             
10.016     2405     2266.5
10.016     2405     2266.5
10.016     2405     2266.5
10.016     2405     2266.5
10.016     2405     2266.5
10.016     2405     2266.5
10.016     2405     2266.5
10.016     2405     2266.5
10.016     2405     2266.5
10.016     2405     2266.5
             
10.016     2384     2238.88
10.016     2361     2238.88
10.016     2361     2238.88
10.016     2384     2238.88
10.016     2384     2238.88
10.016     2384     2238.88
10.016     2384     2238.88
10.016     2361     2238.88
10.016     2361     2238.88
10.016     2384     2238.88
             
10.016     2485     2359.5
10.016     2481     2359.5
10.016     2481     2359.5
10.016     2485     2359.5
10.016     2485     2359.5
10.016     2485     2359.5
10.016     2485     2359.5
10.016     2481     2359.5
10.016     2481     2359.5
10.016     2485     2359.5
             
10.016     2378     2258.13
10.016     2386     2258.13
10.016     2386     2258.13
10.016     2378     2258.13
10.016     2386     2258.13
10.016     2386     2258.13
10.016     2378     2258.13
10.016     2386     2258.13
10.016     2386     2258.13
10.016     2386     2258.13
             
10.016     2266     2170.38
10.016     2258     2170.38
10.016     2258     2170.38
10.016     2266     2170.38
10.016     2266     2170.38
10.016     2266     2170.38
10.016     2266     2170.38
10.016     2258     2170.38
10.016     2258     2170.38
10.016     2266     2170.38
             
10.015     2554     2409.63
10.001     2585     2409.63
10.001     2585     2409.63
10.015     2554     2409.63
10.015     2585     2409.63
10.015     2585     2409.63
10.015     2554     2409.63
10.001     2585     2409.63
10.001     2585     2409.63
10.015     2585     2409.63
             
10.016     2448     2245.13
10.016     2421     2245.13
10.016     2421     2245.13
10.016     2428     2245.13
10.016     2428     2245.13
10.016     2428     2245.13
10.016     2428     2245.13
10.016     2421     2245.13
10.016     2421     2245.13
10.016     2448     2245.13
             
10.016     2386     2268.38
10.016     2384     2268.38
10.016     2384     2268.38
10.016     2386     2268.38
10.016     2386     2268.38
10.016     2386     2268.38
10.016     2386     2268.38
10.016     2384     2268.38
10.016     2384     2268.38
10.016     2386     2268.38
             
