10.502     2050     1956.4
10.023     2029     1956.4
10.023     2029     1956.4
10.502     2050     1956.4
10.502     2050     1956.4
10.502     2050     1956.4
10.502     2050     1956.4
10.023     2029     1956.4
10.023     2029     1956.4
10.502     2050     1956.4
             
10.174     1831     1749.8
10.386     1821     1749.8
10.386     1821     1749.8
10.174     1831     1749.8
10.386     1831     1749.8
10.386     1831     1749.8
10.174     1831     1749.8
10.386     1821     1749.8
10.386     1821     1749.8
10.386     1831     1749.8
             
10.174     2100     1979.4
10.102     2105     1979.4
10.102     2105     1979.4
10.174     2100     1979.4
10.174     2105     1979.4
10.174     2105     1979.4
10.174     2100     1979.4
10.102     2105     1979.4
10.102     2105     1979.4
10.174     2105     1979.4
             
10.230     1934     1852.2
10.324     1936     1852.2
10.324     1936     1852.2
10.230     1934     1852.2
10.324     1936     1852.2
10.324     1936     1852.2
10.230     1934     1852.2
10.324     1936     1852.2
10.324     1936     1852.2
10.324     1936     1852.2
             
10.331     1958     1905.6
10.037     1957     1905.6
10.037     1957     1905.6
10.331     1958     1905.6
10.331     1958     1905.6
10.331     1958     1905.6
10.331     1958     1905.6
10.037     1957     1905.6
10.037     1957     1905.6
10.331     1958     1905.6
             
10.081     1918     1847.6
10.390     1912     1847.6
10.390     1912     1847.6
10.081     1918     1847.6
10.390     1918     1847.6
10.390     1918     1847.6
10.081     1918     1847.6
10.390     1912     1847.6
10.390     1912     1847.6
10.390     1918     1847.6
             
10.143     1914     1845.2
10.321     1923     1845.2
10.321     1923     1845.2
10.143     1914     1845.2
10.321     1923     1845.2
10.321     1923     1845.2
10.143     1914     1845.2
10.321     1923     1845.2
10.321     1923     1845.2
10.321     1923     1845.2
             
10.344     1869     1771
10.245     1883     1771
10.245     1883     1771
10.344     1869     1771
10.344     1883     1771
10.344     1883     1771
10.344     1869     1771
10.245     1883     1771
10.245     1883     1771
10.344     1883     1771
             
10.303     1828     1734.4
10.098     1815     1734.4
10.098     1815     1734.4
10.303     1828     1734.4
10.303     1828     1734.4
10.303     1828     1734.4
10.303     1828     1734.4
10.098     1815     1734.4
10.098     1815     1734.4
10.303     1828     1734.4
             
10.270     2013     1942
10.015     2001     1942
10.015     2001     1942
10.270     2013     1942
10.270     2013     1942
10.270     2013     1942
10.270     2013     1942
10.015     2001     1942
10.015     2001     1942
10.270     2013     1942
             
