10.025     2032     1956.4
10.018     2033     1956.4
10.018     2033     1956.4
10.025     2032     1956.4
10.025     2033     1956.4
10.025     2033     1956.4
10.025     2032     1956.4
10.018     2033     1956.4
10.018     2033     1956.4
10.018     2032     1956.4
             
10.034     1806     1749.8
10.012     1805     1749.8
10.012     1805     1749.8
10.034     1808     1749.8
10.034     1805     1749.8
10.034     1805     1749.8
10.034     1808     1749.8
10.012     1805     1749.8
10.012     1805     1749.8
10.012     1805     1749.8
             
10.003     2062     1979.4
10.026     2059     1979.4
10.026     2059     1979.4
10.003     2062     1979.4
10.026     2062     1979.4
10.026     2062     1979.4
10.003     2062     1979.4
10.026     2059     1979.4
10.026     2059     1979.4
10.003     2059     1979.4
             
10.006     1910     1852.2
10.018     1907     1852.2
10.018     1911     1852.2
10.006     1910     1852.2
10.018     1907     1852.2
10.018     1907     1852.2
10.006     1910     1852.2
10.018     1911     1852.2
10.018     1907     1852.2
10.006     1907     1852.2
             
10.019     1938     1905.6
10.025     1955     1905.6
10.025     1938     1905.6
10.019     1938     1905.6
10.025     1942     1905.6
10.025     1942     1905.6
10.019     1938     1905.6
10.025     1938     1905.6
10.025     1955     1905.6
10.019     1938     1905.6
             
10.006     1900     1847.6
10.005     1900     1847.6
10.005     1900     1847.6
10.006     1900     1847.6
10.006     1900     1847.6
10.006     1900     1847.6
10.006     1900     1847.6
10.005     1900     1847.6
10.005     1900     1847.6
10.005     1900     1847.6
             
10.028     1908     1845.2
10.008     1908     1845.2
10.008     1907     1845.2
10.028     1908     1845.2
10.028     1911     1845.2
10.028     1911     1845.2
10.028     1908     1845.2
10.008     1907     1845.2
10.008     1908     1845.2
10.008     1908     1845.2
             
10.025     1883     1771
10.014     1880     1771
10.014     1880     1771
10.025     1883     1771
10.025     1880     1771
10.025     1880     1771
10.025     1883     1771
10.014     1880     1771
10.014     1880     1771
10.014     1880     1771
             
10.027     1792     1734.4
10.002     1807     1734.4
10.002     1788     1734.4
10.027     1792     1734.4
10.027     1788     1734.4
10.027     1788     1734.4
10.027     1792     1734.4
10.002     1788     1734.4
10.002     1807     1734.4
10.002     1792     1734.4
             
10.010     1986     1942
10.025     1987     1942
10.025     1987     1942
10.010     1986     1942
10.025     1987     1942
10.025     1987     1942
10.010     1986     1942
10.025     1987     1942
10.025     1987     1942
10.010     1986     1942
             
