1     39     51     585
2     8     159     1052
3     39     64     357
4     37     41     935
5     17     160     114
6     44     53     191
7     30     132     916
8     1     160     134
9     48     133     1157
10     5     65     60
11     17     191     816
12     7     62     358
13     49     153     242
14     32     37     837
15     3     127     145
16     31     160     951
17     41     99     244
18     48     191     1105
19     30     145     363
20     42     147     362
21     5     11     1082
22     1     64     28
23     45     32     967
24     28     68     88
25     40     144     777
26     4     100     131
27     5     103     1433
28     46     107     92
29     4     52     86
30     20     49     1301
31     39     27     52
32     16     135     220
33     6     146     449
34     20     196     1003
35     18     181     54
36     36     154     642
37     37     23     1060
38     1     145     248
39     34     9     1328
40     3     65     227
41     22     48     744
42     20     79     987
43     25     109     217
44     15     111     101
45     20     4     62
46     14     15     480
47     18     153     380
48     36     166     641
49     39     33     444
50     10     32     1088
51     21     149     256
52     32     118     887
53     28     126     142
54     29     13     290
55     45     34     78
56     19     84     381
57     19     184     996
58     38     72     160
59     20     143     119
60     27     12     1219
61     28     176     111
62     4     196     1483
63     7     123     57
64     7     163     119
65     47     189     476
66     26     170     172
67     40     43     663
68     30     12     660
69     3     51     1362
70     9     194     242
71     21     186     1235
72     28     121     161
73     22     139     320
74     43     51     978
75     23     160     341
76     22     187     733
77     6     166     1373
78     41     194     189
79     48     97     287
80     35     97     305
81     36     6     1463
82     20     141     366
83     6     127     1114
84     9     42     157
85     38     187     1227
86     8     46     43
87     38     169     141
88     45     124     1191
89     41     197     363
90     16     198     271
91     27     7     290
92     9     33     1343
93     31     2     355
94     15     70     594
95     41     181     343
96     45     136     1165
97     47     25     134
98     8     60     675
99     28     144     390
100     35     119     788
101     25     188     176
102     11     37     552
103     35     9     408
104     29     192     553
105     9     138     808
106     3     194     101
107     16     29     283
108     45     172     343
109     27     17     1087
110     26     70     305
111     38     15     562
112     28     64     1203
113     36     109     319
114     6     90     877
115     33     1     365
116     27     134     533
117     39     110     1357
118     2     44     100
119     1     121     1420
120     6     67     346
121     30     42     778
122     12     141     257
123     16     38     1075
124     25     78     189
125     17     16     1164
126     2     131     250
127     47     64     1487
128     17     32     246
129     31     26     678
130     46     127     1437
131     43     94     69
132     42     132     876
133     33     17     11
134     40     27     1056
135     17     66     143
136     33     71     1511
137     16     83     64
138     44     100     713
139     12     140     1292
140     23     86     25
141     11     21     389
142     42     77     105
143     26     53     385
144     9     159     1374
145     13     118     130
146     13     1     69
147     37     168     1181
148     32     151     316
149     1     141     1151
150     35     109     19
151     6     143     716
152     14     137     839
153     20     155     46
154     40     130     488
155     29     16     129
156     40     48     1013
157     32     2     186
158     18     166     747
159     14     111     329
160     1     98     746
161     28     65     1478
162     19     186     234
163     35     48     832
164     11     147     51
165     32     165     595
166     29     127     525
167     34     52     1512
168     1     44     40
169     38     195     1362
170     15     3     99
171     4     99     244
172     43     4     127
173     46     145     8
174     13     32     310
175     44     127     723
176     2     89     737
177     17     134     1054
178     37     70     285
179     14     63     898
180     1     142     215
181     4     93     1047
182     13     160     229
183     26     19     497
184     11     76     1064
185     30     182     137
186     26     22     925
187     25     91     377
188     18     91     1445
189     11     81     14
190     49     149     412
191     26     188     214
192     35     156     751
193     18     121     747
194     32     128     732
195     47     28     347
196     48     2     1143
197     41     189     322
198     48     123     592
199     29     172     863
200     6     193     342
201     17     140     384
202     29     125     946
203     1     155     140
204     38     172     59
205     37     110     359
206     24     84     440
207     15     37     148
208     36     198     1236
209     35     111     211
210     37     10     1134
211     35     14     375
212     28     2     1314
213     38     67     263
214     11     165     236
215     1     170     901
216     15     90     100
217     32     162     1087
218     43     33     246
219     47     124     486
220     25     37     770
221     6     189     23
222     30     6     870
223     10     129     271
224     37     99     133
225     1     100     924
226     18     169     305
227     5     149     286
228     38     30     1038
229     16     141     350
230     35     191     1042
231     34     123     119
232     16     139     906
233     42     151     185
234     33     49     1039
235     11     99     205
236     35     32     1391
237     10     4     283
238     44     187     386
239     4     26     535
240     13     194     1108
241     24     140     6
242     47     153     640
243     15     161     701
244     6     150     1496
245     28     12     138
246     30     52     809
247     26     127     379
248     19     33     525
249     35     20     407
250     17     190     1082
251     45     164     120
252     28     72     270
253     28     47     1363
254     26     113     334
255     32     174     698
256     28     169     536
257     43     180     68
258     19     150     1316
259     28     115     270
260     3     48     1002
261     23     127     153
262     48     49     1476
263     13     175     297
264     37     9     202
265     40     65     1325
266     37     182     268
267     35     17     127
268     38     181     894
269     43     136     365
270     7     53     1381
271     49     63     292
272     36     124     287
273     12     69     787
274     39     3     134
275     14     113     1394
276     7     182     93
277     49     44     1262
278     40     198     277
279     42     32     764
280     3     144     351
281     8     65     27
282     44     86     253
283     15     199     179
284     32     76     1228
285     36     55     36
286     36     89     209
287     2     92     1473
288     34     179     259
289     25     176     533
290     33     191     1280
291     30     174     112
292     24     196     875
293     27     198     237
294     21     129     1175
295     34     1     118
296     23     82     1097
297     41     57     3
298     13     99     323
299     7     123     428
300     25     52     755
