1     48     63     6270
2     3     102     884
3     10     135     1827
4     15     91     4354
5     20     149     629
6     48     28     2781
7     9     176     3648
8     31     115     531
9     13     135     4736
10     35     172     1275
11     28     35     5386
12     19     57     910
13     4     13     2428
14     48     88     5063
15     2     85     1410
16     8     53     874
17     43     113     2749
18     47     109     1883
19     35     72     4220
20     6     85     184
21     21     116     4659
22     39     169     700
23     13     18     6146
24     29     101     103
25     48     109     2707
26     21     114     730
27     18     115     728
28     13     135     2386
29     42     145     5466
30     21     120     1144
31     39     44     5803
32     49     140     1227
33     18     69     5140
34     13     53     599
35     18     62     4049
36     30     21     1351
37     40     48     1381
38     44     32     6145
39     42     156     417
40     6     169     5006
41     25     113     1306
42     35     129     1062
43     25     153     5789
44     26     146     1225
45     46     98     4489
46     24     149     635
47     27     181     1583
48     7     116     2389
49     32     197     376
50     11     84     1192
51     24     83     307
52     38     46     512
53     38     177     5767
54     14     33     793
55     40     6     5536
56     31     73     1355
57     13     33     1802
58     17     49     4996
59     39     85     648
60     25     50     3420
61     45     92     1223
62     32     61     4578
63     11     112     894
64     18     102     3950
65     25     144     76
66     46     170     2530
67     11     179     4471
68     31     33     726
69     11     168     573
70     33     9     86
71     18     53     131
72     25     119     1375
73     15     193     2790
74     15     23     6074
75     11     131     105
76     8     84     1396
77     4     29     2005
78     19     178     3162
79     48     11     211
80     1     14     5509
81     5     4     1014
82     37     81     5554
83     39     94     376
84     49     107     5575
85     12     5     1503
86     33     154     2516
87     20     21     3628
88     30     87     1304
89     28     149     3844
90     47     181     1353
91     25     32     4471
92     44     27     1088
93     32     153     5143
94     34     102     1284
95     40     181     233
96     25     45     6263
97     6     8     1203
98     22     125     4458
99     16     124     337
100     39     3     726
101     13     106     4163
102     21     166     1489
103     18     184     3155
104     26     38     1193
105     29     183     4599
106     22     46     248
107     5     34     5219
108     19     50     96
109     6     7     4407
110     39     48     1009
111     6     76     4359
112     38     164     688
113     29     79     4031
114     37     149     1223
115     37     185     5849
116     31     107     136
117     31     147     6276
118     38     79     108
119     32     44     3376
120     6     81     344
121     36     76     411
122     49     161     4627
123     47     20     861
124     37     117     1472
125     2     66     4863
126     29     22     1394
127     25     149     2781
128     25     85     1673
129     38     24     1102
130     5     196     4978
131     32     10     344
132     14     105     2420
133     32     41     5657
134     32     77     141
135     46     31     1996
136     48     106     2825
137     3     27     2767
138     19     3     2182
139     17     55     4704
140     28     137     303
141     7     58     5043
142     6     143     811
143     9     21     685
144     37     176     561
145     44     15     4877
146     36     107     1383
147     3     42     5164
148     36     99     541
149     28     197     5348
150     24     4     1168
151     11     164     2861
152     43     74     3146
153     31     80     231
154     21     101     4076
155     36     7     267
156     14     46     282
157     24     199     6091
158     22     145     266
159     2     12     179
160     16     186     2843
161     27     50     4437
162     41     165     998
163     9     43     2888
164     3     78     6030
165     41     157     1337
166     9     108     5635
167     21     190     579
168     26     80     5992
169     31     54     1241
170     8     20     829
171     33     48     377
172     6     194     2359
173     8     14     2018
174     37     174     6046
175     23     85     608
176     31     192     569
177     7     74     2193
178     11     93     3220
179     36     2     1509
180     33     30     4990
181     28     126     730
182     33     168     5523
183     39     120     75
184     37     20     882
185     32     9     5859
186     37     93     1361
187     14     191     1837
188     46     32     5972
189     13     156     342
190     28     171     6184
191     34     42     1139
192     22     106     1157
193     48     72     1441
194     12     68     5787
195     37     108     703
196     31     59     4394
197     13     25     1274
198     11     58     5093
199     14     77     1498
200     48     130     5128
201     15     90     53
202     20     33     3860
203     3     141     1066
204     40     65     86
205     6     39     668
206     40     35     5998
207     20     189     48
208     41     172     5114
209     3     163     850
210     49     105     2280
211     5     92     956
212     4     136     3855
213     36     61     7
214     48     135     2501
215     25     48     4131
216     18     30     383
217     11     192     4910
218     14     97     53
219     8     180     2577
220     31     16     4063
221     47     64     288
222     35     143     2549
223     9     72     3250
224     35     56     1370
225     27     142     2085
226     34     127     3908
227     21     81     1375
228     10     124     3241
229     39     150     865
230     32     134     2205
231     43     100     4578
232     37     42     1544
233     46     75     509
234     16     34     4435
235     13     104     289
236     34     61     3624
237     31     59     163
238     41     65     4313
239     5     121     1089
240     29     180     384
241     29     155     4315
242     7     17     720
243     10     17     1257
244     6     172     653
245     28     28     1467
246     38     45     4637
247     28     161     1025
248     18     81     1255
249     25     84     3974
250     19     198     125
251     5     166     1604
252     42     29     1646
253     29     188     3415
254     41     29     792
255     33     53     3329
256     43     60     683
257     37     74     2679
258     11     153     3439
259     6     126     1508
260     38     7     3211
261     11     22     1215
262     7     184     2378
263     13     24     5443
264     40     104     789
265     46     54     1656
266     8     70     1335
267     1     123     3047
268     33     118     3886
269     47     174     1328
270     37     73     3554
271     7     123     174
272     5     84     3307
273     13     160     468
274     38     8     5247
275     41     104     1006
276     22     157     2266
277     43     56     5473
278     35     26     171
279     18     57     5762
280     24     16     96
281     4     1     5348
282     9     152     1539
283     23     36     4219
284     48     98     227
285     19     115     726
286     26     134     2249
287     40     186     5892
288     44     170     895
289     34     20     5845
290     26     104     1446
291     43     40     2564
292     49     96     548
293     7     14     5603
294     17     125     1426
295     9     172     268
296     4     189     2254
297     1     153     974
298     23     107     5102
299     6     91     1105
300     16     110     1955
301     40     88     2983
302     45     74     127
303     2     69     5675
304     36     22     636
305     42     81     1735
306     25     149     3468
307     19     120     1479
308     7     53     3233
309     10     178     1118
310     6     134     2004
311     29     90     4587
312     2     47     457
313     21     54     5217
314     34     139     1434
315     22     103     2505
316     20     29     473
317     11     166     6003
318     34     126     166
319     14     130     478
320     28     166     3625
321     36     89     383
322     30     49     2613
323     5     23     2799
324     28     133     1231
325     3     94     3367
326     37     97     1366
327     22     45     1865
328     42     199     4178
329     4     179     710
330     31     56     3548
331     39     171     1215
332     19     7     5097
333     16     67     964
334     44     127     5454
335     23     144     769
336     28     108     1833
337     45     105     3440
338     42     159     93
339     19     79     908
340     34     138     4927
341     9     120     694
342     26     173     1381
343     23     125     2148
344     47     142     1564
345     5     39     3110
346     39     22     5907
347     33     132     386
348     44     171     1421
349     41     5     2750
350     9     146     1092
351     8     20     1042
352     49     76     433
353     23     104     5879
354     14     165     478
355     11     53     5548
356     36     1     917
357     44     49     1011
358     38     40     4843
359     29     99     740
360     29     4     3508
361     23     69     1159
362     16     163     1839
363     39     188     989
364     23     27     78
365     9     199     4317
366     38     108     463
367     5     76     5431
368     20     131     1066
369     36     58     1507
370     17     104     5736
371     40     151     1282
372     36     137     2100
373     19     141     4112
374     5     19     1521
375     29     168     3039
376     8     144     1607
377     20     198     1966
378     30     120     5472
379     47     143     819
380     21     79     889
381     2     22     4578
382     18     91     799
383     24     108     3451
384     48     21     1334
385     42     145     3245
386     26     54     186
387     24     75     5183
388     47     184     541
389     21     40     413
390     15     168     1985
391     19     44     5133
392     38     45     1404
393     9     41     530
394     1     164     1007
395     43     128     1998
396     30     123     288
397     40     197     5346
398     1     62     1432
399     39     130     4148
400     15     12     1164
401     41     174     5699
402     25     94     2
403     35     138     3224
404     5     155     248
405     22     18     3635
406     41     127     80
407     32     54     2905
408     15     88     5835
409     1     185     213
410     27     195     1713
411     30     177     178
412     16     10     3959
413     21     183     656
414     26     181     3754
415     18     4     920
416     48     170     3214
417     37     19     1103
418     17     193     4977
419     36     164     596
420     28     57     1307
421     22     192     6202
422     4     4     3
423     49     134     2442
424     12     11     5572
425     36     172     99
426     45     92     2218
427     39     8     1627
428     19     149     991
429     20     109     5044
430     46     198     1205
431     17     48     4577
432     8     68     23
433     4     124     4201
434     26     70     793
435     33     152     3621
436     23     129     950
437     16     43     4839
438     16     93     30
439     9     99     1883
440     22     92     5916
441     19     105     1527
442     38     190     136
443     36     170     5030
444     20     68     1322
445     48     87     1912
446     20     122     6084
447     10     91     617
448     6     101     1407
449     46     130     3185
450     10     60     1203
451     6     74     3460
452     20     192     276
453     1     133     5477
454     3     108     479
455     19     53     3312
456     42     146     1271
457     43     68     3785
458     49     75     939
459     41     74     5710
460     44     135     1178
461     32     94     4133
462     13     133     1380
463     13     185     3447
464     46     166     1103
465     48     106     5356
466     32     128     1298
467     7     85     1590
468     32     44     2642
469     21     84     3540
470     34     51     168
471     24     193     333
472     16     54     4088
473     2     22     245
474     22     20     4155
475     39     187     299
476     39     17     3058
477     5     153     5774
478     8     33     236
479     15     46     2435
480     34     168     1518
481     40     25     1464
482     27     152     5543
483     43     130     1146
484     28     27     1604
485     44     184     6241
486     32     162     1490
487     31     48     6064
488     33     66     153
489     20     115     1633
490     20     151     1836
491     6     14     4177
492     12     111     1053
493     3     162     1315
494     8     126     3595
495     39     102     505
496     38     125     2881
497     3     181     5384
498     22     103     85
499     21     69     2836
500     18     194     6188
