50.006     12742     12421
50.021     12717     12421
50.021     12717     12421
50.006     12742     12421
50.021     12742     12421
50.021     12742     12421
50.006     12742     12421
50.021     12717     12421
50.021     12717     12421
50.021     12742     12421
             
50.021     12884     12559
50.022     12933     12559
50.022     12933     12559
50.021     12884     12559
50.022     12933     12559
50.022     12933     12559
50.021     12884     12559
50.022     12933     12559
50.022     12933     12559
50.022     12933     12559
             
50.005     12788     12370
50.006     12768     12370
50.006     12768     12370
50.005     12788     12370
50.006     12788     12370
50.006     12788     12370
50.005     12788     12370
50.006     12768     12370
50.006     12768     12370
50.006     12788     12370
             
50.008     12482     12260.5
50.035     12482     12260.5
50.035     12482     12260.5
50.008     12482     12260.5
50.035     12482     12260.5
50.035     12482     12260.5
50.008     12482     12260.5
50.035     12482     12260.5
50.035     12482     12260.5
50.035     12482     12260.5
             
50.020     12617     12291.5
50.005     12617     12291.5
50.005     12617     12291.5
50.020     12617     12291.5
50.020     12617     12291.5
50.020     12617     12291.5
50.020     12617     12291.5
50.005     12617     12291.5
50.005     12617     12291.5
50.020     12617     12291.5
             
50.022     12523     12273.5
50.008     12548     12273.5
50.008     12548     12273.5
50.022     12523     12273.5
50.022     12548     12273.5
50.022     12548     12273.5
50.022     12523     12273.5
50.008     12548     12273.5
50.008     12548     12273.5
50.022     12548     12273.5
             
50.004     13020     12561
50.006     12995     12561
50.006     12995     12561
50.004     13020     12561
50.006     13020     12561
50.006     13020     12561
50.004     13020     12561
50.006     12995     12561
50.006     12995     12561
50.006     13020     12561
             
50.006     12843     12488
50.019     12867     12488
50.019     12867     12488
50.006     12843     12488
50.019     12867     12488
50.019     12867     12488
50.006     12843     12488
50.019     12867     12488
50.019     12867     12488
50.019     12867     12488
             
50.007     12591     12320
50.004     12566     12320
50.004     12566     12320
50.007     12591     12320
50.007     12591     12320
50.007     12591     12320
50.007     12591     12320
50.004     12566     12320
50.004     12566     12320
50.007     12591     12320
             
50.003     12731     12363
50.023     12731     12363
50.023     12731     12363
50.003     12731     12363
50.023     12731     12363
50.023     12731     12363
50.003     12731     12363
50.023     12731     12363
50.023     12731     12363
50.023     12731     12363
             
