30.023      2665      2619
30.095      2657      2619
30.017      2665      2619
30.064      2657      2619
30.033      2657      2619
30.017      2650      2619
30.025      2657      2619
30.033      2657      2619
30.064      2657      2619
30.002      2665      2619

30.064      2653    2573.5
30.065      2653    2573.5
30.037      2653    2573.5
30.033      2653    2573.5
30.032      2653    2573.5
30.018      2653    2573.5
30.017      2653    2573.5
30.017      2653    2573.5
30.071      2653    2573.5
30.017      2641    2573.5

30.033      2628    2578.5
30.002      2624    2578.5
30.002      2624    2578.5
30.048      2628    2578.5
30.053      2640    2578.5
30.001      2628    2578.5
30.049      2628    2578.5
30.033      2635    2578.5
30.001      2628    2578.5
30.049      2616    2578.5

30.053      2673      2623
30.033      2680      2623
30.048      2675      2623
30.049      2673      2623
30.033      2680      2623
30.033      2682      2623
30.053      2665      2623
30.048      2673      2623
30.002      2680      2623
30.064      2673      2623

30.002      2641      2578
30.064      2641      2578
30.006      2641      2578
30.033      2648      2578
30.017      2646      2578
30.017      2641      2578
30.033      2641      2578
30.033      2641      2578
30.007      2641      2578
30.018      2641      2578

30.017      2663      2575
30.002      2657      2575
30.017      2648      2575
30.017      2650      2575
30.023      2648      2575
30.048      2651      2575
30.08      2649      2575
30.001      2659      2575
30.002      2648      2575
30.048      2648      2575

30.085      2518      2494
30.08      2518      2494
30.001      2518      2494
30.049      2518      2494
30.064      2518      2494
30.048      2518      2494
30.037      2518      2494
30.033      2518      2494
30.08      2512      2494
30.032      2518      2494

30.032      2566      2543
30.033      2566      2543
30.052      2566      2543
30.001      2566      2543
30.064      2566      2543
30.002      2566      2543
30.032      2573      2543
30.064      2569      2543
30.038      2566      2543
30.095      2569      2543

30.033      2720      2642
30.064      2717      2642
30.017      2717      2642
30.017      2705      2642
30.037      2706      2642
30.017      2710      2642
30.017      2709      2642
30.002      2711      2642
30.064      2710      2642
30.048      2713      2642

30.052      2592      2561
30.049      2592      2561
30.018      2592      2561
30.032      2592      2561
30.033      2585      2561
30.048      2584      2561
30.069      2588      2561
30.001      2585      2561
30.002      2588      2561
30.017      2593      2561

