30.033      4130    3955.5
30.002      4141    3955.5
30.005      4125    3955.5
30.017      4139    3955.5
30.018      4157    3955.5
30.033      4130    3955.5
30.002      4141    3955.5
30.005      4137    3955.5
30.017      4139    3955.5
30.018      4157    3955.5

30.017      3924    3861.5
30.002      3922    3861.5
30.017      3924    3861.5
30.039      3923    3861.5
30.033      3923    3861.5
30.017      3924    3861.5
30.002      3922    3861.5
30.017      3924    3861.5
30.039      3923    3861.5
30.033      3923    3861.5

30.002      3970    3912.5
30.017      3997    3912.5
30.002      4012    3912.5
30.032      3979    3912.5
30.038      3995    3912.5
30.002      4012    3912.5
30.017      3997    3912.5
30.002      4012    3912.5
30.032      3979    3912.5
30.038      3995    3912.5

30.017      3794      3697
30.032      3783      3697
30.002      3799      3697
30.033      3787      3697
30.017      3790      3697
30.017      3794      3697
30.032      3794      3697
30.002      3799      3697
30.033      3787      3697
30.017      3790      3697

30.008      3884      3818
30.017      3912      3818
30.017      3905      3818
30.002      3924      3818
30.032      3908      3818
30.008      3908      3818
30.017      3912      3818
30.017      3924      3818
30.002      3924      3818
30.032      3908      3818

30.033      3832    3777.5
30.021      3840    3777.5
30.002      3848    3777.5
30.033      3832    3777.5
30.032      3842    3777.5
30.033      3848    3777.5
30.021      3840    3777.5
30.002      3848    3777.5
30.033      3832    3777.5
30.032      3842    3777.5

30.001      3929      3832
30.002      3900      3832
30.038      3929      3832
30.001      3900      3832
30.017      3924      3832
30.001      3929      3832
30.002      3924      3832
30.038      3929      3832
30.001      3924      3832
30.017      3924      3832

30.033      3832      3779
30.033      3832      3779
30.033      3810      3779
30.006      3822      3779
30.032      3832      3779
30.033      3832      3779
30.033      3832      3779
30.033      3810      3779
30.006      3822      3779
30.032      3838      3779

30.001      3950    3831.5
30.002      3934    3831.5
30.018      3940    3831.5
30.001      3940    3831.5
30.037      3950    3831.5
30.001      3930    3831.5
30.002      3934    3831.5
30.018      3940    3831.5
30.001      3928    3831.5
30.037      3950    3831.5

30.001      4013      3892
30.017      4005      3892
30.018      3990      3892
30.002      3997      3892
30.018      4013      3892
30.001      4013      3892
30.017      4005      3892
30.018      3990      3892
30.002      3982      3892
30.018      3994      3892

