1     82     5     61
2     4     17     13
3     68     21     44
4     60     33     96
5     25     42     93
6     18     26     200
7     71     27     12
8     48     47     9
9     73     30     209
10     42     39     49
11     89     42     231
12     13     13     60
13     76     11     248
14     54     25     15
15     6     6     250
16     97     3     74
17     6     42     231
18     98     12     41
19     83     11     318
20     36     17     41
21     23     15     184
22     94     46     46
23     56     34     52
24     75     16     84
25     37     31     93
26     90     20     154
27     63     43     91
28     23     17     75
29     88     9     300
30     39     48     80
31     90     46     268
32     19     6     23
33     22     28     65
34     26     49     42
35     2     4     29
36     94     13     311
37     3     6     81
38     36     17     204
39     45     45     2
40     4     24     25
41     14     40     142
42     91     3     2
43     78     41     102
44     5     41     144
45     24     22     58
46     58     26     309
47     97     48     65
48     98     9     167
49     48     20     73
50     78     30     53
