1     53     2     89
2     9     4     114
3     62     18     123
4     42     13     72
5     11     4     20
6     28     1     14
7     36     40     240
8     50     31     66
9     89     33     223
10     6     32     44
11     51     41     122
12     21     11     97
13     32     22     54
14     87     13     250
15     48     2     52
16     28     46     81
17     11     27     109
18     89     25     138
19     40     4     6
20     8     47     14
21     51     5     202
22     76     46     62
23     55     34     0
24     18     37     43
25     45     36     76
26     24     26     47
27     79     37     55
28     11     36     175
29     70     22     44
30     95     29     205
31     51     39     36
32     11     5     89
33     49     6     18
34     60     7     34
35     82     34     180
36     51     38     60
37     39     4     186
38     47     20     13
39     86     2     237
40     28     18     19
41     91     41     32
42     20     15     90
43     19     24     66
44     23     47     83
45     3     17     119
46     34     42     258
47     31     26     66
48     49     12     193
49     63     14     15
50     3     17     243
