1     92     24     660
2     89     40     478
3     34     43     72
4     82     5     1485
5     186     23     203
6     110     18     1521
7     118     16     420
8     133     32     658
9     46     23     178
10     1     27     1097
11     111     33     301
12     73     29     965
13     80     40     213
14     185     16     1543
15     97     8     280
16     12     8     674
17     104     36     595
18     82     7     480
19     69     10     1592
20     65     40     152
21     74     45     1309
22     6     38     336
23     56     41     169
24     141     5     1280
25     106     8     86
26     152     26     112
27     194     9     1307
28     8     16     240
29     33     33     1492
30     56     47     141
31     34     33     724
32     21     9     1142
33     55     26     8
34     197     22     736
35     38     15     211
36     44     11     787
37     7     23     1664
38     139     8     255
39     161     1     1141
40     21     8     262
41     110     41     658
42     27     10     447
43     46     39     1352
44     143     10     31
45     148     18     1604
46     179     6     269
47     61     40     18
48     26     11     844
49     59     24     897
50     115     31     133
