1     5     116     635
2     14     14     251
3     45     145     259
4     48     81     901
5     31     151     156
6     35     81     615
7     16     116     50
8     16     114     1021
9     37     98     192
10     39     146     168
11     49     178     725
12     13     149     199
13     10     136     406
14     3     183     35
15     14     95     149
16     42     141     368
17     30     117     476
18     30     91     893
19     34     84     226
20     26     182     1
21     8     75     415
22     48     109     1022
23     16     146     69
24     16     34     238
25     43     17     648
26     48     66     244
27     19     128     861
28     1     6     56
29     6     23     802
30     10     69     198
31     36     197     340
32     18     77     243
33     23     16     807
34     40     31     216
35     14     33     129
36     47     10     286
37     49     7     833
38     40     24     97
39     34     130     579
40     37     60     27
41     14     145     140
42     34     22     1006
43     21     151     252
44     29     160     206
45     7     76     232
46     3     111     953
47     7     148     12
48     23     78     183
49     13     115     390
50     20     101     373
51     2     50     744
52     12     188     76
53     43     24     857
54     21     41     255
55     42     185     927
56     17     72     154
57     33     37     308
58     26     176     282
59     11     185     814
60     41     187     207
61     2     76     1017
62     45     105     140
63     17     24     19
64     37     70     916
65     7     167     194
66     13     104     758
67     29     144     202
68     37     164     364
69     3     143     689
70     13     150     47
71     20     59     480
72     33     59     111
73     20     23     3
74     36     154     719
75     22     160     143
76     11     15     802
77     33     124     63
78     37     43     887
79     44     98     177
80     39     186     1010
81     34     103     25
82     9     85     873
83     10     156     86
84     9     193     515
85     31     186     249
86     5     182     391
87     47     196     231
88     49     151     67
89     4     193     573
90     24     18     53
91     46     66     339
92     42     48     263
93     34     46     594
94     42     174     30
95     24     34     226
96     11     62     832
97     15     5     79
98     9     93     597
99     8     139     222
100     3     140     913
101     14     196     67
102     33     50     26
103     26     41     1026
104     43     99     189
105     46     167     388
106     21     81     450
107     19     91     920
108     19     199     147
109     8     139     127
110     19     112     538
111     19     117     189
112     14     118     200
113     44     51     18
114     23     159     399
115     11     64     286
116     42     16     162
117     15     197     532
118     36     190     66
119     8     148     109
120     43     192     455
121     22     199     559
122     32     8     238
123     17     6     711
124     33     59     125
125     10     67     983
126     26     87     77
127     49     106     889
128     44     117     86
129     6     97     945
130     27     100     52
131     24     149     432
132     21     73     799
133     49     42     127
134     17     131     941
135     13     111     37
136     7     37     953
137     45     69     114
138     18     99     61
139     4     129     388
140     22     195     870
141     16     172     13
142     47     77     378
143     26     140     235
144     30     35     766
145     16     160     86
146     26     54     439
147     15     163     605
148     16     104     97
149     36     49     177
150     22     8     916
151     8     147     238
152     37     78     615
153     38     68     104
154     1     124     130
155     49     116     327
156     28     124     658
157     40     82     35
158     34     95     552
159     31     77     118
160     21     17     915
161     27     122     93
162     10     72     458
163     37     129     141
164     11     154     617
165     47     61     251
166     28     89     513
167     34     139     258
168     13     11     940
169     5     66     206
170     44     16     427
171     19     163     1011
172     47     60     152
173     26     84     427
174     39     82     467
175     42     55     628
176     40     115     87
177     1     39     562
178     49     186     165
179     14     27     718
180     29     24     199
181     16     169     136
182     34     139     488
183     47     83     953
184     45     189     2
185     24     10     251
186     29     66     315
187     46     88     594
188     11     53     203
189     7     23     268
190     26     11     326
191     40     123     2
192     38     185     213
193     14     141     73
194     6     11     954
195     29     71     121
196     45     164     817
197     16     94     139
198     34     177     576
199     27     195     252
200     44     103     347
