1     95     26     2106
2     54     48     1585
3     80     34     599
4     88     23     5070
5     15     47     1380
6     70     49     6277
7     57     37     458
8     11     28     5925
9     45     17     1094
10     81     14     2376
11     76     9     2069
12     3     49     1868
13     13     5     6330
14     78     26     5
15     21     34     577
16     2     19     5716
17     14     47     254
18     53     18     2010
19     53     40     4541
20     86     49     854
21     92     46     3959
22     79     32     894
23     96     32     4924
24     86     8     239
25     3     48     967
26     67     18     3306
27     28     22     687
28     93     18     689
29     81     11     5927
30     91     6     507
31     35     15     4537
32     63     6     449
33     24     9     574
34     31     5     3311
35     30     13     264
36     99     15     4029
37     85     7     544
38     13     28     4925
39     22     11     1448
40     14     16     4418
41     35     46     853
42     87     15     565
43     78     29     5357
44     81     48     1450
45     25     24     1113
46     8     39     1529
47     10     17     5971
48     92     1     750
49     23     39     3958
50     66     36     1129
51     61     28     838
52     63     36     5178
53     94     20     611
54     61     36     3011
55     10     6     4106
56     72     31     686
57     27     31     3575
58     94     44     800
59     31     15     371
60     33     32     6023
61     96     36     46
62     42     45     5300
63     3     38     1214
64     53     25     1839
65     77     2     780
66     63     42     306
67     59     34     5940
68     25     23     1566
69     10     48     1756
70     5     25     222
71     58     45     5883
72     4     12     1062
73     43     26     1455
74     4     48     5749
75     25     36     242
76     49     12     1179
77     50     14     3760
78     69     10     1323
79     38     29     557
80     10     27     4767
81     38     31     354
82     67     10     5259
83     89     42     1576
84     22     28     3734
85     69     6     1576
86     3     40     955
87     56     41     5322
88     31     45     804
89     91     21     1779
90     79     38     1541
91     36     9     3022
92     78     13     4465
93     40     29     1212
94     52     31     485
95     19     44     1181
96     3     26     1012
97     40     23     3632
98     58     35     885
99     11     40     4022
100     19     41     422
101     92     49     2276
102     29     29     1549
103     59     42     5315
104     49     7     667
105     66     24     1446
106     13     42     1996
107     94     35     3151
108     76     29     3292
109     2     13     749
110     36     19     4926
111     99     6     1131
112     20     32     4070
113     18     5     1054
114     5     43     1485
115     52     45     340
116     46     37     5622
117     92     36     209
118     85     14     4906
119     1     23     824
120     88     8     5213
121     43     39     1299
122     46     44     4053
123     34     5     948
124     98     12     5315
125     7     39     1484
126     79     49     5710
127     33     2     507
128     71     14     2930
129     37     48     6296
130     50     11     1054
131     91     7     3741
132     8     33     710
133     99     31     6202
134     94     15     182
135     48     15     4966
136     83     36     200
137     93     12     6296
138     2     29     1032
139     37     12     1649
140     47     8     271
141     52     41     1967
142     19     12     717
143     47     48     5462
144     34     30     1053
145     94     17     6116
146     41     30     699
147     13     23     2093
148     82     36     2849
149     9     37     3972
150     29     45     836
151     1     21     3605
152     25     12     1464
153     45     45     1233
154     56     27     1034
155     28     36     488
156     28     34     4367
157     20     32     740
158     16     19     2319
159     59     38     5236
160     85     38     116
161     8     28     5784
162     60     23     1277
163     7     5     2264
164     69     49     6192
165     36     32     1237
166     92     9     3986
167     59     6     217
168     62     48     1410
169     58     14     5983
170     3     16     1151
171     74     25     4091
172     42     17     241
173     38     38     1944
174     88     1     5979
175     44     11     227
176     83     20     4627
177     77     18     236
178     33     42     3226
179     8     10     1535
180     42     40     3966
181     44     25     1230
182     66     38     4660
183     73     5     510
184     96     17     3643
185     35     6     1409
186     48     14     3190
187     71     3     71
188     68     23     3485
189     73     7     973
190     50     14     5686
191     26     1     741
192     32     25     4527
193     85     25     688
194     20     31     1955
195     81     30     709
196     91     25     4614
197     83     33     56
198     91     31     3592
199     1     43     1279
200     46     25     5812
201     85     6     56
202     14     26     1972
203     33     27     5346
204     39     28     1262
205     73     46     4091
206     84     42     222
207     57     15     5817
208     82     7     240
209     48     26     1104
210     80     20     236
211     14     11     3512
212     17     37     1307
213     55     22     5000
214     2     6     1559
215     85     3     1609
216     46     29     4937
217     91     22     518
218     87     13     6033
219     17     32     719
220     21     24     1432
221     39     40     4821
222     58     33     543
223     99     41     198
224     23     16     6065
225     87     32     557
226     31     22     1649
227     96     29     602
228     90     39     2587
229     66     49     4943
230     1     18     1087
231     83     27     4315
232     12     48     1267
233     79     13     1366
234     96     33     4245
235     55     49     170
236     83     42     3315
237     56     28     386
238     86     24     5817
239     57     15     387
240     96     8     6125
241     58     28     155
242     23     13     2107
243     22     40     962
244     77     19     5749
245     73     27     358
246     28     25     3408
247     63     26     582
248     37     48     5454
249     52     33     1043
250     40     42     5514
251     51     3     838
252     8     14     2282
253     17     13     3759
254     80     16     1349
255     85     12     810
256     33     43     4711
257     18     35     970
258     37     35     6240
259     97     22     683
260     56     48     5097
261     20     22     442
262     77     43     2460
263     47     29     1824
264     65     12     3595
265     31     24     955
266     85     31     2981
267     80     48     3692
268     81     2     1575
269     90     30     2681
270     65     40     980
271     15     21     4996
272     52     44     1420
273     67     33     5656
274     85     30     1009
275     67     8     5711
276     18     41     440
277     76     22     2035
278     38     46     2605
279     90     25     3644
280     13     30     472
281     42     42     4937
282     61     38     889
283     99     16     1435
284     43     22     5508
285     25     7     1220
286     91     16     2841
287     60     21     4999
288     41     14     1237
289     44     14     2485
290     86     37     5438
291     68     9     36
292     9     8     673
293     48     7     4453
294     68     47     625
295     59     44     4055
296     13     29     1374
297     77     34     5009
298     67     47     1116
299     33     45     5805
300     26     43     886
301     77     26     446
302     92     7     4731
303     45     47     1110
304     29     34     6136
305     29     43     603
306     12     20     5014
307     17     28     72
308     98     32     3524
309     23     49     939
310     66     19     3206
311     5     19     512
312     29     42     6309
313     34     27     328
314     34     38     2068
315     93     7     3221
316     83     25     402
317     94     49     2230
318     91     24     4195
319     41     33     481
320     10     46     3060
321     27     18     4760
322     35     28     160
323     67     26     3989
324     42     40     341
325     14     33     5801
326     46     17     1361
327     64     9     4372
328     41     23     1247
329     24     42     127
330     28     3     2420
331     74     3     146
332     92     5     3852
333     22     28     589
334     38     9     140
335     45     12     5855
336     35     21     124
337     97     34     4141
338     69     21     52
339     66     41     2587
340     44     44     2439
341     77     32     375
342     1     6     365
343     70     6     4187
344     11     3     604
345     74     32     2156
346     54     11     2153
347     66     1     3632
348     76     39     125
349     19     20     6218
350     42     25     227
351     98     26     5393
352     97     15     597
353     7     34     2207
354     53     43     6106
355     11     14     529
356     1     27     6273
357     97     30     1123
358     48     20     2773
359     36     21     2633
360     49     31     4051
361     53     30     1103
362     33     23     4417
363     95     15     406
364     72     14     57
365     78     37     223
366     31     22     4857
367     36     42     727
368     91     4     138
369     72     5     3486
370     4     16     699
371     55     32     1093
372     67     7     1317
373     4     34     5786
374     77     3     1178
375     31     6     738
376     65     25     2595
377     46     9     1503
378     16     49     1735
379     89     46     1700
380     26     41     3995
381     72     39     1030
382     6     33     2474
383     44     10     2194
384     54     23     754
385     94     30     4721
386     42     34     1532
387     90     26     3118
388     75     44     1037
389     55     8     2009
390     18     44     6287
391     41     2     540
392     55     10     1421
393     26     43     5061
394     58     22     738
395     60     34     412
396     69     22     1010
397     6     2     4149
398     51     12     290
399     48     14     2029
400     3     11     2131
401     60     26     1429
402     64     47     5533
403     80     5     4
404     90     46     3702
405     23     18     822
406     27     15     1650
407     47     48     1740
408     86     24     2341
409     82     29     5583
410     4     44     1216
411     10     2     4399
412     34     9     1291
413     26     6     1068
414     17     32     4186
415     95     18     345
416     1     48     3170
417     8     44     2335
418     6     9     2531
419     7     42     5459
420     48     37     141
421     12     39     1122
422     86     24     5262
423     58     33     1119
424     66     32     5113
425     72     35     721
426     78     6     3150
427     99     35     1995
428     94     45     2550
429     68     32     222
430     7     32     5590
431     67     35     247
432     6     7     1419
433     58     24     2626
434     6     42     2914
435     77     31     4138
436     51     24     1202
437     21     37     5466
438     4     39     819
439     64     43     1097
440     90     47     784
441     61     28     4231
442     57     39     252
443     13     35     3811
444     63     31     1434
445     51     23     60
446     98     16     4122
447     90     20     1323
448     12     1     352
449     65     47     4893
450     91     35     1145
451     22     26     1798
452     35     39     749
453     92     23     1898
454     13     13     2904
455     61     3     2509
456     38     7     695
457     38     2     2039
458     3     3     2008
459     39     30     2656
460     39     26     3384
461     89     36     366
462     37     30     4212
463     46     3     804
464     20     46     4850
465     88     27     260
466     74     11     5323
467     98     40     701
468     66     11     5614
469     59     41     827
470     4     16     2015
471     99     49     3065
472     26     25     4471
473     45     18     685
474     11     38     5459
475     35     34     38
476     44     12     3930
477     9     9     343
478     32     17     3621
479     36     9     487
480     85     47     414
481     95     42     1116
482     59     47     6318
483     43     45     6
484     35     19     3243
485     18     4     211
486     16     31     4474
487     92     44     166
488     47     45     5660
489     73     49     1305
490     96     26     5880
491     22     8     564
492     83     5     3299
493     88     14     807
494     39     24     4583
495     76     6     1092
496     9     2     2651
497     59     46     5022
498     79     14     515
499     18     8     2340
500     89     5     5120
