1     132     171     1286
2     163     179     1791
3     38     8     298
4     66     149     1527
5     140     2     824
6     21     132     1289
7     79     5     326
8     74     21     727
9     51     11     663
10     18     120     1733
11     180     184     383
12     102     126     424
13     162     4     276
14     186     179     173
15     91     177     2732
16     192     70     699
17     68     115     2241
18     131     185     78
19     101     3     317
20     101     145     2239
21     86     172     127
22     7     7     1258
23     11     45     2652
24     70     52     572
25     191     59     2056
26     99     68     589
27     96     194     2096
28     82     76     376
29     191     106     2574
30     44     165     638
31     99     76     0
32     83     34     389
33     79     176     2691
34     102     116     441
35     34     91     1198
36     19     53     942
37     108     31     1908
38     33     76     564
39     51     90     1387
40     143     40     1999
41     98     140     11
42     131     185     1224
43     194     65     2461
44     9     170     473
45     39     142     749
46     39     191     1456
47     132     106     1772
48     110     18     69
49     140     1     1354
50     36     79     2358
51     100     62     326
52     84     74     1325
53     50     156     2117
54     8     143     253
55     165     45     1200
56     116     178     2733
57     64     62     593
58     62     80     2626
59     88     159     420
60     166     192     390
61     124     143     3020
62     172     92     756
63     186     152     180
64     17     16     2051
65     158     5     185
66     187     84     1752
67     56     95     661
68     53     51     1541
69     42     118     2001
70     83     167     415
71     18     172     2035
72     1     5     423
73     121     165     1105
74     6     74     245
75     127     96     2437
76     96     29     265
77     172     81     1156
78     85     50     1708
79     149     147     476
80     140     46     1035
81     136     42     655
82     127     110     1606
83     58     11     763
84     161     38     2531
85     41     140     118
86     34     153     1279
87     6     172     1561
88     168     160     157
89     31     57     682
90     88     137     1116
91     72     183     2954
92     62     39     41
93     38     119     2978
94     172     123     385
95     156     70     1573
96     115     113     115
97     87     5     1243
98     77     109     2367
99     15     177     695
100     148     41     2311
101     127     177     115
102     192     147     3014
103     59     160     703
104     143     71     1148
105     139     157     2518
106     49     72     87
107     16     133     483
108     63     90     2090
109     100     147     275
110     177     13     3019
111     57     41     410
112     157     38     1798
113     13     168     316
114     69     63     2019
115     27     54     223
116     120     103     1786
117     91     19     23
118     60     12     2847
119     108     87     366
120     112     54     282
121     45     59     1134
122     67     117     621
123     118     65     1966
124     88     114     246
125     4     95     2622
126     150     140     330
127     151     37     2905
128     194     64     692
129     59     150     2628
130     6     144     364
131     59     8     1132
132     1     155     596
133     49     52     1759
134     183     64     572
135     100     130     628
136     110     125     1906
137     43     79     694
138     39     144     2522
139     14     21     681
140     183     97     394
141     128     170     83
142     164     138     1636
143     13     71     402
144     142     173     1635
145     51     144     712
146     84     158     2892
147     188     64     581
148     15     138     1101
149     51     18     580
150     53     67     2487
151     91     65     712
152     121     75     2579
153     89     1     273
154     187     91     868
155     6     113     2429
156     119     39     674
157     196     116     881
158     88     133     1820
159     197     188     222
160     167     107     1312
161     124     154     1594
162     48     23     741
163     76     193     610
164     153     128     1941
165     122     156     727
166     179     149     2494
167     54     160     413
168     117     20     2286
169     192     91     573
170     90     188     522
171     173     31     2138
172     26     125     469
173     53     154     1613
174     87     36     591
175     174     66     2822
176     192     148     104
177     163     40     620
178     58     27     2038
179     83     90     577
180     37     3     2606
181     51     80     108
182     50     75     1455
183     153     45     2065
184     36     16     315
185     125     177     1083
186     114     190     3070
187     7     194     426
188     18     5     208
189     113     92     1488
190     145     157     1917
191     4     96     43
192     72     119     1545
193     182     108     165
194     176     101     1884
195     112     186     13
196     71     26     1116
197     82     116     1981
198     152     88     305
199     119     40     91
200     92     72     3022
201     71     14     406
202     138     40     1084
203     194     40     2944
204     87     130     761
205     93     85     2638
206     13     74     160
207     78     68     927
208     15     103     2577
209     176     189     123
210     10     188     2412
211     78     178     768
212     105     152     1995
213     49     25     604
214     112     53     1479
215     56     87     2662
216     183     92     526
217     38     5     1414
218     41     87     3022
219     70     48     14
220     83     6     2009
221     81     3     298
222     177     163     2178
223     130     163     673
224     69     89     172
225     180     69     1391
226     93     166     2000
227     44     110     192
228     173     18     2267
229     9     8     668
230     54     25     460
231     113     27     461
232     130     161     689
233     53     44     53
234     94     65     891
235     150     113     52
236     98     152     157
237     128     16     2019
238     16     155     325
239     178     105     1482
240     91     31     2542
241     32     125     382
242     25     166     523
243     185     55     465
244     173     74     3002
245     133     22     554
246     30     118     107
247     13     38     2063
248     62     36     358
249     160     11     94
250     122     119     327
251     134     54     2558
252     144     30     599
253     146     96     1045
254     101     199     1100
255     5     123     847
256     48     87     1029
257     48     9     2067
258     185     176     17
259     41     187     3035
260     106     111     109
261     60     60     2145
262     71     58     712
263     122     161     758
264     77     53     197
265     138     172     1532
266     180     1     211
267     79     171     2854
268     138     112     213
269     122     73     2289
270     106     21     71
271     61     71     1511
272     101     17     74
273     18     120     3002
274     161     172     129
275     139     154     2256
276     151     96     673
277     25     93     1642
278     187     170     356
279     4     58     2046
280     86     37     321
281     114     51     1651
282     183     102     625
283     162     157     500
284     149     123     8
285     115     151     475
286     49     159     341
287     181     56     1937
288     59     142     132
289     81     148     2446
290     101     84     359
291     152     30     3058
292     149     125     330
293     130     27     2425
294     183     149     366
295     129     25     1871
296     23     48     238
297     10     23     3079
298     73     9     204
299     5     181     1251
300     195     67     332
301     122     45     705
302     114     119     2928
303     44     80     169
304     62     16     241
305     164     89     299
306     34     199     1027
307     81     76     2368
308     18     46     38
309     130     128     3030
310     159     155     297
311     165     61     281
312     39     122     1783
313     126     161     369
314     4     157     2860
315     47     174     707
316     108     19     2954
317     171     185     625
318     190     33     835
319     116     62     605
320     55     191     2115
321     130     110     611
322     165     104     2602
323     32     132     96
324     73     193     191
325     135     186     740
326     136     29     1744
327     96     5     268
328     110     119     1928
329     60     31     694
330     143     152     1584
331     184     161     236
332     74     139     1820
333     126     145     230
334     83     193     2067
335     136     22     683
336     150     111     1085
337     17     189     1602
338     132     171     374
339     2     2     996
340     176     62     3058
341     64     151     746
342     111     83     2951
343     103     9     319
344     93     167     1554
345     107     142     226
346     6     176     883
347     27     37     313
348     189     173     474
349     49     38     1486
350     111     41     2470
351     68     165     506
352     30     105     2809
353     60     71     533
354     92     176     2521
355     190     100     223
356     151     36     992
357     109     32     791
358     175     105     2917
359     70     1     678
360     15     189     428
361     68     101     2956
362     78     86     316
363     22     44     980
364     70     176     62
365     197     65     600
366     63     171     2683
367     89     161     460
368     197     25     2389
369     169     101     358
370     38     96     1766
371     78     85     509
372     167     188     2601
373     161     189     733
374     74     171     748
375     111     146     1742
376     66     95     146
377     151     105     2819
378     105     113     686
379     117     84     1458
380     154     194     2740
381     118     105     133
382     140     18     1945
383     180     100     237
384     20     171     863
385     38     191     1668
386     4     161     462
387     113     150     2016
388     119     80     42
389     97     18     954
390     105     57     403
391     167     59     2226
392     117     139     358
393     98     25     252
394     70     93     2150
395     90     23     595
396     158     193     1587
397     43     104     641
398     109     61     717
399     177     5     121
400     89     15     1783
401     154     60     383
402     103     52     2897
403     42     71     519
404     33     142     1730
405     55     66     594
406     143     168     742
407     94     135     1526
408     182     12     512
409     170     96     1849
410     54     195     374
411     89     75     98
412     171     48     1113
413     67     102     2486
414     83     107     707
415     96     12     189
416     66     15     898
417     189     9     1017
418     104     86     1942
419     61     133     159
420     131     192     2064
421     189     193     532
422     92     12     1383
423     147     140     1227
424     51     41     1862
425     71     7     435
426     62     87     2781
427     37     55     653
428     18     138     1604
429     139     119     622
430     121     95     1541
431     83     148     1315
432     20     80     2839
433     195     122     89
434     60     91     2112
435     194     8     453
436     42     135     2035
437     95     92     117
438     58     115     1184
439     19     198     1728
440     110     145     524
441     92     99     1845
442     172     143     676
443     132     131     1811
444     11     19     500
445     54     141     1119
446     158     20     760
447     19     110     2115
448     35     64     13
449     77     32     2345
450     152     109     605
451     146     117     2809
452     66     142     531
453     189     142     2565
454     172     153     64
455     141     1     3002
456     90     156     270
457     18     84     1308
458     178     15     740
459     150     114     2282
460     107     29     92
461     159     80     2044
462     161     182     511
463     64     90     1777
464     157     174     278
465     58     68     1779
466     46     110     435
467     35     91     1802
468     97     24     292
469     79     4     787
470     46     46     2516
471     97     84     458
472     147     48     2954
473     63     64     265
474     1     21     2417
475     92     187     474
476     57     187     1012
477     174     56     1249
478     179     152     1992
479     199     72     592
480     117     7     2503
481     90     195     258
482     74     77     2460
483     195     91     326
484     142     141     2327
485     19     113     352
486     119     63     159
487     183     168     3079
488     42     172     102
489     69     92     1123
490     139     157     416
491     65     85     1411
492     124     77     2846
493     115     136     226
494     1     127     1618
495     26     20     369
496     187     39     2029
497     191     16     675
498     41     67     1611
499     49     146     753
500     189     104     927
