1     127     129     762
2     8     194     2879
3     90     110     59
4     114     182     2149
5     173     148     652
6     80     183     945
7     71     185     1650
8     145     140     442
9     199     191     238
10     72     53     188
11     138     52     2828
12     37     12     578
13     173     49     1814
14     97     6     197
15     31     89     2494
16     4     17     659
17     45     145     1369
18     191     119     690
19     74     116     452
20     23     150     2818
21     104     124     526
22     5     33     1562
23     117     19     2927
24     154     164     438
25     128     59     1352
26     44     12     1582
27     72     28     56
28     162     2     2441
29     119     117     89
30     111     118     1815
31     140     34     419
32     144     83     259
33     164     173     2790
34     88     120     660
35     99     90     1453
36     14     169     2309
37     71     20     391
38     128     165     2370
39     146     84     406
40     65     93     2082
41     133     147     242
42     106     25     1223
43     51     109     2409
44     178     118     8
45     51     3     1527
46     57     15     2573
47     107     132     389
48     31     123     1431
49     85     121     47
50     135     148     1692
51     33     1     294
52     6     74     1306
53     96     19     1804
54     46     177     504
55     188     20     1024
56     102     177     2778
57     85     80     138
58     92     85     106
59     176     77     229
60     109     192     1011
61     101     71     826
62     21     189     1590
63     133     158     435
64     42     112     1879
65     150     129     385
66     17     136     584
67     13     129     2049
68     89     75     347
69     148     117     2940
70     6     98     187
71     141     187     2906
72     151     137     526
73     21     52     617
74     192     20     2580
75     58     46     623
76     107     163     1139
77     135     70     2508
78     6     110     720
79     175     7     2406
80     23     157     649
81     75     54     3046
82     125     134     439
83     87     50     2723
84     164     136     201
85     129     149     480
86     112     192     2301
87     3     187     521
88     128     117     2957
89     79     75     243
90     79     154     85
91     125     117     2514
92     91     6     27
93     48     104     2996
94     136     131     743
95     9     174     1574
96     178     173     380
97     189     166     1702
98     8     187     376
99     170     106     2834
100     29     180     611
101     121     82     1218
102     6     13     2956
103     170     87     645
104     13     27     723
105     101     3     2830
106     18     34     265
107     96     40     1518
108     109     20     1960
109     172     169     446
110     176     108     1582
111     151     31     551
112     5     180     1492
113     32     66     1240
114     68     10     2683
115     174     83     686
116     180     191     952
117     101     150     651
118     192     180     1418
119     95     127     2286
120     4     56     285
121     65     30     502
122     153     113     2925
123     66     55     226
124     25     72     2265
125     181     79     271
126     169     3     790
127     170     183     2111
128     46     83     318
129     168     37     1252
130     184     151     3075
131     65     9     512
132     128     174     463
133     102     97     2772
134     134     40     756
135     194     16     13
136     73     2     1223
137     96     60     2616
138     55     13     487
139     124     48     2399
140     7     10     649
141     41     36     3064
142     33     71     613
143     114     113     752
144     83     173     820
145     61     110     2844
146     108     122     96
147     30     71     2453
148     188     136     302
149     91     140     2010
150     192     184     778
151     11     150     234
152     169     127     1847
153     81     53     563
154     108     133     1906
155     11     48     656
156     110     82     3009
157     101     71     441
158     14     28     1770
159     161     145     233
160     132     164     205
161     100     47     1446
162     156     135     3089
163     40     22     69
164     65     3     1146
165     21     113     230
166     139     90     651
167     69     21     2371
168     77     63     542
169     68     120     383
170     119     181     2043
171     188     68     295
172     76     103     2403
173     68     31     23
174     142     106     1567
175     106     6     506
176     53     144     2959
177     144     42     614
178     120     108     3125
179     32     42     256
180     167     122     1792
181     179     151     548
182     34     122     2635
183     33     30     128
184     169     105     2783
185     33     69     27
186     180     180     1583
187     14     68     379
188     168     76     318
189     85     147     1177
190     110     105     2235
191     142     102     581
192     130     118     1373
193     37     78     872
194     84     180     366
195     26     17     1543
196     62     188     2120
197     50     158     260
198     73     1     121
199     160     6     1906
200     146     121     296
201     6     118     851
202     161     177     619
203     45     76     1019
204     62     135     1280
205     73     28     963
206     47     132     436
207     116     59     1021
208     111     167     2870
209     38     94     460
210     92     174     2224
211     112     144     200
212     56     150     896
213     126     62     947
214     193     25     987
215     125     89     2808
216     177     167     269
217     94     33     431
218     145     139     754
219     21     47     340
220     107     145     1759
221     10     89     300
222     45     97     158
223     10     26     1901
224     37     114     662
225     166     32     1285
226     104     157     2366
227     107     116     239
228     162     113     2747
229     174     197     720
230     29     34     1209
231     166     98     1894
232     158     74     682
233     103     29     791
234     4     14     2996
235     1     92     549
236     98     138     1685
237     187     18     372
238     22     128     851
239     69     128     1306
240     139     69     2091
241     91     92     215
242     140     122     2399
243     66     176     327
244     26     22     546
245     165     139     2307
246     118     136     603
247     52     94     2749
248     92     88     778
249     72     164     2836
250     118     58     60
251     147     183     1279
252     118     196     2435
253     190     159     183
254     34     63     784
255     61     165     632
256     17     50     2242
257     198     36     648
258     139     117     1357
259     104     112     2380
260     39     142     589
261     63     103     882
262     98     120     2409
263     155     15     4
264     64     120     1521
265     97     150     2897
266     51     120     674
267     110     125     1977
268     111     196     659
269     98     91     1559
270     84     101     464
271     19     19     1617
272     115     150     456
273     159     105     374
274     14     139     2274
275     35     172     400
276     42     130     454
277     26     152     1502
278     194     112     2900
279     119     169     687
280     85     143     2894
281     176     180     524
282     151     23     784
283     130     155     1608
284     31     36     699
285     10     126     1167
286     177     115     236
287     180     196     381
288     5     73     2501
289     151     184     54
290     31     170     274
291     71     40     2146
292     167     73     403
293     11     139     247
294     65     37     1429
295     19     146     1079
296     51     87     85
297     104     57     2813
298     49     135     659
299     106     114     2035
300     135     50     493
301     145     165     798
302     42     60     2776
303     59     163     368
304     178     128     160
305     34     96     2803
306     76     118     397
307     136     122     492
308     62     1     1986
309     133     145     668
310     52     17     66
311     113     47     1047
312     182     142     543
313     159     92     2851
314     38     47     364
315     151     91     1113
316     190     142     756
317     144     93     894
318     48     73     186
319     139     129     2924
320     51     107     378
321     122     25     798
322     4     56     401
323     88     147     685
324     101     115     1908
325     116     187     632
326     137     189     3024
327     197     144     744
328     158     4     1307
329     142     133     333
330     186     33     1147
331     123     13     239
332     197     137     316
333     184     98     2008
334     77     9     408
335     87     71     1690
336     131     36     471
337     142     83     2515
338     198     157     55
339     109     176     1931
340     183     149     431
341     74     138     2493
342     152     112     643
343     12     12     39
344     29     55     2859
345     123     27     142
346     183     75     375
347     150     60     30
348     51     105     2547
349     20     98     286
350     55     111     1268
351     64     47     354
352     86     152     3094
353     26     146     52
354     100     3     1978
355     107     74     489
356     32     145     266
357     166     7     1092
358     80     199     2152
359     135     144     306
360     129     27     2111
361     131     68     578
362     101     138     1308
363     152     99     2119
364     43     172     658
365     164     194     1213
366     91     60     1888
367     34     35     431
368     197     39     2139
369     184     88     202
370     196     174     1162
371     96     174     566
372     194     114     666
373     123     150     1714
374     48     13     256
375     163     152     920
376     156     157     1646
377     97     14     778
378     104     85     1193
379     104     146     2606
380     70     120     305
381     14     81     2311
382     49     86     120
383     185     74     2730
384     147     86     777
385     37     39     1297
386     150     95     352
387     148     91     464
388     15     94     405
389     127     15     2550
390     72     38     738
391     90     75     2883
392     176     153     383
393     73     5     1770
394     18     32     114
395     140     33     898
396     16     145     2223
397     27     157     147
398     191     199     1745
399     130     29     571
400     93     143     2973
401     67     92     688
402     67     9     1271
403     181     8     1580
404     34     112     648
405     123     157     934
406     96     30     1103
407     183     125     2624
408     199     142     641
409     39     107     1164
410     145     147     2545
411     187     84     474
412     59     139     1526
413     166     92     2735
414     34     194     629
415     143     140     1990
416     165     88     197
417     152     98     3005
418     22     107     483
419     109     115     2905
420     182     94     208
421     160     161     1566
422     12     185     364
423     111     25     557
424     66     49     2241
425     60     47     141
426     34     67     676
427     111     17     70
428     79     5     116
429     76     100     2164
430     183     61     85
431     6     41     3124
432     166     166     261
433     128     28     234
434     109     169     1806
435     55     97     248
436     67     105     2142
437     160     32     239
438     23     169     595
439     54     139     2289
440     198     14     726
441     103     190     1119
442     95     183     491
443     12     55     843
444     86     146     2017
445     39     157     759
446     173     187     322
447     112     169     595
448     45     29     1282
449     91     197     609
450     153     4     432
451     41     11     1936
452     114     63     741
453     166     31     2683
454     149     25     209
455     21     55     2433
456     175     34     467
457     179     101     1631
458     10     27     179
459     132     63     2533
460     96     69     595
461     78     142     80
462     29     106     1486
463     193     60     2004
464     73     32     211
465     90     130     2839
466     8     97     620
467     88     173     940
468     161     40     1585
469     97     5     343
470     39     13     3009
471     166     3     87
472     193     199     1317
473     112     119     995
474     71     52     509
475     124     59     739
476     45     101     1375
477     158     174     2964
478     188     161     548
479     64     57     1197
480     183     33     1528
481     193     18     2273
482     29     30     760
483     83     152     1178
484     108     166     834
485     181     120     239
486     39     97     439
487     112     31     2661
488     151     4     149
489     139     96     1488
490     66     91     2560
491     49     59     774
492     132     69     2642
493     34     19     245
494     47     174     2918
495     80     61     375
496     37     98     543
497     153     123     63
498     178     93     1052
499     186     44     2459
500     50     76     83
