1     14     40     56
2     28     8     561
3     171     38     124
4     92     38     601
5     77     32     167
6     49     23     761
7     17     49     184
8     82     5     92
9     53     14     831
10     154     47     37
11     174     10     471
12     8     49     62
13     26     11     739
14     156     7     37
15     160     34     691
16     23     46     134
17     172     3     443
18     167     30     40
19     115     12     595
20     6     22     83
21     146     25     726
22     36     23     76
23     185     38     164
24     102     1     159
25     76     7     181
26     46     2     732
27     58     11     82
28     48     37     289
29     104     9     513
30     124     27     195
31     77     36     37
32     106     38     860
33     118     3     63
34     35     40     122
35     124     25     69
36     177     37     62
37     120     37     598
38     40     44     74
39     82     44     310
40     57     7     181
41     123     5     822
42     46     17     35
43     63     32     36
44     28     42     208
45     151     45     146
46     29     36     415
47     25     14     148
48     90     41     131
49     143     8     757
50     54     34     58
