1     41     7     63
2     61     27     672
3     61     1     4
4     81     4     309
5     85     48     178
6     159     8     306
7     72     29     393
8     193     37     605
9     28     24     72
10     23     25     37
11     55     7     466
12     90     39     134
13     4     28     180
14     171     28     89
15     164     33     53
16     14     7     543
17     162     8     216
18     35     23     820
19     150     25     99
20     83     20     448
21     107     23     826
22     180     31     174
23     173     25     5
24     3     8     166
25     19     39     839
26     113     29     54
27     119     32     239
28     38     19     437
29     171     33     873
30     40     44     193
31     41     38     503
32     167     45     152
33     166     14     523
34     12     25     158
35     105     35     510
36     62     39     107
37     108     7     123
38     22     24     110
39     83     27     280
40     83     8     487
41     148     40     217
42     146     13     91
43     24     13     252
44     45     4     611
45     49     11     78
46     152     12     292
47     95     23     3
48     183     42     753
49     16     19     192
50     139     49     799
