5     1809     1701.4
5     1788     1701.4
5.001     1816     1701.4
5.001     1816     1701.4
5     1809     1701.4
5     1809     1701.4
5.001     1816     1701.4
5.001     1816     1701.4
5     1788     1701.4
5     1788     1701.4
             
5.001     1811     1707.2
5     1811     1707.2
5     1813     1707.2
5     1813     1707.2
5.001     1813     1707.2
5.001     1813     1707.2
5     1813     1707.2
5     1813     1707.2
5     1811     1707.2
5     1811     1707.2
             
5     2145     2018.8
5.001     2155     2018.8
5     2144     2018.8
5     2144     2018.8
5.001     2144     2018.8
5.001     2144     2018.8
5     2144     2018.8
5     2144     2018.8
5.001     2155     2018.8
5     2145     2018.8
             
5     2054     1902.2
5     2062     1902.2
5.001     2054     1902.2
5.001     2054     1902.2
5     2062     1902.2
5     2062     1902.2
5.001     2054     1902.2
5.001     2054     1902.2
5     2062     1902.2
5     2054     1902.2
             
5     1960     1896.2
5     1995     1896.2
5.001     1960     1896.2
5.001     1960     1896.2
5     1995     1896.2
5     1995     1896.2
5.001     1960     1896.2
5.001     1960     1896.2
5     1995     1896.2
5     1960     1896.2
             
5     1801     1749
5     1803     1749
5.001     1804     1749
5.001     1804     1749
5     1803     1749
5     1803     1749
5.001     1804     1749
5.001     1804     1749
5     1803     1749
5     1801     1749
             
5.001     1982     1813
5     1982     1813
5     1991     1813
5     1991     1813
5.001     1982     1813
5.001     1982     1813
5     1991     1813
5     1991     1813
5     1982     1813
5     1982     1813
             
5.001     1871     1797.8
5     1873     1797.8
5     1872     1797.8
5     1872     1797.8
5.001     1873     1797.8
5.001     1873     1797.8
5     1872     1797.8
5     1872     1797.8
5     1873     1797.8
5     1871     1797.8
             
5     1828     1782
5.001     1825     1782
5     1825     1782
5     1825     1782
5.001     1828     1782
5.001     1828     1782
5     1825     1782
5     1825     1782
5.001     1825     1782
5     1825     1782
             
5     1592     1538
5     1595     1538
5.001     1592     1538
5.001     1592     1538
5     1592     1538
5     1592     1538
5.001     1592     1538
5.001     1592     1538
5     1595     1538
5     1592     1538
             
