1     39     125     1250
2     17     134     267
3     8     106     825
4     17     71     128
5     56     5     111
6     12     45     111
7     93     115     694
8     45     196     41
9     40     88     596
10     80     24     321
11     81     96     181
12     20     16     1250
13     78     127     213
14     64     87     108
15     51     108     763
16     44     4     20
17     75     91     801
18     78     147     11
19     66     96     521
20     71     79     571
21     57     35     834
22     84     129     45
23     36     57     133
24     19     3     364
25     66     158     1100
26     55     36     210
27     9     136     213
28     74     76     1115
29     52     168     164
30     87     127     1049
31     7     141     24
32     95     104     286
33     88     17     632
34     96     191     759
35     82     116     107
36     23     146     621
37     36     59     543
38     42     162     450
39     74     157     1033
40     26     22     179
41     21     103     802
42     25     74     198
43     59     65     725
44     81     49     54
45     9     186     593
46     4     52     471
47     71     83     922
48     11     145     176
49     43     5     556
50     30     109     604
51     55     186     98
52     52     188     512
53     4     5     459
54     87     179     389
55     12     142     1173
56     63     25     289
57     75     141     118
58     74     41     634
59     44     146     317
60     49     116     76
61     55     9     94
62     95     150     809
63     51     7     118
64     63     127     360
65     79     128     156
66     95     104     1158
67     14     129     250
68     66     165     817
69     68     178     316
70     18     14     165
71     24     126     1156
72     72     114     246
73     67     149     931
74     79     150     162
75     59     141     345
76     16     25     915
77     3     192     262
78     10     151     1181
79     8     83     67
80     68     107     105
81     48     194     905
82     82     76     2
83     67     143     186
84     97     167     527
85     69     54     1005
86     75     133     276
87     9     147     132
88     80     128     197
89     48     143     990
90     24     41     298
91     4     186     104
92     92     30     1000
93     54     47     105
94     14     196     1084
95     59     192     234
96     55     178     1134
97     76     171     116
98     69     125     49
99     1     92     1194
100     22     82     308
