10.985     1279     1275
10.663     1287     1275
10.663     1310     1275
10.985     1279     1275
10.985     1287     1275
10.985     1287     1275
10.985     1279     1275
10.663     1310     1275
10.663     1287     1275
10.985     1287     1275
             
1.495     1311     1311
0.705     1311     1311
0.705     1311     1311
1.495     1311     1311
1.495     1311     1311
1.495     1311     1311
1.495     1311     1311
0.705     1311     1311
0.705     1311     1311
1.495     1311     1311
             
0.376     1346     1346
1.897     1346     1346
1.897     1346     1346
0.376     1346     1346
1.897     1346     1346
1.897     1346     1346
0.376     1346     1346
1.897     1346     1346
1.897     1346     1346
1.897     1346     1346
             
1.78     1285     1285
0.79     1285     1285
0.79     1285     1285
1.78     1285     1285
1.78     1285     1285
1.78     1285     1285
1.78     1285     1285
0.79     1285     1285
0.79     1285     1285
1.78     1285     1285
             
10.394     1390     1317
10.025     1382     1317
10.025     1382     1317
10.394     1390     1317
10.394     1390     1317
10.394     1390     1317
10.394     1390     1317
10.025     1382     1317
10.025     1382     1317
10.394     1390     1317
             
10.655     1333     1289
10.954     1348     1289
10.954     1348     1289
10.655     1333     1289
10.954     1348     1289
10.954     1348     1289
10.655     1333     1289
10.954     1348     1289
10.954     1348     1289
10.954     1348     1289
             
10.240     1257     1215
10.095     1232     1215
10.095     1257     1215
10.240     1257     1215
10.240     1257     1215
10.240     1257     1215
10.240     1257     1215
10.095     1257     1215
10.095     1232     1215
10.240     1257     1215
             
10.081     1275     1253
10.913     1278     1253
10.913     1278     1253
10.081     1275     1253
10.913     1278     1253
10.913     1278     1253
10.081     1275     1253
10.913     1278     1253
10.913     1278     1253
10.913     1278     1253
             
1.46     1446     1446
2.219     1446     1446
2.219     1446     1446
1.46     1446     1446
2.219     1446     1446
2.219     1446     1446
1.46     1446     1446
2.219     1446     1446
2.219     1446     1446
2.219     1446     1446
             
1.966     1410     1410
2.372     1410     1410
2.372     1410     1410
1.966     1410     1410
2.372     1410     1410
2.372     1410     1410
1.966     1410     1410
2.372     1410     1410
2.372     1410     1410
2.372     1410     1410
             
