10.016     1330     1275
10.397     1326     1275
10.397     1326     1275
10.016     1330     1275
10.397     1330     1275
10.397     1330     1275
10.016     1330     1275
10.397     1326     1275
10.397     1326     1275
10.397     1330     1275
             
10.135     1376     1311
10.144     1354     1311
10.144     1354     1311
10.135     1376     1311
10.144     1376     1311
10.144     1376     1311
10.135     1376     1311
10.144     1354     1311
10.144     1354     1311
10.144     1376     1311
             
0.009     1346     1346
0.008     1346     1346
0.008     1346     1346
0.009     1346     1346
0.009     1346     1346
0.009     1346     1346
0.009     1346     1346
0.008     1346     1346
0.008     1346     1346
0.009     1346     1346
             
10.396     1315     1285
10.001     1336     1285
10.001     1336     1285
10.396     1315     1285
10.396     1336     1285
10.396     1336     1285
10.396     1315     1285
10.001     1336     1285
10.001     1336     1285
10.396     1336     1285
             
10.096     1443     1317
10.176     1430     1317
10.176     1430     1317
10.096     1443     1317
10.176     1443     1317
10.176     1443     1317
10.096     1443     1317
10.176     1430     1317
10.176     1430     1317
10.176     1443     1317
             
10.199     1406     1289
10.439     1374     1289
10.439     1374     1289
10.199     1406     1289
10.439     1406     1289
10.439     1406     1289
10.199     1406     1289
10.439     1374     1289
10.439     1374     1289
10.439     1406     1289
             
10.168     1274     1215
10.386     1275     1215
10.386     1275     1215
10.168     1274     1215
10.386     1275     1215
10.386     1275     1215
10.168     1274     1215
10.386     1275     1215
10.386     1275     1215
10.386     1275     1215
             
10.341     1339     1253
10.390     1324     1253
10.390     1324     1253
10.341     1339     1253
10.390     1339     1253
10.390     1339     1253
10.341     1339     1253
10.390     1324     1253
10.390     1324     1253
10.390     1339     1253
             
0.01     1446     1446
0.5     1446     1446
0.5     1446     1446
0.01     1446     1446
0.5     1446     1446
0.5     1446     1446
0.01     1446     1446
0.5     1446     1446
0.5     1446     1446
0.5     1446     1446
             
0.011     1410     1410
0.008     1410     1410
0.008     1410     1410
0.011     1410     1410
0.011     1410     1410
0.011     1410     1410
0.011     1410     1410
0.008     1410     1410
0.008     1410     1410
0.011     1410     1410
             
