5       149     141.6
5       149     141.6
5       145     141.6
5.001       150     141.6
5       149     141.6
5       150     141.6
5       145     141.6
5.001       149     141.6
5       150     141.6
5       149     141.6

5       152       149
5.001       157       149
5.004       152       149
5       157       149
5       155       149
5.001       152       149
5       154       149
5       154       149
5       151       149
5.001       153       149

5       161     158.2
5       161     158.2
5.001       160     158.2
5       160     158.2
5       160     158.2
5       160     158.2
5.001       160     158.2
5       160     158.2
5       162     158.2
5       160     158.2

5.001       153     150.8
5       155     150.8
5       154     150.8
5       152     150.8
5.001       152     150.8
5       155     150.8
5       154     150.8
5       152     150.8
5.001       152     150.8
5       152     150.8

5       159     154.4
5.001       157     154.4
5       157     154.4
5       157     154.4
5       157     154.4
5.001       158     154.4
5       159     154.4
5       157     154.4
5.005       158     154.4
5       156     154.4

5       155       153
5.001       156       153
5       155       153
5       157       153
5       155       153
5.001       155       153
5       156       153
5       156       153
5.001       156       153
5       155       153

5       149     146.2
5       149     146.2
5.001       150     146.2
5       148     146.2
5       149     146.2
5.001       148     146.2
5       149     146.2
5       148     146.2
5       150     146.2
5.001       150     146.2

5       145     139.8
5       144     139.8
5       148     139.8
5.001       147     139.8
5       148     139.8
5       144     139.8
5       148     139.8
5.001       147     139.8
5       147     139.8
5       148     139.8

5       144     135.8
5.001       144     135.8
5       146     135.8
5       144     135.8
5.001       144     135.8
5.004       145     135.8
5       146     135.8
5       144     135.8
5.001       144     135.8
5       146     135.8

5       155       153
5       155       153
5.001       155       153
5       155       153
5       156       153
5       155       153
5.001       155       153
5       155       153
5       155       153
5       155       153

