1     34     110     662
2     11     72     159
3     17     183     586
4     21     124     59
5     30     190     503
6     5     79     175
7     38     78     424
8     23     124     64
9     27     4     701
10     25     105     61
11     19     7     702
12     6     33     69
13     44     86     350
14     43     191     341
15     49     172     109
16     28     52     230
17     35     88     603
18     19     85     64
19     25     180     186
20     10     74     643
21     38     186     55
22     16     148     215
23     15     50     124
24     23     10     601
25     28     183     42
26     43     9     679
27     49     132     51
28     12     58     735
29     37     71     31
30     47     61     611
31     37     153     135
32     22     72     8
33     36     191     557
34     35     199     49
35     10     109     388
36     48     189     107
37     40     88     446
38     38     195     48
39     38     82     598
40     33     173     113
41     4     147     234
42     45     97     334
43     44     196     466
44     42     1     147
45     19     60     522
46     34     51     184
47     31     43     106
48     33     18     32
49     46     50     124
50     8     166     419
51     2     50     20
52     10     87     17
53     11     199     346
54     26     31     239
55     33     1     594
56     10     91     46
57     23     114     274
58     34     49     558
59     20     154     142
60     10     108     201
61     24     188     323
62     45     153     662
63     24     6     72
64     47     158     598
65     28     160     111
66     26     153     5
67     11     92     268
68     18     9     273
69     16     20     162
70     26     123     291
71     31     44     65
72     8     10     330
73     9     152     489
74     33     38     32
75     46     152     474
76     14     164     38
77     14     140     92
78     13     9     136
79     23     52     520
80     31     9     62
81     45     72     271
82     18     126     609
83     31     156     57
84     33     63     632
85     30     16     86
86     7     140     638
87     15     181     34
88     36     141     202
89     26     33     413
90     44     157     53
91     17     136     113
92     5     168     668
93     37     139     79
94     32     43     466
95     10     145     182
96     25     59     118
97     47     51     551
98     29     32     186
99     25     149     436
100     4     161     128
101     28     137     677
102     20     152     47
103     49     170     705
104     20     109     17
105     46     158     362
106     24     157     473
107     38     118     146
108     46     41     434
109     26     123     8
110     36     83     478
111     14     32     22
112     2     195     432
113     6     177     169
114     32     93     407
115     2     161     25
116     3     74     518
117     11     26     125
118     10     184     45
119     17     135     285
120     1     32     301
121     30     13     630
122     37     121     37
123     45     178     66
124     7     3     111
125     46     97     542
126     7     180     152
127     42     6     26
128     31     23     41
129     31     124     157
130     3     104     742
131     10     93     155
132     40     154     436
133     34     158     40
134     16     128     448
135     39     152     115
136     33     68     81
137     39     168     186
138     36     128     505
139     43     84     130
140     27     166     531
141     12     36     36
142     19     72     150
143     13     125     448
144     16     186     158
145     32     199     195
146     11     135     643
147     8     107     57
148     10     130     286
149     2     108     367
150     22     29     282
151     36     149     98
152     49     65     179
153     37     47     620
154     14     121     164
155     14     98     624
156     42     13     113
157     27     92     714
158     19     134     112
159     10     176     208
160     7     52     498
161     8     116     22
162     45     52     672
163     36     193     146
164     11     38     700
165     25     186     12
166     42     61     740
167     25     143     138
168     31     96     562
169     11     186     121
170     48     6     476
171     21     172     39
172     45     170     458
173     4     81     115
174     5     169     139
175     24     91     416
176     18     199     132
177     36     133     300
178     27     56     76
179     44     122     572
180     43     49     44
181     2     147     602
182     12     20     31
183     48     93     325
184     22     39     643
185     49     73     8
186     43     67     51
187     47     194     523
188     5     63     7
189     36     31     114
190     26     77     12
191     25     72     436
192     16     124     22
193     31     140     171
194     44     176     359
195     15     16     557
196     12     143     37
197     2     84     452
198     12     161     10
199     18     133     84
200     19     35     450
201     26     132     25
202     23     123     103
203     6     103     354
204     22     41     519
205     6     184     173
206     41     145     46
207     19     127     724
208     37     199     105
209     13     189     245
210     30     189     571
211     36     86     58
212     45     55     75
213     41     102     731
214     40     49     144
215     14     182     263
216     21     129     3
217     23     9     64
218     27     146     305
219     41     170     347
220     3     198     224
221     18     58     434
222     48     165     46
223     41     125     423
224     21     131     62
225     25     182     11
226     4     144     260
227     22     38     106
228     37     114     343
229     33     110     207
230     19     73     427
231     11     69     26
232     43     65     490
233     32     145     134
234     22     167     460
235     5     145     7
236     49     190     494
237     41     76     138
238     21     117     258
239     1     155     223
240     38     21     177
241     7     151     624
242     5     58     141
243     28     33     95
244     41     152     242
245     40     84     88
246     32     123     319
247     12     109     713
248     44     146     9
249     12     102     673
250     13     54     18
251     21     196     12
252     26     164     414
253     35     153     75
254     13     45     92
255     17     58     443
256     17     11     106
257     13     24     682
258     25     23     31
259     7     40     652
260     21     134     144
261     26     75     523
262     6     194     157
263     36     78     257
264     25     104     533
265     49     86     99
266     5     18     647
267     31     94     48
268     12     102     138
269     20     188     5
270     9     147     720
271     21     83     55
272     34     193     498
273     4     73     121
274     11     108     709
275     8     79     125
276     29     11     161
277     12     50     545
278     11     111     143
279     14     7     609
280     6     86     176
281     38     77     635
282     22     189     165
283     34     6     465
284     24     159     144
285     36     178     297
286     28     140     66
287     3     187     425
288     39     28     102
289     23     112     150
290     39     47     108
291     9     125     478
292     31     172     136
293     36     137     649
294     28     122     130
295     35     191     294
296     13     24     376
297     40     94     123
298     10     163     78
299     1     116     545
300     1     131     113
