1     17     4     602
2     20     183     125
3     23     197     365
4     42     43     53
5     37     149     91
6     27     136     613
7     25     87     94
8     9     48     503
9     48     84     50
10     18     76     398
11     4     162     55
12     2     96     159
13     49     181     687
14     13     196     94
15     3     195     692
16     41     147     165
17     38     111     670
18     38     157     175
19     35     29     371
20     37     155     702
21     45     119     160
22     14     155     672
23     38     169     135
24     16     27     442
25     27     10     173
26     36     109     257
27     30     32     536
28     39     105     77
29     14     5     111
30     26     38     546
31     15     137     3
32     16     31     100
33     13     118     156
34     45     79     241
35     16     45     103
36     3     195     243
37     17     173     706
38     5     133     69
39     19     166     229
40     18     38     282
41     37     24     298
42     23     63     653
43     3     161     169
44     49     145     527
45     35     177     101
46     16     163     547
47     11     118     53
48     43     168     125
49     3     173     757
50     4     64     146
51     8     56     466
52     37     50     34
53     32     178     601
54     29     143     190
55     34     159     467
56     8     83     15
57     47     100     332
58     19     21     549
59     37     128     96
60     38     142     557
61     28     173     82
62     21     42     476
63     15     25     103
64     49     43     756
65     15     71     108
66     46     153     494
67     38     21     136
68     18     14     14
69     38     38     350
70     27     103     49
71     36     54     231
72     44     75     661
73     3     39     134
74     30     105     451
75     43     149     11
76     46     120     659
77     10     138     119
78     30     108     696
79     13     177     25
80     29     56     365
81     20     68     322
82     47     100     614
83     34     169     154
84     47     176     114
85     42     15     29
86     15     74     702
87     37     71     51
88     36     141     453
89     45     112     102
90     44     106     31
91     8     84     218
92     23     183     158
93     47     59     173
94     18     37     270
95     46     12     424
96     28     98     91
97     19     24     126
98     15     184     455
99     8     54     152
100     45     18     3
101     1     172     734
102     33     36     140
103     48     81     607
104     33     50     146
105     40     116     152
106     32     46     495
107     27     77     120
108     4     138     35
109     25     110     591
110     31     66     141
111     20     53     316
112     45     15     309
113     4     77     292
114     32     6     160
115     11     177     406
116     12     142     126
117     42     111     574
118     30     151     99
119     10     155     375
120     20     135     287
121     26     183     367
122     30     25     63
123     19     174     468
124     1     4     113
125     26     142     538
126     6     125     41
127     40     50     706
128     16     106     150
129     10     90     317
130     45     176     616
131     11     133     0
132     39     199     571
133     33     18     116
134     26     168     710
135     1     141     61
136     43     118     701
137     11     162     16
138     12     159     518
139     45     148     191
140     27     104     147
141     10     56     601
142     5     154     5
143     17     34     760
144     21     42     129
145     12     116     350
146     35     63     37
147     25     191     566
148     5     194     41
149     8     156     626
150     30     166     1
151     38     166     391
152     16     131     171
153     14     121     506
154     43     54     5
155     16     171     193
156     28     181     62
157     8     131     181
158     9     108     411
159     18     33     37
160     34     125     551
161     43     107     151
162     6     166     237
163     16     111     201
164     28     137     103
165     2     26     127
166     30     99     81
167     17     165     28
168     22     20     535
169     1     150     39
170     10     18     336
171     22     64     301
172     37     77     499
173     12     172     133
174     13     144     354
175     8     128     539
176     40     15     78
177     30     109     516
178     36     81     154
179     10     23     183
180     39     77     95
181     6     28     225
182     4     16     480
183     39     12     149
184     29     7     531
185     35     5     122
186     49     83     497
187     3     51     4
188     15     192     588
189     39     8     99
190     11     153     157
191     20     166     523
192     25     176     59
193     11     11     232
194     13     33     731
195     3     20     32
196     32     170     580
197     43     74     151
198     47     117     35
199     25     20     756
200     2     33     170
201     31     143     643
202     2     69     57
203     45     124     470
204     36     6     101
205     41     92     752
206     36     136     94
207     34     186     388
208     16     184     60
209     2     31     416
210     20     98     122
211     26     122     439
212     38     80     39
213     2     135     300
214     1     99     548
215     44     16     95
216     45     53     299
217     45     108     1
218     5     89     416
219     19     70     55
220     43     149     50
221     19     147     472
222     26     44     166
223     16     141     265
224     33     113     426
225     12     69     166
226     15     194     230
227     41     12     293
228     23     5     419
229     44     65     55
230     40     93     4
231     2     6     121
232     23     170     183
233     29     41     678
234     19     49     146
235     25     198     220
236     29     73     325
237     15     199     389
238     3     7     157
239     47     20     595
240     40     197     157
241     47     103     494
242     21     186     18
243     19     118     482
244     12     19     68
245     18     189     325
246     39     96     407
247     38     161     22
248     4     94     287
249     36     102     740
250     47     94     184
251     46     85     682
252     14     149     120
253     49     187     1
254     29     15     199
255     8     69     330
256     29     82     545
257     38     32     89
258     38     99     609
259     30     136     168
260     25     91     448
261     48     59     60
262     5     30     121
263     5     6     87
264     27     120     66
265     39     45     123
266     25     25     241
267     13     129     572
268     14     153     130
269     1     194     570
270     2     183     6
271     24     74     676
272     36     112     182
273     45     138     123
274     17     43     471
275     43     27     145
276     38     167     61
277     44     32     509
278     46     194     164
279     18     95     271
280     8     86     15
281     17     75     220
282     45     160     589
283     46     129     27
284     38     32     495
285     24     169     29
286     47     58     193
287     20     123     542
288     11     27     104
289     42     5     339
290     33     194     736
291     44     82     190
292     13     57     740
293     33     12     51
294     2     13     22
295     45     153     697
296     11     59     9
297     2     22     233
298     40     42     138
299     35     177     173
300     14     153     200
