10.063     2086     1994.8
10.422     2086     1994.8
10.422     2111     1994.8
10.063     2086     1994.8
10.422     2109     1994.8
10.422     2109     1994.8
10.063     2086     1994.8
10.422     2111     1994.8
10.422     2086     1994.8
10.422     2086     1994.8
             
10.875     2007     1972.2
10.172     2026     1972.2
10.172     2006     1972.2
10.875     2010     1972.2
10.875     2007     1972.2
10.875     2007     1972.2
10.875     2010     1972.2
10.172     2006     1972.2
10.172     2026     1972.2
10.875     2026     1972.2
             
10.985     2007     1962.2
10.406     2026     1962.2
10.406     2026     1962.2
10.985     2007     1962.2
10.985     2026     1962.2
10.985     2026     1962.2
10.985     2007     1962.2
10.406     2026     1962.2
10.406     2026     1962.2
10.985     2026     1962.2
             
10.005     1946     1890.2
10.422     1967     1890.2
10.422     1987     1890.2
10.005     1987     1890.2
10.422     1967     1890.2
10.422     1967     1890.2
10.005     1987     1890.2
10.422     1987     1890.2
10.422     1967     1890.2
10.422     1967     1890.2
             
10.704     2046     1976.2
10.250     2044     1976.2
10.250     2044     1976.2
10.704     2065     1976.2
10.704     2046     1976.2
10.704     2046     1976.2
10.704     2065     1976.2
10.250     2044     1976.2
10.250     2044     1976.2
10.704     2046     1976.2
             
10.157     2013     1934.8
10.188     2012     1934.8
10.188     2012     1934.8
10.157     2014     1934.8
10.188     2013     1934.8
10.188     2013     1934.8
10.157     2014     1934.8
10.188     2012     1934.8
10.188     2012     1934.8
10.188     2013     1934.8
             
10.173     2040     1978.4
10.875     2039     1978.4
10.875     2039     1978.4
10.173     2040     1978.4
10.875     2040     1978.4
10.875     2040     1978.4
10.173     2040     1978.4
10.875     2039     1978.4
10.875     2039     1978.4
10.875     2040     1978.4
             
10.751     2057     1958.6
10.016     2058     1958.6
10.016     2058     1958.6
10.751     2057     1958.6
10.751     2058     1958.6
10.751     2058     1958.6
10.751     2057     1958.6
10.016     2058     1958.6
10.016     2058     1958.6
10.751     2058     1958.6
             
10.286     1945     1898.4
10.469     1948     1898.4
10.469     1958     1898.4
10.286     1945     1898.4
10.469     1958     1898.4
10.469     1958     1898.4
10.286     1945     1898.4
10.469     1958     1898.4
10.469     1948     1898.4
10.469     1948     1898.4
             
10.141     2095     2005.2
10.251     2102     2005.2
10.251     2102     2005.2
10.141     2095     2005.2
10.251     2102     2005.2
10.251     2102     2005.2
10.141     2095     2005.2
10.251     2102     2005.2
10.251     2102     2005.2
10.251     2102     2005.2
             
