10.016     2111     1994.8
10.016     2095     1994.8
10.016     2095     1994.8
10.016     2111     1994.8
10.016     2111     1994.8
10.016     2111     1994.8
10.016     2111     1994.8
10.016     2095     1994.8
10.016     2095     1994.8
10.016     2111     1994.8
             
10.016     2024     1972.2
10.016     2025     1972.2
10.016     2025     1972.2
10.016     2024     1972.2
10.016     2025     1972.2
10.016     2025     1972.2
10.016     2024     1972.2
10.016     2025     1972.2
10.016     2025     1972.2
10.016     2025     1972.2
             
10.016     2027     1962.2
10.016     2044     1962.2
10.016     2044     1962.2
10.016     2027     1962.2
10.016     2044     1962.2
10.016     2044     1962.2
10.016     2027     1962.2
10.016     2044     1962.2
10.016     2044     1962.2
10.016     2044     1962.2
             
10.016     1969     1890.2
10.016     1987     1890.2
10.016     1987     1890.2
10.016     1969     1890.2
10.016     1987     1890.2
10.016     1987     1890.2
10.016     1969     1890.2
10.016     1987     1890.2
10.016     1987     1890.2
10.016     1987     1890.2
             
10.016     2067     1976.2
10.016     2070     1976.2
10.016     2070     1976.2
10.016     2067     1976.2
10.016     2070     1976.2
10.016     2070     1976.2
10.016     2067     1976.2
10.016     2070     1976.2
10.016     2070     1976.2
10.016     2070     1976.2
             
10.016     2030     1934.8
10.032     2031     1934.8
10.032     2031     1934.8
10.016     2030     1934.8
10.032     2031     1934.8
10.032     2031     1934.8
10.016     2030     1934.8
10.032     2031     1934.8
10.032     2031     1934.8
10.032     2031     1934.8
             
10.016     2043     1978.4
10.016     2047     1978.4
10.016     2047     1978.4
10.016     2043     1978.4
10.016     2047     1978.4
10.016     2047     1978.4
10.016     2043     1978.4
10.016     2047     1978.4
10.016     2047     1978.4
10.016     2047     1978.4
             
10.001     2053     1958.6
10.016     2058     1958.6
10.016     2058     1958.6
10.001     2053     1958.6
10.016     2058     1958.6
10.016     2058     1958.6
10.001     2053     1958.6
10.016     2058     1958.6
10.016     2058     1958.6
10.016     2058     1958.6
             
10.016     1969     1898.4
10.016     1958     1898.4
10.016     1958     1898.4
10.016     1969     1898.4
10.016     1969     1898.4
10.016     1969     1898.4
10.016     1969     1898.4
10.016     1958     1898.4
10.016     1958     1898.4
10.016     1969     1898.4
             
10.016     2095     2005.2
10.016     2122     2005.2
10.016     2122     2005.2
10.016     2095     2005.2
10.016     2122     2005.2
10.016     2122     2005.2
10.016     2095     2005.2
10.016     2122     2005.2
10.016     2122     2005.2
10.016     2122     2005.2
             
