1        7        4        5
2       10        6       87
3        5        9       97
4       15        2       76
5        4        1      112
6       11        6       87
7        4        8      133
8       10        1       61
9        9        1       15
10        5        6       43
11        8        5      156
12        3        1       22
13        7        5       60
14       13        1      144
15        7        6      128
16        8        5       78
17        4        3       54
18       12        6       50
19        5        1       23
20       10        3       35
21       12        5      124
22        6        1       86
23       10        6       32
24       14        5       78
25        6        4       39
26        9        1      120
27        7        1       80
28       15        7       50
29       10        2      127
30       11        9       79
31       11        8      132
32       15        5      166
33        7        1       49
34        8        6      166
35        6        7      104
36        3        7      105
37        7        9      152
38        7        5      164
39       12        6      159
40        9        7      102
41       15        5      106
42       15        1       30
43       14        6       68
44        8        2      161
45       12        7       84
46       10        2      108
47        8        1       64
48       13        5      136
49       12        8      136
50       13        7        9
51       11        6       52
52       13        1      125
53        9        6      133
54       14        1      142
55        6        2       90
56        5        1      107
57       10        8       80
58        6        5       18
59        8        2      167
60        3        1      166
61        8        7       34
62       13        3      139
63        3        7       28
64        3        2       56
65       13        8      130
66       12        2        0
67        4        9      101
68        6        2       18
69       12        3       13
70       15        9      122
71        5        5       73
72        7        8      104
73        8        8      115
74        5        8      135
75        8        6      156
76        6        5       64
77       10        2       75
78       14        7       41
79        7        9        1
80        9        4       68
81       15        4       66
82        8        1        7
83       15        5       76
84        8        4      134
85        9        3      144
86       13        6      115
87       14        9       63
88        7        5       92
89        5        8       43
90        3        6       84
91        3        9       75
92       12        8       20
93       12        3      128
94        6        8       76
95       11        5       41
96       14        8       65
97        6        6      135
98        4        7       29
99        9        4      105
100       11        2       62
101       13        1       23
102       12        8       71
103       14        1      139
104        8        1       42
105        6        6      106
106       13        7      149
107       11        2      157
108        3        7      149
109       15        6       74
110        7        2       73
111        7        4       21
112       14        6      139
113        3        8       20
114        3        1      157
115       12        4       23
116        5        3       87
117        6        3       28
118       15        7      115
119        9        9       80
120        7        9       49
121        8        7        9
122        3        3       55
123       14        5       35
124       15        9       35
125        3        4       98
126       13        7       84
127        8        2       28
128        8        7       80
129        8        4        9
130        3        2       60
131        3        9      108
132        3        7       29
133       15        6      143
134        8        6      101
135       10        3       61
136        4        4      149
137        7        6        0
138       10        6       88
139       14        7      143
140        7        8       16
141        7        7      105
142        3        9      155
143       13        3       90
144       10        3       36
145        8        8       31
146        6        2      137
147        8        9      140
148        3        8       23
149        8        4      161
150       10        4       48
151        7        6       53
152        7        2       99
153        5        1       81
154        7        7       68
155        5        2      105
156        6        7      163
157        5        5      103
158        8        9       10
159        8        5       77
160        3        9      117
161       11        4       55
162       10        8      143
163        5        5      126
164        8        1       41
165       14        7      108
166        5        5      122
167       13        1       87
168        3        5       81
169       12        7       92
170       15        2       32
171        4        8      162
172        7        3       96
173        6        6      118
174        5        9       15
175        4        7       89
176       11        9       64
177       13        6        2
178        3        8       12
179       10        8       12
180       13        5      159
181        5        9      152
182        3        5      129
183       11        6      101
184       13        6      122
185       13        3       75
186        5        6      153
187        4        9       19
188        8        8      165
189        3        1       63
190        6        8        6
191        9        3       36
192        9        5       81
193       12        7      113
194       15        7       29
195       15        1      135
196        3        2       71
197       11        8      126
198        7        8      160
199        8        5       57
200       14        2      109
201       10        5       39
202       14        2      109
203        5        7      109
204        9        3       30
205       14        7       19
206       13        2       53
207        9        1      161
208        7        1      118
209        5        5       45
210       15        4       95
211        4        4       47
212       10        7       55
213        9        2      112
214       14        1       61
215        9        6      122
216        6        7      101
217       10        8        0
218       13        3       40
219       11        4      154
220        3        6       25
221       10        5       51
222       13        2       16
223       13        2      161
224       15        8       20
225       15        3       71
226       15        2       62
227       13        2      126
228        9        6      122
229       12        9        6
230       14        4       70
231        4        3       74
232       13        9      105
233        6        5       48
234        3        5       23
235        5        3       42
236        4        5      122
237       10        8       15
238        5        2      125
239        3        8       12
240       14        6       15
241       15        8      145
242        9        5       56
243        6        5      141
244       14        1      142
245       14        6       73
246        5        2      158
247       15        4       58
248       14        1      109
249        6        1       79
250       10        5       47
251       12        5       61
252       10        9       54
253        5        6       73
254        7        3      160
255       11        2      115
256        6        7       45
257       11        3      162
258       15        1      106
259        3        8       92
260       12        2       24
261       11        3       11
262        7        8      163
263        8        5      123
264       10        7       14
265       14        5       23
266        3        8       14
267       11        5      159
268       10        6       19
269       15        8       99
270        9        9       71
271        9        4      104
272        3        4       27
273        9        8      149
274       13        1      137
275       14        6       22
276        9        7        4
277        5        6       28
278        3        5       83
279        9        4      126
280       12        1      162
281        3        6       64
282       11        5       32
283        7        6      126
284       10        1       85
285       12        7       84
286        3        1      150
287       12        9      148
288        7        4       45
289        5        7        9
290        7        7      106
291        8        9        9
292        3        4      137
293        4        7       37
294       13        1       73
295        6        9      124
296       13        3       84
297        3        5       60
298       11        8       58
299        7        3        5
300        9        4       73
