1        9        5      124
2       14        6      276
3        5        4      288
4        4        1       21
5       14        2      321
6       12        8        5
7       13        2      327
8        6        5      231
9       12        3      238
10        9        2       27
11        8        7      307
12       13        5      271
13        8        3       48
14        3        8      297
15       14        5      182
16       15        8        3
17        9        9      254
18        7        9      272
19       15        9      167
20        6        7      236
21       14        3      278
22       12        4      302
23       13        2       82
24        4        4       63
25        8        9       58
26        9        6      169
27        8        1       99
28        8        8      203
29       13        6       25
30        9        4       84
31       11        2      142
32        4        9      114
33       15        9       73
34        4        5       46
35        9        4      221
36        9        3       34
37       12        4      313
38        9        4      133
39       13        3       97
40        5        6      177
41       13        4       97
42       12        7       78
43       15        8      324
44       13        3      171
45       12        1      196
46       13        3      194
47        5        7      308
48       15        9      151
49        4        3      110
50       13        1      257
51       13        2       33
52       15        8       36
53        9        6       71
54       12        8      169
55        3        6      236
56        5        2       62
57        3        2      140
58        9        2      318
59       11        5      297
60       11        4      109
61       12        2      149
62       15        1       11
63        8        9      283
64        5        9      292
65        9        8      275
66        5        1      319
67       14        8       22
68       10        1      263
69       10        3       71
70       10        7      275
71        6        8      204
72       14        1      250
73        8        1       21
74       11        7      214
75        7        7       42
76       11        5       40
77        7        1      101
78        6        8      302
79       14        3      139
80       12        9      196
81       13        4      206
82        3        8      103
83       13        3      161
84        9        8      193
85       14        6      222
86       13        9      129
87        8        9      146
88        7        9       86
89        8        2      289
90       15        9      120
91        5        2       95
92       12        4      195
93       11        9      177
94       15        6      136
95        6        6      225
96        4        2       14
97       14        8       14
98        9        6       56
99        6        4       51
100        9        5      293
101        7        7       63
102       10        9      193
103       13        7       88
104       13        4      325
105        6        2       63
106        5        1      183
107        7        4      324
108       10        2      305
109        3        8      278
110       14        7      237
111       13        4      180
112        8        2      114
113       12        1      117
114       10        1      195
115        7        3      305
116       12        1      298
117       13        2      280
118        8        1      220
119        6        4      105
120       10        5      188
121       10        2      243
122       15        9       69
123        6        2       61
124        3        2      252
125        3        5      155
126       12        9      101
127        9        6       89
128       12        3      115
129       12        1      220
130        6        2      235
131       11        7      214
132       15        6      250
133        7        9       76
134        5        4       67
135        3        6      232
136        6        6      212
137        6        9      208
138       11        5      105
139        5        5      124
140       13        8      120
141        7        9      268
142       12        4       99
143        8        5      198
144        7        2       87
145       13        8      147
146        5        1      295
147        5        8       58
148       12        2      290
149        7        6      205
150        8        9       10
151        5        7       32
152       12        3       33
153       11        4      201
154       14        2       77
155        9        6      175
156       15        3      219
157       13        7      108
158       13        3      304
159        6        5      216
160       15        7      280
161        3        1       72
162        7        3       99
163        9        5       24
164       10        9       17
165        7        3      275
166       15        3      173
167        9        4       88
168        5        3      316
169        8        7      108
170       14        6      242
171        4        7      215
172       11        6      209
173       14        1      149
174       13        2       18
175       12        9       49
176        9        4      156
177        9        2      230
178       14        4       80
179        6        9      274
180       11        3      292
181       11        7      102
182        5        7      149
183       10        9      226
184        4        8      206
185        5        1      258
186       14        6      162
187       10        4       24
188       15        4       53
189        4        6       73
190       14        7      108
191        5        9       73
192        9        5       93
193       12        1      161
194        8        6      184
195        5        2      156
196       14        5      253
197        4        2       46
198        6        8      216
199       14        4      246
200       15        4      283
201       15        3      268
202        4        6       42
203        4        8       89
204        9        2      324
205       11        5      151
206        9        4      180
207        8        1      205
208        6        1       10
209        8        8      101
210        5        2      154
211       13        3       29
212        6        3       79
213       15        2      287
214       11        3       59
215       15        9      154
216        8        6      208
217       13        5      274
218       10        6       90
219       10        6      224
220       10        1       91
221        8        7      102
222        7        5      325
223        6        5      111
224        5        8       63
225       11        6      255
226        9        7      309
227       12        6       36
228        7        5      115
229        9        3      305
230        4        2      323
231        8        6      301
232       15        4       27
233        5        9       37
234        7        7      246
235       13        7        2
236       10        4      166
237       11        2      248
238       14        5      106
239       13        9       67
240       13        7      222
241        4        5       51
242        5        2      147
243        8        2      186
244       13        3       39
245       14        8        3
246        4        9      245
247       14        9      163
248       15        3      131
249        4        8      141
250        8        9      260
251        7        3       77
252       15        8      260
253       15        8      262
254        5        5      172
255       11        6      272
256       14        9      172
257       11        7       83
258        7        6      109
259        5        2       18
260       13        2      232
261       13        5      137
262        3        8      154
263        9        5      195
264        9        5      151
265        5        2       81
266        6        5      252
267        9        2      115
268        4        1      118
269       14        2      132
270       13        9      164
271        9        3       21
272       13        6       85
273        9        5      172
274       10        4       89
275       10        1      163
276       14        1      281
277       12        9      217
278       14        1      177
279        8        4       56
280        7        2        5
281       11        3       78
282        7        9      192
283        6        2       12
284       13        5       74
285        4        9      167
286       12        9      281
287        6        1      124
288       14        8      143
289       12        1       64
290        7        5      245
291        7        8      296
292       10        7      258
293       14        7      254
294        4        7       20
295        9        2      192
296        4        2      210
297        8        5      268
298        6        2      227
299       14        7      134
300        3        3       47
