1     29     47     319
2     31     83     1134
3     52     27     162
4     52     81     757
5     44     84     127
6     90     21     116
7     13     40     63
8     8     33     737
9     86     84     276
10     66     5     983
11     55     13     228
12     76     4     4
13     22     44     98
14     62     68     351
15     76     27     33
16     97     60     79
17     46     19     125
18     91     33     260
19     62     15     831
20     80     56     270
21     72     54     149
22     86     99     778
23     14     56     192
24     56     30     149
25     37     59     665
26     38     95     191
27     31     5     584
28     96     42     157
29     74     33     612
30     90     39     90
31     32     15     18
32     83     60     469
33     82     35     286
34     60     34     286
35     32     5     1118
36     80     68     144
37     6     9     699
38     27     74     253
39     84     31     7
40     93     4     484
41     71     67     1034
42     70     84     3
43     61     40     626
44     62     29     38
45     33     64     460
46     52     33     121
47     65     40     615
48     66     60     177
49     17     71     122
50     64     32     1020
