1     87     20     250
2     16     47     1119
3     15     61     43
4     80     53     502
5     77     9     252
6     67     11     870
7     34     23     157
8     66     24     1018
9     4     66     4
10     2     20     185
11     70     13     933
12     85     66     94
13     85     53     848
14     45     73     82
15     35     43     679
16     44     31     112
17     48     41     516
18     75     39     424
19     57     14     166
20     30     27     566
21     52     53     199
22     89     14     628
23     94     58     117
24     83     5     94
25     83     49     227
26     5     6     542
27     81     78     914
28     44     17     194
29     61     87     442
30     60     46     737
31     25     82     16
32     66     93     624
33     57     39     221
34     10     20     270
35     50     96     752
36     89     25     22
37     32     30     825
38     99     23     209
39     97     50     251
40     70     58     826
41     92     98     193
42     7     88     315
43     16     70     732
44     64     84     251
45     64     81     469
46     95     49     962
47     98     7     2
48     41     20     996
49     50     71     227
50     58     86     972
