1     188     57     535
2     185     83     31
3     40     80     953
4     33     28     252
5     93     84     550
6     65     81     33
7     112     21     399
8     66     65     707
9     126     63     41
10     86     75     383
11     154     99     605
12     128     51     235
13     19     47     943
14     71     4     3
15     66     79     31
16     92     75     159
17     133     75     412
18     19     50     796
19     181     70     59
20     195     85     47
21     106     97     830
22     46     54     214
23     66     81     251
24     3     59     227
25     116     35     664
26     49     77     108
27     190     3     773
28     141     26     130
29     158     2     129
30     93     51     611
31     164     13     54
32     66     25     145
33     178     61     678
34     17     19     96
35     7     99     503
36     131     63     602
37     67     38     57
38     21     7     246
39     186     65     424
40     192     95     520
41     178     89     189
42     163     82     46
43     121     14     740
44     21     86     120
45     179     15     452
46     101     48     876
47     95     2     22
48     121     46     325
49     82     12     176
50     29     30     922
