10.001     3857     3729
10.016     3866     3729
10.016     3866     3729
10.001     3857     3729
10.016     3866     3729
10.016     3866     3729
10.001     3857     3729
10.016     3866     3729
10.016     3866     3729
10.016     3866     3729
             
10.016     3573     3516.6
10.016     3587     3516.6
10.016     3587     3516.6
10.016     3573     3516.6
10.016     3587     3516.6
10.016     3587     3516.6
10.016     3573     3516.6
10.016     3587     3516.6
10.016     3587     3516.6
10.016     3587     3516.6
             
10.016     3825     3652.6
10.016     3831     3652.6
10.016     3831     3652.6
10.016     3825     3652.6
10.016     3831     3652.6
10.016     3831     3652.6
10.016     3825     3652.6
10.016     3831     3652.6
10.016     3831     3652.6
10.016     3831     3652.6
             
10.016     4124     4022.6
10.016     4122     4022.6
10.016     4122     4022.6
10.016     4124     4022.6
10.016     4124     4022.6
10.016     4124     4022.6
10.016     4124     4022.6
10.016     4122     4022.6
10.016     4122     4022.6
10.016     4124     4022.6
             
10.016     4297     4165.2
10.016     4308     4165.2
10.016     4308     4165.2
10.016     4297     4165.2
10.016     4308     4165.2
10.016     4308     4165.2
10.016     4297     4165.2
10.016     4308     4165.2
10.016     4308     4165.2
10.016     4308     4165.2
             
10.016     4008     3831.4
10.016     4021     3831.4
10.016     4021     3831.4
10.016     4008     3831.4
10.016     4021     3831.4
10.016     4021     3831.4
10.016     4008     3831.4
10.016     4021     3831.4
10.016     4021     3831.4
10.016     4021     3831.4
             
10.016     3796     3689.2
10.016     3797     3689.2
10.016     3797     3689.2
10.016     3796     3689.2
10.016     3797     3689.2
10.016     3797     3689.2
10.016     3796     3689.2
10.016     3797     3689.2
10.016     3797     3689.2
10.016     3797     3689.2
             
10.016     3946     3843.4
10.016     3960     3843.4
10.016     3960     3843.4
10.016     3946     3843.4
10.016     3960     3843.4
10.016     3960     3843.4
10.016     3946     3843.4
10.016     3960     3843.4
10.016     3960     3843.4
10.016     3960     3843.4
             
10.016     3884     3672.6
10.016     3889     3672.6
10.016     3889     3672.6
10.016     3884     3672.6
10.016     3889     3672.6
10.016     3889     3672.6
10.016     3884     3672.6
10.016     3889     3672.6
10.016     3889     3672.6
10.016     3889     3672.6
             
10.016     4203     4092.2
10.016     4249     4092.2
10.016     4249     4092.2
10.016     4203     4092.2
10.016     4249     4092.2
10.016     4249     4092.2
10.016     4203     4092.2
10.016     4249     4092.2
10.016     4249     4092.2
10.016     4249     4092.2
             
