1     62     39     195
2     45     7     68
3     24     76     250
4     90     86     75
5     28     59     69
6     94     6     168
7     28     1     51
8     67     57     250
9     97     98     38
10     84     69     54
11     7     62     238
12     75     18     35
13     23     60     253
14     2     22     12
15     57     1     187
16     82     43     24
17     28     69     270
18     60     10     42
19     76     5     213
20     19     72     23
21     95     79     242
22     65     29     21
23     21     53     77
24     22     67     8
25     86     57     193
26     85     63     1
27     42     62     254
28     33     81     20
29     92     78     271
30     43     37     78
31     44     15     4
32     26     88     83
33     54     75     296
34     12     58     61
35     82     46     22
36     62     21     3
37     7     88     48
38     12     90     260
39     4     12     13
40     6     92     169
41     75     30     34
42     60     87     74
43     22     32     138
44     57     25     259
45     89     58     27
46     75     44     25
47     9     76     286
48     28     93     23
49     52     75     29
50     87     35     153
