1       12        9      229
2       12        2      291
3       12        2      295
4        3        7      213
5       15        6      133
6        7        2      176
7        9        1       54
8       12        5      127
9       10        4        5
10       11        7       61
11       10        8        2
12        5        6      262
13       15        5      108
14       14        3      180
15       10        9      139
16       13        2      327
17       15        6      249
18       11        6      149
19        6        8      180
20       10        1        3
21        4        2      200
22        6        8      103
23       14        9      241
24       14        1       13
25        5        2        5
26        7        9      223
27       11        8       63
28        8        6       37
29        6        9      245
30        6        3      192
31        9        3      100
32       13        2      140
33       12        6      318
34       11        1      192
35        9        8      221
36       10        7      141
37        8        3      314
38        7        9      158
39        5        7      150
40        4        8      173
41       12        5       75
42        7        1       69
43        4        3      337
44        7        6      206
45       13        3       29
46        8        1      192
47       11        8      157
48        6        9      165
49        8        5      287
50       10        9      146
51        7        1      243
52        3        3      333
53       14        8       11
54       14        6      131
55        6        7      285
56       15        7       76
57        9        3      309
58        9        8      252
59       13        8      119
60        8        4      272
61       15        3      161
62       10        8      256
63        9        7      328
64        4        8      172
65       10        2      240
66       15        4      259
67        8        8       71
68       13        4       64
69        6        6      120
70       12        5      227
71        3        3      201
72        3        8      214
73        6        8      319
74        4        2       53
75       10        4       57
76        5        1      107
77        3        5       51
78        4        2      301
79        4        7      269
80       15        2      185
81       13        6      258
82       11        7      237
83        3        6       58
84        7        1      254
85       13        9      187
86       12        1      127
87        9        1       47
88        5        9       17
89       10        4      151
90       14        9      224
91        4        1      161
92        4        4       39
93       13        5      338
94       11        6      248
95       15        5      171
96       13        9       13
97        6        3      183
98       13        5      296
99       13        1      336
100        3        6      149
101       11        9      145
102        6        7       43
103        3        2      242
104        9        4      182
105        5        2       82
106        8        9      268
107        4        2      338
108        3        8      251
109        5        8      148
110        7        4      230
111        3        3      187
112       10        6      178
113        3        9       10
114        7        8      269
115        4        5       68
116       14        4      333
117       14        8      290
118        4        1      164
119        7        6        8
120        9        8      329
121        9        8       45
122        7        2       80
123        6        5      104
124       14        1      219
125        8        9      250
126        7        3      160
127       11        5      152
128        6        4       80
129       11        5      250
130       15        5      194
131       10        2      181
132       10        8        3
133       14        3      191
134       14        7       97
135       13        3      314
136        7        8       64
137       14        1      152
138        8        4      294
139       14        2       49
140        8        5       28
141       11        3       16
142        6        8      112
143        7        6      228
144        4        8      248
145       14        2      283
146       14        7       95
147       10        5       69
148       15        1       25
149       10        8      238
150       13        1      133
151        4        6      154
152        4        1      329
153       12        2      161
154       14        7      187
155        5        2       64
156        7        8      110
157       14        4       29
158       15        7       53
159        3        8      167
160       15        2       79
161       14        5       35
162       11        9      233
163        4        5      329
164       13        7      292
165        5        9      295
166        8        9      269
167        5        9      215
168       14        2      206
169       14        4      253
170        3        3      312
171       15        3        1
172        7        8       52
173        6        4       13
174        3        4       18
175        5        2      291
176        4        1      131
177       15        3      201
178        7        8      166
179        5        5      142
180       14        1      100
181       13        6      227
182       15        8      243
183       12        6      136
184        3        7      195
185       11        7      116
186        3        8      154
187       12        3      274
188       13        1      114
189        8        4      169
190       14        6       11
191        3        3      120
192       12        6      115
193       14        6       60
194        4        8      102
195        6        8       48
196        9        8      271
197        5        7       89
198       15        5       40
199        9        4       48
200        5        5      115
201        4        7      320
202        9        7      250
203       13        2       58
204       11        3      125
205        7        1        2
206        7        1       89
207       14        9      117
208        9        6        3
209        7        8      288
210        8        7        3
211       15        3      269
212       11        1      297
213       14        1       91
214        4        7      181
215        5        9      170
216        3        5      252
217       13        1      122
218        9        8      229
219        9        3      145
220       15        5      282
221        6        2       76
222        6        6      101
223        5        3       12
224        5        2      181
225        5        8      214
226        4        8      173
227        7        8       39
228       10        6      208
229       11        2      200
230       11        1      318
231       13        7      310
232        4        9      163
233        5        9      331
234        5        4       39
235        7        5      328
236       13        1      210
237       13        9      250
238        8        8      193
239        6        5      133
240       10        4       96
241       12        2      259
242        4        9      149
243        7        9      297
244        9        8      308
245        3        1      149
246        7        6      249
247       15        3       97
248        8        3      285
249       11        5      303
250        8        5      155
251        4        7       13
252        5        2      234
253        8        6      156
254       11        6      204
255        6        6      318
256       14        5      239
257       10        4       40
258        8        8      269
259       11        9      308
260        4        6      195
261        3        1      302
262        9        8       38
263        5        2      272
264       10        9      186
265       14        5        4
266        6        4       84
267       15        2      228
268       10        3       94
269       11        9      110
270        8        8        9
271       15        2      183
272       10        2      106
273       14        6       43
274        3        1      133
275       11        1      311
276        5        2      157
277        8        8       60
278        8        8      139
279        4        6      108
280        3        1       93
281        6        7      103
282        3        3      105
283        3        3      287
284       11        8        9
285       13        8       67
286        3        2       56
287        4        5      290
288       15        9       99
289        3        1       20
290        3        5      303
291       13        2      174
292       12        6       20
293        8        9      169
294        7        2      329
295        6        9      278
296       12        2       33
297        6        5      292
298       11        5      325
299        4        8      266
300        3        2       27
