1     67     95     141
2     35     78     210
3     84     77     284
4     6     49     443
5     88     31     20
6     92     48     13
7     72     49     441
8     10     84     120
9     42     72     623
10     77     94     161
11     24     59     622
12     9     52     48
13     65     47     248
14     18     58     327
15     74     84     42
16     10     23     280
17     21     69     563
18     44     91     58
19     79     24     528
20     12     95     90
21     32     69     280
22     96     45     256
23     65     35     362
24     18     3     118
25     2     37     636
26     94     28     2
27     71     68     610
28     39     67     61
29     74     56     111
30     16     96     336
31     57     55     34
32     23     72     149
33     61     96     629
34     76     1     100
35     34     55     292
36     50     52     523
37     29     40     73
38     33     34     345
39     55     22     107
40     42     66     390
41     76     67     34
42     45     86     426
43     83     74     81
44     89     35     573
45     1     75     50
46     96     9     260
47     86     19     140
48     78     36     322
49     61     89     88
50     54     10     421
