1     50     26     598
2     9     52     85
3     92     36     610
4     47     5     15
5     44     14     335
6     37     70     508
7     81     27     176
8     60     12     668
9     36     62     112
10     58     56     579
11     26     63     17
12     63     77     370
13     87     56     124
14     32     50     249
15     50     98     127
16     47     28     215
17     99     78     402
18     25     55     25
19     44     69     697
20     25     97     53
21     88     91     284
22     29     99     439
23     74     63     104
24     44     80     597
25     94     80     157
26     20     92     284
27     93     6     132
28     55     3     281
29     96     69     356
30     46     98     47
31     78     28     633
32     43     15     7
33     79     16     564
34     5     81     115
35     41     93     152
36     56     4     141
37     79     93     391
38     42     17     75
39     55     6     131
40     22     45     671
41     65     95     140
42     78     76     125
43     63     98     685
44     99     56     123
45     55     59     249
46     99     12     674
47     98     48     82
48     21     60     20
49     73     55     657
50     26     32     74
