1     65     6     235
2     45     63     123
3     89     60     138
4     7     41     50
5     18     32     0
6     21     86     614
7     68     12     59
8     87     91     363
9     73     73     122
10     31     50     609
11     46     31     9
12     36     57     484
13     35     51     134
14     81     44     57
15     55     45     138
16     71     38     587
17     23     15     133
18     50     52     114
19     73     94     18
20     10     70     461
21     55     44     153
22     82     41     421
23     73     16     84
24     6     9     35
25     74     86     401
26     39     64     127
27     47     31     45
28     70     57     181
29     31     76     578
30     91     87     63
31     22     75     301
32     69     71     38
33     77     21     290
34     36     8     211
35     22     54     491
36     20     77     138
37     63     79     172
38     49     58     147
39     48     75     53
40     4     78     137
41     64     58     35
42     65     19     76
43     57     10     301
44     95     9     550
45     12     92     12
46     41     79     201
47     24     17     444
48     37     5     125
49     86     76     540
50     56     24     30
