1     22     10     1155
2     80     9     2656
3     37     33     262
4     82     45     2010
5     82     25     528
6     81     30     2221
7     74     6     498
8     18     4     351
9     84     11     868
10     66     26     1018
11     26     8     96
12     47     49     741
13     29     17     2460
14     70     43     52
15     93     3     93
16     60     48     1405
17     90     5     452
18     90     29     2510
19     75     47     298
20     21     1     984
21     57     5     1087
22     43     43     665
23     72     48     140
24     74     31     1337
25     52     41     586
26     94     6     2088
27     95     23     518
28     17     48     520
29     16     36     843
30     43     45     1774
31     15     4     582
32     56     39     2129
33     90     2     299
34     47     43     221
35     58     24     1564
36     61     18     597
37     5     18     291
38     22     38     2462
39     63     4     72
40     33     43     1778
41     34     11     237
42     75     15     44
43     70     8     1055
44     39     33     1226
45     45     2     1259
46     77     27     1474
47     17     28     98
48     22     34     1857
49     31     4     186
50     29     13     817
51     31     3     449
52     51     9     2028
53     74     36     150
54     86     11     541
55     83     19     953
56     53     6     67
57     27     19     61
58     15     37     586
59     29     26     1371
60     62     46     311
61     93     24     961
62     24     44     2150
63     40     33     203
64     22     5     769
65     96     22     2251
66     95     27     655
67     19     21     2399
68     92     26     443
69     21     41     2111
70     54     36     592
71     71     49     98
72     13     3     2536
73     86     45     196
74     53     18     308
75     37     41     1493
76     94     19     583
77     54     17     896
78     24     35     1836
79     65     45     138
80     67     42     2295
81     71     34     155
82     7     20     419
83     23     30     655
84     34     14     591
85     79     2     1228
86     69     22     2636
87     92     18     1
88     73     25     2371
89     86     4     436
90     74     42     1467
91     97     19     646
92     18     46     1520
93     35     17     316
94     77     41     2389
95     67     37     128
96     42     43     714
97     97     10     1535
98     8     25     157
99     88     42     677
100     74     10     775
101     21     45     882
102     97     11     1691
103     51     39     504
104     87     9     970
105     42     19     2021
106     90     16     620
107     56     43     2077
108     79     10     516
109     42     16     621
110     7     15     2412
111     91     1     117
112     3     45     1456
113     77     6     48
114     18     39     2202
115     58     34     317
116     72     12     2440
117     31     6     524
118     57     7     299
119     89     33     1641
120     96     8     140
121     11     18     614
122     26     49     1267
123     64     49     255
124     22     37     573
125     93     8     2595
126     74     3     376
127     23     9     2441
128     13     31     516
129     59     28     1731
130     6     36     405
131     47     29     1960
132     1     42     464
133     14     46     1801
134     52     47     410
135     15     6     1401
136     56     39     201
137     80     13     2619
138     48     21     429
139     21     39     1693
140     91     33     150
141     69     14     1382
142     48     43     318
143     47     14     1774
144     77     16     523
145     82     23     2337
146     15     39     133
147     25     47     1639
148     71     13     300
149     42     25     2668
150     43     29     170
151     62     26     2507
152     98     42     64
153     57     25     31
154     89     49     200
155     13     19     885
156     52     35     425
157     22     24     2285
158     46     11     303
159     99     41     1572
160     23     22     419
161     36     42     261
162     88     3     1141
163     15     44     2606
164     25     26     662
165     70     19     2586
166     12     16     145
167     24     13     1915
168     33     28     293
169     97     32     1648
170     61     29     108
171     64     5     467
172     84     1     841
173     89     25     608
174     54     14     247
175     82     18     2379
176     56     25     605
177     55     6     1890
178     59     46     382
179     14     29     1731
180     76     6     473
181     72     31     704
182     3     13     55
183     78     30     2361
184     14     12     27
185     59     15     2031
186     41     37     147
187     20     45     1888
188     61     1     224
189     75     39     1662
190     37     16     137
191     68     31     894
192     26     6     356
193     51     1     1570
194     97     9     278
195     60     32     963
196     12     10     617
197     96     33     2298
198     69     9     465
199     34     5     2200
200     35     43     429
