1     44     6     1288
2     21     20     441
3     11     1     819
4     10     19     534
5     68     15     1067
6     87     25     1979
7     38     5     570
8     1     13     1605
9     50     29     131
10     85     8     340
11     39     26     1056
12     55     40     2257
13     89     6     392
14     73     38     1938
15     48     12     144
16     78     26     394
17     54     13     1274
18     33     34     458
19     16     47     1799
20     45     44     458
21     97     5     1315
22     63     25     567
23     75     49     1812
24     53     33     96
25     20     9     2386
26     15     26     136
27     11     36     1959
28     68     32     417
29     65     25     2088
30     85     26     1
31     63     10     2173
32     51     26     307
33     31     10     1788
34     52     27     122
35     44     37     1597
36     2     15     169
37     36     10     116
38     31     35     773
39     13     7     813
40     2     10     760
41     40     11     2183
42     62     40     580
43     24     9     784
44     50     47     2343
45     66     29     513
46     77     28     22
47     78     14     898
48     8     8     596
49     57     29     560
50     55     8     2102
51     1     18     518
52     26     40     473
53     12     43     1137
54     79     30     2384
55     17     26     298
56     31     15     393
57     18     49     1612
58     58     32     80
59     8     14     1719
60     62     33     408
61     33     20     2363
62     18     47     271
63     55     9     1704
64     56     37     288
65     12     30     1128
66     31     39     1484
67     56     42     550
68     66     40     1570
69     63     19     510
70     46     16     1745
71     97     28     589
72     23     39     1735
73     99     16     101
74     56     17     1643
75     44     18     507
76     86     1     1691
77     24     44     469
78     25     21     1958
79     44     28     191
80     5     19     1041
81     17     21     748
82     75     14     2084
83     93     25     400
84     24     42     577
85     84     31     478
86     77     25     864
87     13     40     1332
88     79     14     235
89     84     25     2231
90     68     38     147
91     19     18     811
92     96     39     718
93     90     4     838
94     48     15     1867
95     42     17     207
96     86     28     809
97     15     20     1897
98     2     7     33
99     50     36     206
100     46     13     1568
101     11     5     504
102     52     6     2356
103     95     19     447
104     3     7     1643
105     47     27     254
106     89     36     1662
107     55     7     178
108     44     12     434
109     60     4     1109
110     69     44     334
111     34     10     1515
112     72     38     307
113     78     18     385
114     71     48     2321
115     69     31     464
116     79     44     1820
117     36     35     591
118     67     39     2207
119     45     43     334
120     36     4     1608
121     73     32     383
122     38     12     2000
123     93     34     158
124     92     4     2117
125     1     1     18
126     48     14     429
127     26     48     1976
128     2     29     474
129     14     40     2360
130     87     27     39
131     30     4     2211
132     99     48     156
133     61     2     166
134     61     43     1664
135     16     15     181
136     29     23     1192
137     25     4     1995
138     80     38     189
139     25     40     1650
140     42     9     495
141     48     26     411
142     73     36     209
143     84     1     864
144     60     23     1912
145     4     38     534
146     96     24     594
147     15     15     2161
148     20     6     379
149     64     48     459
150     49     22     1871
151     21     3     540
152     32     15     900
153     14     37     1927
154     75     45     435
155     37     25     503
156     36     3     1737
157     93     32     2
158     2     24     1830
159     15     49     258
160     84     36     80
161     36     31     2377
162     47     14     89
163     54     31     1161
164     86     26     2169
165     73     48     187
166     21     31     2273
167     96     37     206
168     74     3     528
169     33     18     2246
170     13     38     112
171     9     47     2177
172     87     35     359
173     57     28     241
174     9     20     1127
175     7     26     1378
176     17     36     409
177     74     22     391
178     81     21     2186
179     40     47     85
180     13     45     34
181     25     21     742
182     13     19     1506
183     88     22     75
184     47     49     331
185     76     12     2254
186     24     12     581
187     30     36     1514
188     73     27     205
189     89     20     424
190     76     7     92
191     74     11     698
192     3     28     660
193     60     47     598
194     2     39     1581
195     5     37     17
196     31     48     320
197     38     8     1447
198     80     3     327
199     76     37     163
200     46     42     1844
