30.300     3797     3797
9.266     3797     3797
9.266     3797     3797
30.300     3797     3797
9.266     3797     3797
9.266     3797     3797
30.300     3797     3797
9.266     3797     3797
9.266     3797     3797
9.266     3797     3797
             
16.562     4045     4045
30.024     4045     4045
30.024     4045     4045
16.562     4045     4045
30.024     4045     4045
30.024     4045     4045
16.562     4045     4045
30.024     4045     4045
30.024     4045     4045
30.024     4045     4045
             
30.014     3883     3836
30.031     3871     3836
30.031     3861     3836
30.014     3883     3836
30.031     3883     3836
30.031     3883     3836
30.014     3883     3836
30.031     3861     3836
30.031     3871     3836
30.031     3883     3836
             
30.011     3890     3867
30.002     3878     3867
30.002     3882     3867
30.011     3890     3867
30.011     3890     3867
30.011     3890     3867
30.011     3890     3867
30.002     3882     3867
30.002     3878     3867
30.011     3890     3867
             
11.738     3947     3947
12.412     3947     3947
12.412     3947     3947
11.738     3947     3947
12.412     3947     3947
12.412     3947     3947
11.738     3947     3947
12.412     3947     3947
12.412     3947     3947
12.412     3947     3947
             
12.126     4060     4060
30.049     4060     4060
30.049     4060     4060
12.126     4060     4060
30.049     4060     4060
30.049     4060     4060
12.126     4060     4060
30.049     4060     4060
30.049     4060     4060
30.049     4060     4060
             
7.231     3849     3849
15.994     3849     3849
15.994     3849     3849
7.231     3849     3849
7.231     3849     3849
7.231     3849     3849
7.231     3849     3849
15.994     3849     3849
15.994     3849     3849
7.231     3849     3849
             
30.012     3910     3734
30.007     3903     3734
30.007     3903     3734
30.012     3910     3734
30.012     3910     3734
30.012     3910     3734
30.012     3910     3734
30.007     3903     3734
30.007     3903     3734
30.012     3910     3734
             
30.004     4090     4090
30.000     4090     4090
30.000     4090     4090
30.004     4090     4090
30.004     4090     4090
30.004     4090     4090
30.004     4090     4090
30.000     4090     4090
30.000     4090     4090
30.004     4090     4090
             
30.026     3760     3704
30.036     3745     3704
30.036     3760     3704
30.026     3734     3704
30.036     3745     3704
30.036     3745     3704
30.026     3734     3704
30.036     3760     3704
30.036     3745     3704
30.036     3760     3704
             
