0.02     3797     3797
0.02     3797     3797
0.02     3797     3797
0.02     3797     3797
0.02     3797     3797
0.02     3797     3797
0.02     3797     3797
0.02     3797     3797
0.02     3797     3797
0.02     3797     3797
             
0.019     4045     4045
0.019     4045     4045
0.019     4045     4045
0.019     4045     4045
0.019     4045     4045
0.019     4045     4045
0.019     4045     4045
0.019     4045     4045
0.019     4045     4045
0.019     4045     4045
             
30.001     3906     3836
30.005     3912     3836
30.005     3912     3836
30.001     3906     3836
30.005     3912     3836
30.005     3912     3836
30.001     3906     3836
30.005     3912     3836
30.005     3912     3836
30.005     3912     3836
             
30.007     3912     3867
30.005     3897     3867
30.005     3897     3867
30.007     3912     3867
30.007     3912     3867
30.007     3912     3867
30.007     3912     3867
30.005     3897     3867
30.005     3897     3867
30.007     3912     3867
             
0.092     3947     3947
0.102     3947     3947
0.102     3947     3947
0.092     3947     3947
0.102     3947     3947
0.102     3947     3947
0.092     3947     3947
0.102     3947     3947
0.102     3947     3947
0.102     3947     3947
             
0.022     4060     4060
0.022     4060     4060
0.022     4060     4060
0.022     4060     4060
0.022     4060     4060
0.022     4060     4060
0.022     4060     4060
0.022     4060     4060
0.022     4060     4060
0.022     4060     4060
             
1.258     3849     3849
30.005     3853     3849
30.005     3853     3849
1.258     3849     3849
30.005     3853     3849
30.005     3853     3849
1.258     3849     3849
30.005     3853     3849
30.005     3853     3849
30.005     3853     3849
             
30.005     3931     3734
30.003     3919     3734
30.003     3919     3734
30.005     3931     3734
30.005     3931     3734
30.005     3931     3734
30.005     3931     3734
30.003     3919     3734
30.003     3919     3734
30.005     3931     3734
             
0.333     4090     4090
0.629     4090     4090
0.629     4090     4090
0.333     4090     4090
0.629     4090     4090
0.629     4090     4090
0.333     4090     4090
0.629     4090     4090
0.629     4090     4090
0.629     4090     4090
             
30.001     3779     3704
30.005     3794     3704
30.005     3794     3704
30.001     3779     3704
30.005     3794     3704
30.005     3794     3704
30.001     3779     3704
30.005     3794     3704
30.005     3794     3704
30.005     3794     3704
             
